b 628 223 1 1 1 0 0 0
f 0 0.01 0 108 242 56 106 228 213 72 103 199 184 88 100 170 155 98 114 140 1 
f 1 0.01 2 54 240 226 70 211 197 86 182 168 153 138 3 
f 2 0.01 4 126 52 238 224 124 68 209 195 121 84 180 166 118 116 151 136 132 5 
f 3 0.01 6 50 222 236 66 193 207 82 164 178 134 149 7 
f 4 0.01 8 65 250 81 221 97 192 148 163 9 
f 5 0.01 10 110 59 245 231 254 75 216 202 253 91 187 173 252 251 158 143 99 11 
f 6 0.01 12 255 265 264 256 263 262 257 261 260 259 258 13 
f 7 0.01 14 128 266 279 280 272 267 277 278 271 268 275 276 270 269 273 274 117 15 
f 8 0.01 16 281 288 282 287 283 286 284 285 17 
f 9 0.01 18 223 51 237 194 67 208 165 83 179 135 150 19 
f 10 0.01 20 111 61 247 233 292 77 218 204 291 93 189 175 290 289 160 145 101 21 
f 11 0.01 22 293 302 303 294 300 301 295 298 299 296 297 23 
f 12 0.01 24 129 304 310 305 309 306 308 307 119 25 
f 13 0.01 26 320 311 321 318 312 319 316 313 317 314 315 27 
f 14 0.01 28 225 53 196 239 69 167 210 85 137 181 152 29 
f 15 0.01 30 113 63 235 249 325 79 206 220 324 95 177 191 323 322 147 162 102 31 
f 16 0.01 32 326 333 327 332 328 331 329 330 33 
f 17 0.01 34 131 347 334 340 348 345 335 339 346 343 336 338 344 341 337 120 342 35 
f 18 0.01 36 358 349 356 359 350 354 357 351 352 355 353 37 
f 19 0.01 38 227 55 198 241 71 169 212 87 139 183 154 39 
f 20 0.01 40 115 64 112 80 109 96 107 105 104 41 
f 21 0.01 42 234 62 248 205 78 219 176 94 190 146 161 43 
f 22 0.01 44 133 232 60 130 203 246 76 127 174 217 92 125 144 188 123 122 159 45 
f 23 0.01 46 230 58 201 244 74 172 215 90 142 186 157 47 
f 24 0.01 48 229 57 200 73 243 171 89 214 141 185 49 
f 25 0.01 50 360 51 
f 26 0.01 52 362 281 361 53 
f 27 0.01 54 365 266 364 311 363 55 
f 28 0.01 56 370 369 255 368 304 367 349 366 57 
f 29 0.01 58 371 334 372 293 373 59 
f 30 0.01 60 374 326 375 61 
f 31 0.01 62 376 63 
f 32 0.01 58 366 55 
f 33 0.01 60 371 349 363 53 
f 34 0.01 62 374 334 367 311 361 51 
f 35 0.01 64 376 326 372 304 364 281 360 65 
f 36 0.01 63 375 293 368 266 362 50 
f 37 0.01 61 373 255 365 52 
f 38 0.01 59 369 54 
f 39 0.01 66 377 67 
f 40 0.01 68 379 282 378 69 
f 41 0.01 70 382 267 381 312 380 71 
f 42 0.01 72 387 386 256 385 305 384 350 383 388 73 
f 43 0.01 74 389 335 390 294 391 75 
f 44 0.01 76 392 327 393 77 
f 45 0.01 78 394 79 
f 46 0.01 74 383 71 
f 47 0.01 76 389 350 380 69 
f 48 0.01 78 392 335 384 312 378 67 
f 49 0.01 80 394 327 390 305 381 282 377 81 
f 50 0.01 79 393 294 385 267 379 66 
f 51 0.01 77 391 256 382 68 
f 52 0.01 75 386 70 
f 53 0.01 82 395 83 
f 54 0.01 84 397 283 396 85 
f 55 0.01 86 400 268 399 313 398 87 
f 56 0.01 88 405 404 257 403 306 402 351 401 406 89 
f 57 0.01 90 407 336 408 295 409 91 
f 58 0.01 92 410 328 411 93 
f 59 0.01 94 412 95 
f 60 0.01 90 401 87 
f 61 0.01 92 407 351 398 85 
f 62 0.01 94 410 336 402 313 396 83 
f 63 0.01 96 412 328 408 306 399 283 395 97 
f 64 0.01 95 411 295 403 268 397 82 
f 65 0.01 93 409 257 400 84 
f 66 0.01 91 404 86 
f 67 0.01 98 413 99 
f 68 0.01 100 415 251 414 101 
f 69 0.01 88 418 252 417 289 416 102 
f 70 0.01 103 422 91 421 290 420 322 419 104 
f 71 0.01 72 426 253 425 93 424 323 423 105 
f 72 0.01 106 430 75 429 291 428 95 427 107 
f 73 0.01 56 434 254 433 77 432 324 431 96 
f 74 0.01 108 438 59 437 292 436 79 435 109 
f 75 0.01 110 441 61 440 325 439 80 
f 76 0.01 111 443 63 442 112 
f 77 0.01 113 444 64 
f 78 0.01 105 419 102 
f 79 0.01 107 423 322 416 101 
f 80 0.01 96 427 323 420 289 414 99 
f 81 0.01 109 431 95 424 290 417 251 413 114 
f 82 0.01 80 435 324 428 93 421 252 415 98 
f 83 0.01 112 439 79 432 291 425 91 418 100 
f 84 0.01 64 442 325 436 77 429 253 422 88 
f 85 0.01 115 444 63 440 292 433 75 426 103 
f 86 0.01 72 430 254 437 61 443 113 
f 87 0.01 106 434 59 441 111 
f 88 0.01 56 438 110 
f 89 0.01 116 445 117 
f 90 0.01 118 447 269 446 119 
f 91 0.01 84 450 270 449 307 448 120 
f 92 0.01 121 454 268 453 308 452 337 451 122 
f 93 0.01 68 458 271 457 306 456 338 455 123 
f 94 0.01 124 462 267 461 309 460 336 459 125 
f 95 0.01 52 466 272 465 305 464 339 463 92 
f 96 0.01 126 470 266 469 310 468 335 467 127 
f 97 0.01 128 473 304 472 340 471 76 
f 98 0.01 129 475 334 474 130 
f 99 0.01 131 476 60 
f 100 0.01 123 451 120 
f 101 0.01 125 455 337 448 119 
f 102 0.01 92 459 338 452 307 446 117 
f 103 0.01 127 463 336 456 308 449 269 445 132 
f 104 0.01 76 467 339 460 306 453 270 447 116 
f 105 0.01 130 471 335 464 309 457 268 450 118 
f 106 0.01 60 474 340 468 305 461 271 454 84 
f 107 0.01 133 476 334 472 310 465 267 458 121 
f 108 0.01 68 462 272 469 304 475 131 
f 109 0.01 124 466 266 473 129 
f 110 0.01 52 470 128 
f 111 0.01 134 477 135 
f 112 0.01 136 480 479 284 478 481 137 
f 113 0.01 138 484 485 273 483 314 486 482 139 
f 114 0.01 140 490 258 491 489 307 488 492 352 487 141 
f 115 0.01 142 493 497 341 494 296 496 495 143 
f 116 0.01 144 501 498 329 499 500 145 
f 117 0.01 146 502 147 
f 118 0.01 142 487 139 
f 119 0.01 144 493 352 482 137 
f 120 0.01 146 498 341 488 314 478 135 
f 121 0.01 105 502 329 494 307 483 284 477 148 
f 122 0.01 147 499 296 489 273 479 134 
f 123 0.01 145 495 258 484 136 
f 124 0.01 143 490 138 
f 125 0.01 149 503 150 
f 126 0.01 151 480 505 285 504 152 
f 127 0.01 153 508 485 274 507 315 506 154 
f 128 0.01 155 512 259 491 511 119 510 353 509 156 
f 129 0.01 157 513 342 514 297 496 515 158 
f 130 0.01 159 516 330 517 500 160 
f 131 0.01 161 518 162 
f 132 0.01 157 509 154 
f 133 0.01 159 513 353 506 152 
f 134 0.01 161 516 342 510 315 504 150 
f 135 0.01 104 518 330 514 119 507 285 503 163 
f 136 0.01 162 517 297 511 274 505 149 
f 137 0.01 160 515 259 508 151 
f 138 0.01 158 512 153 
f 139 0.01 164 395 165 
f 140 0.01 166 521 520 283 519 522 167 
f 141 0.01 168 524 525 275 399 316 526 523 169 
f 142 0.01 170 530 260 531 529 306 528 532 354 527 171 
f 143 0.01 172 533 536 343 408 298 535 534 173 
f 144 0.01 174 540 537 328 538 539 175 
f 145 0.01 176 412 177 
f 146 0.01 172 527 169 
f 147 0.01 174 533 354 523 167 
f 148 0.01 176 537 343 528 316 519 165 
f 149 0.01 96 412 328 408 306 399 283 395 97 
f 150 0.01 177 538 298 529 275 520 164 
f 151 0.01 175 534 260 524 166 
f 152 0.01 173 530 168 
f 153 0.01 178 541 179 
f 154 0.01 180 521 543 286 542 481 181 
f 155 0.01 182 546 525 276 545 317 486 544 183 
f 156 0.01 184 405 550 261 531 549 308 548 492 355 547 185 
f 157 0.01 186 551 497 344 552 299 535 553 187 
f 158 0.01 188 501 554 331 555 539 189 
f 159 0.01 190 556 191 
f 160 0.01 186 547 183 
f 161 0.01 188 551 355 544 181 
f 162 0.01 190 554 344 548 317 542 179 
f 163 0.01 107 556 331 552 308 545 286 541 192 
f 164 0.01 191 555 299 549 276 543 178 
f 165 0.01 189 553 261 546 180 
f 166 0.01 187 550 182 
f 167 0.01 193 377 194 
f 168 0.01 195 559 558 282 557 560 196 
f 169 0.01 197 562 563 277 381 318 564 561 198 
f 170 0.01 199 568 262 569 567 305 566 570 356 565 200 
f 171 0.01 201 571 574 345 390 300 573 572 202 
f 172 0.01 203 578 575 327 576 577 204 
f 173 0.01 205 394 206 
f 174 0.01 201 565 198 
f 175 0.01 203 571 356 561 196 
f 176 0.01 205 575 345 566 318 557 194 
f 177 0.01 80 394 327 390 305 381 282 377 81 
f 178 0.01 206 576 300 567 277 558 193 
f 179 0.01 204 572 262 562 195 
f 180 0.01 202 568 197 
f 181 0.01 207 579 208 
f 182 0.01 209 559 581 287 580 522 210 
f 183 0.01 211 584 563 278 583 319 526 582 212 
f 184 0.01 213 387 588 263 569 587 309 586 532 357 585 406 214 
f 185 0.01 215 589 536 346 590 301 573 591 216 
f 186 0.01 217 540 592 332 593 577 218 
f 187 0.01 219 594 220 
f 188 0.01 215 585 212 
f 189 0.01 217 589 357 582 210 
f 190 0.01 219 592 346 586 319 580 208 
f 191 0.01 109 594 332 590 309 583 287 579 221 
f 192 0.01 220 593 301 587 278 581 207 
f 193 0.01 218 591 263 584 209 
f 194 0.01 216 588 211 
f 195 0.01 222 360 223 
f 196 0.01 224 597 596 281 595 225 
f 197 0.01 226 599 600 279 364 320 598 227 
f 198 0.01 228 604 264 605 603 304 602 358 601 229 
f 199 0.01 230 606 347 372 302 608 607 231 
f 200 0.01 232 609 326 610 611 233 
f 201 0.01 234 376 235 
f 202 0.01 230 601 227 
f 203 0.01 232 606 358 598 225 
f 204 0.01 234 609 347 602 320 595 223 
f 205 0.01 64 376 326 372 304 364 281 360 65 
f 206 0.01 235 610 302 603 279 596 222 
f 207 0.01 233 607 264 599 224 
f 208 0.01 231 604 226 
f 209 0.01 236 612 237 
f 210 0.01 238 597 614 288 613 560 239 
f 211 0.01 240 617 600 280 616 321 564 615 241 
f 212 0.01 242 370 621 265 605 620 310 619 570 359 618 388 243 
f 213 0.01 244 622 574 348 623 303 608 624 245 
f 214 0.01 246 578 625 333 626 611 247 
f 215 0.01 248 627 249 
f 216 0.01 244 618 241 
f 217 0.01 246 622 359 615 239 
f 218 0.01 248 625 348 619 321 613 237 
f 219 0.01 112 627 333 623 310 616 288 612 250 
f 220 0.01 249 626 303 620 280 614 236 
f 221 0.01 247 624 265 617 238 
f 222 0.01 245 621 240 
n 0 2 0.3 1 0.3
n 1 2 0.3 0 0.3
n 2 2 0.3 1 0.4
n 3 2 0.3 0 0.4
n 4 2 0.3 1 0.5
n 5 2 0.3 0 0.5
n 6 2 0.3 1 0.6
n 7 2 0.3 0 0.6
n 8 2 0.3 1 0.7
n 9 2 0.3 0 0.7
n 10 2 0.4 1 0.3
n 11 2 0.4 0 0.3
n 12 2 0.4 1 0.4
n 13 2 0.4 0 0.4
n 14 2 0.4 1 0.5
n 15 2 0.4 0 0.5
n 16 2 0.4 1 0.6
n 17 2 0.4 0 0.6
n 18 2 0.4 1 0.7
n 19 2 0.4 0 0.7
n 20 2 0.5 1 0.3
n 21 2 0.5 0 0.3
n 22 2 0.5 1 0.4
n 23 2 0.5 0 0.4
n 24 2 0.5 1 0.5
n 25 2 0.5 0 0.5
n 26 2 0.5 1 0.6
n 27 2 0.5 0 0.6
n 28 2 0.5 1 0.7
n 29 2 0.5 0 0.7
n 30 2 0.6 1 0.3
n 31 2 0.6 0 0.3
n 32 2 0.6 1 0.4
n 33 2 0.6 0 0.4
n 34 2 0.6 1 0.5
n 35 2 0.6 0 0.5
n 36 2 0.6 1 0.6
n 37 2 0.6 0 0.6
n 38 2 0.6 1 0.7
n 39 2 0.6 0 0.7
n 40 2 0.7 1 0.3
n 41 2 0.7 0 0.3
n 42 2 0.7 1 0.4
n 43 2 0.7 0 0.4
n 44 2 0.7 1 0.5
n 45 2 0.7 0 0.5
n 46 2 0.7 1 0.6
n 47 2 0.7 0 0.6
n 48 2 0.7 1 0.7
n 49 2 0.7 0 0.7
n 50 0 0.3 0.8 0.6
n 51 0 0.4 0.8 0.7
n 52 0 0.3 0.8 0.5
n 53 0 0.5 0.8 0.7
n 54 0 0.3 0.8 0.4
n 55 0 0.6 0.8 0.7
n 56 0 0.3 0.8 0.3
n 57 0 0.7 0.8 0.7
n 58 0 0.7 0.8 0.6
n 59 0 0.4 0.8 0.3
n 60 0 0.7 0.8 0.5
n 61 0 0.5 0.8 0.3
n 62 0 0.7 0.8 0.4
n 63 0 0.6 0.8 0.3
n 64 0 0.7 0.8 0.3
n 65 0 0.3 0.8 0.7
n 66 0 0.3 0.6 0.6
n 67 0 0.4 0.6 0.7
n 68 0 0.3 0.6 0.5
n 69 0 0.5 0.6 0.7
n 70 0 0.3 0.6 0.4
n 71 0 0.6 0.6 0.7
n 72 0 0.3 0.6 0.3
n 73 0 0.7 0.6 0.7
n 74 0 0.7 0.6 0.6
n 75 0 0.4 0.6 0.3
n 76 0 0.7 0.6 0.5
n 77 0 0.5 0.6 0.3
n 78 0 0.7 0.6 0.4
n 79 0 0.6 0.6 0.3
n 80 0 0.7 0.6 0.3
n 81 0 0.3 0.6 0.7
n 82 0 0.3 0.4 0.6
n 83 0 0.4 0.4 0.7
n 84 0 0.3 0.4 0.5
n 85 0 0.5 0.4 0.7
n 86 0 0.3 0.4 0.4
n 87 0 0.6 0.4 0.7
n 88 0 0.3 0.4 0.3
n 89 0 0.7 0.4 0.7
n 90 0 0.7 0.4 0.6
n 91 0 0.4 0.4 0.3
n 92 0 0.7 0.4 0.5
n 93 0 0.5 0.4 0.3
n 94 0 0.7 0.4 0.4
n 95 0 0.6 0.4 0.3
n 96 0 0.7 0.4 0.3
n 97 0 0.3 0.4 0.7
n 98 0 0.3 0.2 0.3
n 99 0 0.4 0.1 0.3
n 100 0 0.3 0.3 0.3
n 101 0 0.5 0.1 0.3
n 102 0 0.6 0.1 0.3
n 103 0 0.3 0.5 0.3
n 104 0 0.7 0.1 0.3
n 105 0 0.7 0.2 0.3
n 106 0 0.3 0.7 0.3
n 107 0 0.7 0.3 0.3
n 108 0 0.3 0.9 0.3
n 109 0 0.7 0.5 0.3
n 110 0 0.4 0.9 0.3
n 111 0 0.5 0.9 0.3
n 112 0 0.7 0.7 0.3
n 113 0 0.6 0.9 0.3
n 114 0 0.3 0.1 0.3
n 115 0 0.7 0.9 0.3
n 116 0 0.3 0.2 0.5
n 117 0 0.4 0.1 0.5
n 118 0 0.3 0.3 0.5
n 119 0 0.5 0.1 0.5
n 120 0 0.6 0.1 0.5
n 121 0 0.3 0.5 0.5
n 122 0 0.7 0.1 0.5
n 123 0 0.7 0.2 0.5
n 124 0 0.3 0.7 0.5
n 125 0 0.7 0.3 0.5
n 126 0 0.3 0.9 0.5
n 127 0 0.7 0.5 0.5
n 128 0 0.4 0.9 0.5
n 129 0 0.5 0.9 0.5
n 130 0 0.7 0.7 0.5
n 131 0 0.6 0.9 0.5
n 132 0 0.3 0.1 0.5
n 133 0 0.7 0.9 0.5
n 134 0 0.3 0.17 0.6
n 135 0 0.4 0.23 0.7
n 136 0 0.3 0.14 0.5
n 137 0 0.5 0.26 0.7
n 138 0 0.3 0.11 0.4
n 139 0 0.6 0.29 0.7
n 140 0 0.3 0.08 0.3
n 141 0 0.7 0.32 0.7
n 142 0 0.7 0.29 0.6
n 143 0 0.4 0.11 0.3
n 144 0 0.7 0.26 0.5
n 145 0 0.5 0.14 0.3
n 146 0 0.7 0.23 0.4
n 147 0 0.6 0.17 0.3
n 148 0 0.3 0.2 0.7
n 149 0 0.3 0.13 0.6
n 150 0 0.4 0.07 0.7
n 151 0 0.3 0.16 0.5
n 152 0 0.5 0.04 0.7
n 153 0 0.3 0.19 0.4
n 154 0 0.6 0.01 0.7
n 155 0 0.3 0.22 0.3
n 156 2 0.666667 0 0.666667
n 157 0 0.7 0.01 0.6
n 158 0 0.4 0.19 0.3
n 159 0 0.7 0.04 0.5
n 160 0 0.5 0.16 0.3
n 161 0 0.7 0.07 0.4
n 162 0 0.6 0.13 0.3
n 163 0 0.3 0.1 0.7
n 164 0 0.3 0.37 0.6
n 165 0 0.4 0.43 0.7
n 166 0 0.3 0.34 0.5
n 167 0 0.5 0.46 0.7
n 168 0 0.3 0.31 0.4
n 169 0 0.6 0.49 0.7
n 170 0 0.3 0.28 0.3
n 171 0 0.7 0.52 0.7
n 172 0 0.7 0.49 0.6
n 173 0 0.4 0.31 0.3
n 174 0 0.7 0.46 0.5
n 175 0 0.5 0.34 0.3
n 176 0 0.7 0.43 0.4
n 177 0 0.6 0.37 0.3
n 178 0 0.3 0.33 0.6
n 179 0 0.4 0.27 0.7
n 180 0 0.3 0.36 0.5
n 181 0 0.5 0.24 0.7
n 182 0 0.3 0.39 0.4
n 183 0 0.6 0.21 0.7
n 184 0 0.3 0.42 0.3
n 185 0 0.7 0.18 0.7
n 186 0 0.7 0.21 0.6
n 187 0 0.4 0.39 0.3
n 188 0 0.7 0.24 0.5
n 189 0 0.5 0.36 0.3
n 190 0 0.7 0.27 0.4
n 191 0 0.6 0.33 0.3
n 192 0 0.3 0.3 0.7
n 193 0 0.3 0.57 0.6
n 194 0 0.4 0.63 0.7
n 195 0 0.3 0.54 0.5
n 196 0 0.5 0.66 0.7
n 197 0 0.3 0.51 0.4
n 198 0 0.6 0.69 0.7
n 199 0 0.3 0.48 0.3
n 200 0 0.7 0.72 0.7
n 201 0 0.7 0.69 0.6
n 202 0 0.4 0.51 0.3
n 203 0 0.7 0.66 0.5
n 204 0 0.5 0.54 0.3
n 205 0 0.7 0.63 0.4
n 206 0 0.6 0.57 0.3
n 207 0 0.3 0.53 0.6
n 208 0 0.4 0.47 0.7
n 209 0 0.3 0.56 0.5
n 210 0 0.5 0.44 0.7
n 211 0 0.3 0.59 0.4
n 212 0 0.6 0.41 0.7
n 213 0 0.3 0.62 0.3
n 214 0 0.7 0.38 0.7
n 215 0 0.7 0.41 0.6
n 216 0 0.4 0.59 0.3
n 217 0 0.7 0.44 0.5
n 218 0 0.5 0.56 0.3
n 219 0 0.7 0.47 0.4
n 220 0 0.6 0.53 0.3
n 221 0 0.3 0.5 0.7
n 222 0 0.3 0.77 0.6
n 223 0 0.4 0.83 0.7
n 224 0 0.3 0.74 0.5
n 225 0 0.5 0.86 0.7
n 226 0 0.3 0.71 0.4
n 227 0 0.6 0.89 0.7
n 228 0 0.3 0.68 0.3
n 229 0 0.7 0.92 0.7
n 230 0 0.7 0.89 0.6
n 231 0 0.4 0.71 0.3
n 232 0 0.7 0.86 0.5
n 233 0 0.5 0.74 0.3
n 234 0 0.7 0.83 0.4
n 235 0 0.6 0.77 0.3
n 236 0 0.3 0.73 0.6
n 237 0 0.4 0.67 0.7
n 238 0 0.3 0.76 0.5
n 239 0 0.5 0.64 0.7
n 240 0 0.3 0.79 0.4
n 241 0 0.6 0.61 0.7
n 242 0 0.3 0.82 0.3
n 243 0 0.7 0.58 0.7
n 244 0 0.7 0.61 0.6
n 245 0 0.4 0.79 0.3
n 246 0 0.7 0.64 0.5
n 247 0 0.5 0.76 0.3
n 248 0 0.7 0.67 0.4
n 249 0 0.6 0.73 0.3
n 250 0 0.3 0.7 0.7
n 251 0 0.4 0.2 0.3
n 252 0 0.4 0.3 0.3
n 253 0 0.4 0.5 0.3
n 254 0 0.4 0.7 0.3
n 255 0 0.4 0.8 0.4
n 256 0 0.4 0.6 0.4
n 257 0 0.4 0.4 0.4
n 258 0 0.4 0.14 0.4
n 259 0 0.4 0.16 0.4
n 260 0 0.4 0.34 0.4
n 261 0 0.4 0.36 0.4
n 262 0 0.4 0.54 0.4
n 263 0 0.4 0.56 0.4
n 264 0 0.4 0.74 0.4
n 265 0 0.4 0.76 0.4
n 266 0 0.4 0.8 0.5
n 267 0 0.4 0.6 0.5
n 268 0 0.4 0.4 0.5
n 269 0 0.4 0.2 0.5
n 270 0 0.4 0.3 0.5
n 271 0 0.4 0.5 0.5
n 272 0 0.4 0.7 0.5
n 273 0 0.4 0.17 0.5
n 274 0 0.4 0.13 0.5
n 275 0 0.4 0.37 0.5
n 276 0 0.4 0.33 0.5
n 277 0 0.4 0.57 0.5
n 278 0 0.4 0.53 0.5
n 279 0 0.4 0.77 0.5
n 280 0 0.4 0.73 0.5
n 281 0 0.4 0.8 0.6
n 282 0 0.4 0.6 0.6
n 283 0 0.4 0.4 0.6
n 284 0 0.4 0.2 0.6
n 285 0 0.4 0.1 0.6
n 286 0 0.4 0.3 0.6
n 287 0 0.4 0.5 0.6
n 288 0 0.4 0.7 0.6
n 289 0 0.5 0.2 0.3
n 290 0 0.5 0.3 0.3
n 291 0 0.5 0.5 0.3
n 292 0 0.5 0.7 0.3
n 293 0 0.5 0.8 0.4
n 294 0 0.5 0.6 0.4
n 295 0 0.5 0.4 0.4
n 296 0 0.5 0.17 0.4
n 297 0 0.5 0.13 0.4
n 298 0 0.5 0.37 0.4
n 299 0 0.5 0.33 0.4
n 300 0 0.5 0.57 0.4
n 301 0 0.5 0.53 0.4
n 302 0 0.5 0.77 0.4
n 303 0 0.5 0.73 0.4
n 304 0 0.5 0.8 0.5
n 305 0 0.5 0.6 0.5
n 306 0 0.5 0.4 0.5
n 307 0 0.5 0.2 0.5
n 308 0 0.5 0.3 0.5
n 309 0 0.5 0.5 0.5
n 310 0 0.5 0.7 0.5
n 311 0 0.5 0.8 0.6
n 312 0 0.5 0.6 0.6
n 313 0 0.5 0.4 0.6
n 314 0 0.5 0.23 0.6
n 315 0 0.5 0.07 0.6
n 316 0 0.5 0.43 0.6
n 317 0 0.5 0.27 0.6
n 318 0 0.5 0.63 0.6
n 319 0 0.5 0.47 0.6
n 320 0 0.5 0.83 0.6
n 321 0 0.5 0.67 0.6
n 322 0 0.6 0.2 0.3
n 323 0 0.6 0.3 0.3
n 324 0 0.6 0.5 0.3
n 325 0 0.6 0.7 0.3
n 326 0 0.6 0.8 0.4
n 327 0 0.6 0.6 0.4
n 328 0 0.6 0.4 0.4
n 329 0 0.6 0.2 0.4
n 330 0 0.6 0.1 0.4
n 331 0 0.6 0.3 0.4
n 332 0 0.6 0.5 0.4
n 333 0 0.6 0.7 0.4
n 334 0 0.6 0.8 0.5
n 335 0 0.6 0.6 0.5
n 336 0 0.6 0.4 0.5
n 337 0 0.6 0.2 0.5
n 338 0 0.6 0.3 0.5
n 339 0 0.6 0.5 0.5
n 340 0 0.6 0.7 0.5
n 341 0 0.6 0.23 0.5
n 342 0 0.6 0.07 0.5
n 343 0 0.6 0.43 0.5
n 344 0 0.6 0.27 0.5
n 345 0 0.6 0.63 0.5
n 346 0 0.6 0.47 0.5
n 347 0 0.6 0.83 0.5
n 348 0 0.6 0.67 0.5
n 349 0 0.6 0.8 0.6
n 350 0 0.6 0.6 0.6
n 351 0 0.6 0.4 0.6
n 352 0 0.6 0.26 0.6
n 353 0 0.6 0.04 0.6
n 354 0 0.6 0.46 0.6
n 355 0 0.6 0.24 0.6
n 356 0 0.6 0.66 0.6
n 357 0 0.6 0.44 0.6
n 358 0 0.6 0.86 0.6
n 359 0 0.6 0.64 0.6
n 360 0 0.35 0.8 0.65
n 361 0 0.45 0.8 0.65
n 362 0 0.35 0.8 0.55
n 363 0 0.55 0.8 0.65
n 364 0 0.45 0.8 0.55
n 365 0 0.35 0.8 0.45
n 366 0 0.65 0.8 0.65
n 367 0 0.55 0.8 0.55
n 368 0 0.45 0.8 0.45
n 369 0 0.35 0.8 0.35
n 370 0 0.333333 0.8 0.333333
n 371 0 0.65 0.8 0.55
n 372 0 0.55 0.8 0.45
n 373 0 0.45 0.8 0.35
n 374 0 0.65 0.8 0.45
n 375 0 0.55 0.8 0.35
n 376 0 0.65 0.8 0.35
n 377 0 0.35 0.6 0.65
n 378 0 0.45 0.6 0.65
n 379 0 0.35 0.6 0.55
n 380 0 0.55 0.6 0.65
n 381 0 0.45 0.6 0.55
n 382 0 0.35 0.6 0.45
n 383 0 0.65 0.6 0.65
n 384 0 0.55 0.6 0.55
n 385 0 0.45 0.6 0.45
n 386 0 0.35 0.6 0.35
n 387 0 0.333333 0.6 0.333333
n 388 0 0.666667 0.6 0.666667
n 389 0 0.65 0.6 0.55
n 390 0 0.55 0.6 0.45
n 391 0 0.45 0.6 0.35
n 392 0 0.65 0.6 0.45
n 393 0 0.55 0.6 0.35
n 394 0 0.65 0.6 0.35
n 395 0 0.35 0.4 0.65
n 396 0 0.45 0.4 0.65
n 397 0 0.35 0.4 0.55
n 398 0 0.55 0.4 0.65
n 399 0 0.45 0.4 0.55
n 400 0 0.35 0.4 0.45
n 401 0 0.65 0.4 0.65
n 402 0 0.55 0.4 0.55
n 403 0 0.45 0.4 0.45
n 404 0 0.35 0.4 0.35
n 405 0 0.333333 0.4 0.333333
n 406 0 0.666667 0.4 0.666667
n 407 0 0.65 0.4 0.55
n 408 0 0.55 0.4 0.45
n 409 0 0.45 0.4 0.35
n 410 0 0.65 0.4 0.45
n 411 0 0.55 0.4 0.35
n 412 0 0.65 0.4 0.35
n 413 0 0.35 0.15 0.3
n 414 0 0.45 0.15 0.3
n 415 0 0.35 0.25 0.3
n 416 0 0.55 0.15 0.3
n 417 0 0.45 0.25 0.3
n 418 0 0.35 0.35 0.3
n 419 0 0.65 0.15 0.3
n 420 0 0.55 0.25 0.3
n 421 0 0.45 0.35 0.3
n 422 0 0.35 0.45 0.3
n 423 0 0.65 0.25 0.3
n 424 0 0.55 0.35 0.3
n 425 0 0.45 0.45 0.3
n 426 0 0.35 0.55 0.3
n 427 0 0.65 0.35 0.3
n 428 0 0.55 0.45 0.3
n 429 0 0.45 0.55 0.3
n 430 0 0.35 0.65 0.3
n 431 0 0.65 0.45 0.3
n 432 0 0.55 0.55 0.3
n 433 0 0.45 0.65 0.3
n 434 0 0.35 0.75 0.3
n 435 0 0.65 0.55 0.3
n 436 0 0.55 0.65 0.3
n 437 0 0.45 0.75 0.3
n 438 0 0.35 0.85 0.3
n 439 0 0.65 0.65 0.3
n 440 0 0.55 0.75 0.3
n 441 0 0.45 0.85 0.3
n 442 0 0.65 0.75 0.3
n 443 0 0.55 0.85 0.3
n 444 0 0.65 0.85 0.3
n 445 0 0.35 0.15 0.5
n 446 0 0.45 0.15 0.5
n 447 0 0.35 0.25 0.5
n 448 0 0.55 0.15 0.5
n 449 0 0.45 0.25 0.5
n 450 0 0.35 0.35 0.5
n 451 0 0.65 0.15 0.5
n 452 0 0.55 0.25 0.5
n 453 0 0.45 0.35 0.5
n 454 0 0.35 0.45 0.5
n 455 0 0.65 0.25 0.5
n 456 0 0.55 0.35 0.5
n 457 0 0.45 0.45 0.5
n 458 0 0.35 0.55 0.5
n 459 0 0.65 0.35 0.5
n 460 0 0.55 0.45 0.5
n 461 0 0.45 0.55 0.5
n 462 0 0.35 0.65 0.5
n 463 0 0.65 0.45 0.5
n 464 0 0.55 0.55 0.5
n 465 0 0.45 0.65 0.5
n 466 0 0.35 0.75 0.5
n 467 0 0.65 0.55 0.5
n 468 0 0.55 0.65 0.5
n 469 0 0.45 0.75 0.5
n 470 0 0.35 0.85 0.5
n 471 0 0.65 0.65 0.5
n 472 0 0.55 0.75 0.5
n 473 0 0.45 0.85 0.5
n 474 0 0.65 0.75 0.5
n 475 0 0.55 0.85 0.5
n 476 0 0.65 0.85 0.5
n 477 0 0.35 0.2 0.65
n 478 0 0.45 0.23 0.65
n 479 0 0.35 0.17 0.55
n 480 0 0.316667 0.15 0.516667
n 481 0 0.483333 0.25 0.683333
n 482 0 0.55 0.26 0.65
n 483 0 0.45 0.2 0.55
n 484 0 0.35 0.14 0.45
n 485 0 0.366667 0.15 0.466667
n 486 0 0.533333 0.25 0.633333
n 487 0 0.65 0.29 0.65
n 488 0 0.55 0.23 0.55
n 489 0 0.45 0.17 0.45
n 490 0 0.35 0.11 0.35
n 491 0 0.416667 0.15 0.416667
n 492 0 0.583333 0.25 0.583333
n 493 0 0.65 0.26 0.55
n 494 0 0.55 0.2 0.45
n 495 0 0.45 0.14 0.35
n 496 0 0.466667 0.15 0.366667
n 497 0 0.633333 0.25 0.533333
n 498 0 0.65 0.23 0.45
n 499 0 0.55 0.17 0.35
n 500 0 0.516667 0.15 0.316667
n 501 0 0.683333 0.25 0.483333
n 502 0 0.65 0.2 0.35
n 503 0 0.35 0.1 0.65
n 504 0 0.45 0.07 0.65
n 505 0 0.35 0.13 0.55
n 506 0 0.55 0.04 0.65
n 507 0 0.45 0.1 0.55
n 508 0 0.35 0.16 0.45
n 509 0 0.65 0.01 0.65
n 510 0 0.55 0.07 0.55
n 511 0 0.45 0.13 0.45
n 512 0 0.35 0.19 0.35
n 513 0 0.65 0.04 0.55
n 514 0 0.55 0.1 0.45
n 515 0 0.45 0.16 0.35
n 516 0 0.65 0.07 0.45
n 517 0 0.55 0.13 0.35
n 518 0 0.65 0.1 0.35
n 519 0 0.45 0.43 0.65
n 520 0 0.35 0.37 0.55
n 521 0 0.316667 0.35 0.516667
n 522 0 0.483333 0.45 0.683333
n 523 0 0.55 0.46 0.65
n 524 0 0.35 0.34 0.45
n 525 0 0.366667 0.35 0.466667
n 526 0 0.533333 0.45 0.633333
n 527 0 0.65 0.49 0.65
n 528 0 0.55 0.43 0.55
n 529 0 0.45 0.37 0.45
n 530 0 0.35 0.31 0.35
n 531 0 0.416667 0.35 0.416667
n 532 0 0.583333 0.45 0.583333
n 533 0 0.65 0.46 0.55
n 534 0 0.45 0.34 0.35
n 535 0 0.466667 0.35 0.366667
n 536 0 0.633333 0.45 0.533333
n 537 0 0.65 0.43 0.45
n 538 0 0.55 0.37 0.35
n 539 0 0.516667 0.35 0.316667
n 540 0 0.683333 0.45 0.483333
n 541 0 0.35 0.3 0.65
n 542 0 0.45 0.27 0.65
n 543 0 0.35 0.33 0.55
n 544 0 0.55 0.24 0.65
n 545 0 0.45 0.3 0.55
n 546 0 0.35 0.36 0.45
n 547 0 0.65 0.21 0.65
n 548 0 0.55 0.27 0.55
n 549 0 0.45 0.33 0.45
n 550 0 0.35 0.39 0.35
n 551 0 0.65 0.24 0.55
n 552 0 0.55 0.3 0.45
n 553 0 0.45 0.36 0.35
n 554 0 0.65 0.27 0.45
n 555 0 0.55 0.33 0.35
n 556 0 0.65 0.3 0.35
n 557 0 0.45 0.63 0.65
n 558 0 0.35 0.57 0.55
n 559 0 0.316667 0.55 0.516667
n 560 0 0.483333 0.65 0.683333
n 561 0 0.55 0.66 0.65
n 562 0 0.35 0.54 0.45
n 563 0 0.366667 0.55 0.466667
n 564 0 0.533333 0.65 0.633333
n 565 0 0.65 0.69 0.65
n 566 0 0.55 0.63 0.55
n 567 0 0.45 0.57 0.45
n 568 0 0.35 0.51 0.35
n 569 0 0.416667 0.55 0.416667
n 570 0 0.583333 0.65 0.583333
n 571 0 0.65 0.66 0.55
n 572 0 0.45 0.54 0.35
n 573 0 0.466667 0.55 0.366667
n 574 0 0.633333 0.65 0.533333
n 575 0 0.65 0.63 0.45
n 576 0 0.55 0.57 0.35
n 577 0 0.516667 0.55 0.316667
n 578 0 0.683333 0.65 0.483333
n 579 0 0.35 0.5 0.65
n 580 0 0.45 0.47 0.65
n 581 0 0.35 0.53 0.55
n 582 0 0.55 0.44 0.65
n 583 0 0.45 0.5 0.55
n 584 0 0.35 0.56 0.45
n 585 0 0.65 0.41 0.65
n 586 0 0.55 0.47 0.55
n 587 0 0.45 0.53 0.45
n 588 0 0.35 0.59 0.35
n 589 0 0.65 0.44 0.55
n 590 0 0.55 0.5 0.45
n 591 0 0.45 0.56 0.35
n 592 0 0.65 0.47 0.45
n 593 0 0.55 0.53 0.35
n 594 0 0.65 0.5 0.35
n 595 0 0.45 0.83 0.65
n 596 0 0.35 0.77 0.55
n 597 0 0.316667 0.75 0.516667
n 598 0 0.55 0.86 0.65
n 599 0 0.35 0.74 0.45
n 600 0 0.366667 0.75 0.466667
n 601 0 0.65 0.89 0.65
n 602 0 0.55 0.83 0.55
n 603 0 0.45 0.77 0.45
n 604 0 0.35 0.71 0.35
n 605 0 0.416667 0.75 0.416667
n 606 0 0.65 0.86 0.55
n 607 0 0.45 0.74 0.35
n 608 0 0.466667 0.75 0.366667
n 609 0 0.65 0.83 0.45
n 610 0 0.55 0.77 0.35
n 611 0 0.516667 0.75 0.316667
n 612 0 0.35 0.7 0.65
n 613 0 0.45 0.67 0.65
n 614 0 0.35 0.73 0.55
n 615 0 0.55 0.64 0.65
n 616 0 0.45 0.7 0.55
n 617 0 0.35 0.76 0.45
n 618 0 0.65 0.61 0.65
n 619 0 0.55 0.67 0.55
n 620 0 0.45 0.73 0.45
n 621 0 0.35 0.79 0.35
n 622 0 0.65 0.64 0.55
n 623 0 0.55 0.7 0.45
n 624 0 0.45 0.76 0.35
n 625 0 0.65 0.67 0.45
n 626 0 0.55 0.73 0.35
n 627 0 0.65 0.7 0.35
