b 801 277 1 1 1 0 0 0
f 0 0.01 0 282 252 296 222 266 192 236 162 206 132 176 102 146 72 116 86 1 
f 1 0.01 2 310 280 294 250 264 220 234 190 204 160 174 130 144 100 114 70 84 54 3 
f 2 0.01 4 308 278 292 248 262 218 232 188 202 158 172 128 142 98 112 68 82 52 5 
f 3 0.01 6 306 290 276 260 246 230 216 200 186 170 156 140 126 110 96 80 66 50 7 
f 4 0.01 8 305 275 245 215 185 155 125 95 65 9 
f 5 0.01 10 315 285 299 255 269 225 239 195 209 165 179 135 149 105 119 75 89 59 11 
f 6 0.01 12 337 335 336 333 334 331 332 329 330 327 328 325 326 323 324 321 322 320 13 
f 7 0.01 14 355 354 353 352 351 350 349 348 347 346 345 344 343 342 341 340 339 338 15 
f 8 0.01 16 364 363 362 361 360 359 358 357 356 17 
f 9 0.01 18 291 307 261 277 231 247 201 217 171 187 141 157 111 127 81 97 51 67 19 
f 10 0.01 20 317 287 301 257 271 227 241 197 211 167 181 137 151 107 121 77 91 61 21 
f 11 0.01 22 382 381 380 379 378 377 376 375 374 373 372 371 370 369 368 367 366 365 23 
f 12 0.01 24 391 390 389 388 387 386 385 384 383 25 
f 13 0.01 26 408 409 406 407 404 405 402 403 400 401 398 399 396 397 394 395 392 393 27 
f 14 0.01 28 293 263 309 233 279 203 249 173 219 143 189 113 159 83 129 53 99 69 29 
f 15 0.01 30 319 303 289 273 259 243 229 213 199 183 169 153 139 123 109 93 79 63 31 
f 16 0.01 32 418 417 416 415 414 413 412 411 410 33 
f 17 0.01 34 435 436 433 434 431 432 429 430 427 428 425 426 423 424 421 422 419 420 35 
f 18 0.01 36 453 451 454 449 452 447 450 445 448 443 446 441 444 439 442 437 440 438 37 
f 19 0.01 38 295 265 311 235 281 205 251 175 221 145 191 115 161 85 131 55 101 71 39 
f 20 0.01 40 304 274 244 214 184 154 124 94 64 41 
f 21 0.01 42 302 318 272 288 242 258 212 228 182 198 152 168 122 138 92 108 62 78 43 
f 22 0.01 44 300 270 316 240 286 210 256 180 226 150 196 120 166 90 136 60 106 76 45 
f 23 0.01 46 298 268 314 238 284 208 254 178 224 148 194 118 164 88 134 58 104 74 47 
f 24 0.01 48 267 237 313 207 283 177 253 147 223 117 193 87 163 57 133 103 49 
f 25 0.01 50 455 51 
f 26 0.01 52 457 356 456 458 53 
f 27 0.01 54 461 338 460 392 462 459 55 
f 28 0.01 56 466 320 465 383 464 467 437 463 468 57 
f 29 0.01 58 469 472 419 470 365 471 59 
f 30 0.01 60 475 473 410 474 61 
f 31 0.01 62 476 63 
f 32 0.01 58 463 55 
f 33 0.01 60 469 437 459 53 
f 34 0.01 62 473 419 464 392 456 51 
f 35 0.01 64 476 410 470 383 460 356 455 65 
f 36 0.01 63 474 365 465 338 457 50 
f 37 0.01 61 471 320 461 52 
f 38 0.01 59 466 54 
f 39 0.01 66 455 67 
f 40 0.01 68 479 478 356 477 69 
f 41 0.01 70 481 482 339 460 393 480 71 
f 42 0.01 72 488 486 321 487 485 383 484 438 483 73 
f 43 0.01 74 489 420 470 366 491 490 75 
f 44 0.01 76 492 410 493 494 77 
f 45 0.01 78 476 79 
f 46 0.01 74 483 71 
f 47 0.01 76 489 438 480 69 
f 48 0.01 78 492 420 484 393 477 67 
f 49 0.01 64 476 410 470 383 460 356 455 65 
f 50 0.01 79 493 366 485 339 478 66 
f 51 0.01 77 490 321 481 68 
f 52 0.01 75 486 70 
f 53 0.01 80 495 81 
f 54 0.01 82 479 497 357 496 498 83 
f 55 0.01 84 501 482 340 500 394 502 499 85 
f 56 0.01 86 506 322 487 505 384 504 507 439 503 508 87 
f 57 0.01 88 509 512 421 510 367 491 511 89 
f 58 0.01 90 515 513 411 514 494 91 
f 59 0.01 92 516 93 
f 60 0.01 88 503 85 
f 61 0.01 90 509 439 499 83 
f 62 0.01 92 513 421 504 394 496 81 
f 63 0.01 94 516 411 510 384 500 357 495 95 
f 64 0.01 93 514 367 505 340 497 80 
f 65 0.01 91 511 322 501 82 
f 66 0.01 89 506 84 
f 67 0.01 96 495 97 
f 68 0.01 98 519 518 357 517 458 99 
f 69 0.01 100 521 522 341 500 395 462 520 101 
f 70 0.01 102 528 526 323 527 525 384 524 467 440 523 103 
f 71 0.01 104 529 472 422 510 368 531 530 105 
f 72 0.01 106 475 532 411 533 534 107 
f 73 0.01 108 516 109 
f 74 0.01 104 523 101 
f 75 0.01 106 529 440 520 99 
f 76 0.01 108 532 422 524 395 517 97 
f 77 0.01 94 516 411 510 384 500 357 495 95 
f 78 0.01 109 533 368 525 341 518 96 
f 79 0.01 107 530 323 521 98 
f 80 0.01 105 526 100 
f 81 0.01 110 535 111 
f 82 0.01 112 519 537 358 536 538 113 
f 83 0.01 114 541 522 342 540 396 542 539 115 
f 84 0.01 116 488 546 324 527 545 385 544 547 441 543 548 117 
f 85 0.01 118 549 552 423 550 369 531 551 119 
f 86 0.01 120 555 553 412 554 534 121 
f 87 0.01 122 556 123 
f 88 0.01 118 543 115 
f 89 0.01 120 549 441 539 113 
f 90 0.01 122 553 423 544 396 536 111 
f 91 0.01 124 556 412 550 385 540 358 535 125 
f 92 0.01 123 554 369 545 342 537 110 
f 93 0.01 121 551 324 541 112 
f 94 0.01 119 546 114 
f 95 0.01 126 535 127 
f 96 0.01 128 559 558 358 557 498 129 
f 97 0.01 130 561 562 343 540 397 502 560 131 
f 98 0.01 132 568 566 325 567 565 385 564 507 442 563 468 133 
f 99 0.01 134 569 512 424 550 370 571 570 135 
f 100 0.01 136 515 572 412 573 574 137 
f 101 0.01 138 556 139 
f 102 0.01 134 563 131 
f 103 0.01 136 569 442 560 129 
f 104 0.01 138 572 424 564 397 557 127 
f 105 0.01 124 556 412 550 385 540 358 535 125 
f 106 0.01 139 573 370 565 343 558 126 
f 107 0.01 137 570 325 561 128 
f 108 0.01 135 566 130 
f 109 0.01 140 575 141 
f 110 0.01 142 559 577 359 576 578 143 
f 111 0.01 144 581 562 344 580 398 582 579 145 
f 112 0.01 146 528 586 326 567 585 386 584 587 443 583 588 147 
f 113 0.01 148 589 592 425 590 371 571 591 149 
f 114 0.01 150 595 593 413 594 574 151 
f 115 0.01 152 596 153 
f 116 0.01 148 583 145 
f 117 0.01 150 589 443 579 143 
f 118 0.01 152 593 425 584 398 576 141 
f 119 0.01 154 596 413 590 386 580 359 575 155 
f 120 0.01 153 594 371 585 344 577 140 
f 121 0.01 151 591 326 581 142 
f 122 0.01 149 586 144 
f 123 0.01 156 575 157 
f 124 0.01 158 599 598 359 597 538 159 
f 125 0.01 160 601 602 345 580 399 542 600 161 
f 126 0.01 162 608 606 327 607 605 386 604 547 444 603 508 163 
f 127 0.01 164 609 552 426 590 372 611 610 165 
f 128 0.01 166 555 612 413 613 614 167 
f 129 0.01 168 596 169 
f 130 0.01 164 603 161 
f 131 0.01 166 609 444 600 159 
f 132 0.01 168 612 426 604 399 597 157 
f 133 0.01 154 596 413 590 386 580 359 575 155 
f 134 0.01 169 613 372 605 345 598 156 
f 135 0.01 167 610 327 601 158 
f 136 0.01 165 606 160 
f 137 0.01 170 615 171 
f 138 0.01 172 599 617 360 616 618 173 
f 139 0.01 174 621 602 346 620 400 622 619 175 
f 140 0.01 176 568 626 328 607 625 387 624 627 445 623 628 177 
f 141 0.01 178 629 632 427 630 373 611 631 179 
f 142 0.01 180 635 633 414 634 614 181 
f 143 0.01 182 636 183 
f 144 0.01 178 623 175 
f 145 0.01 180 629 445 619 173 
f 146 0.01 182 633 427 624 400 616 171 
f 147 0.01 184 636 414 630 387 620 360 615 185 
f 148 0.01 183 634 373 625 346 617 170 
f 149 0.01 181 631 328 621 172 
f 150 0.01 179 626 174 
f 151 0.01 186 615 187 
f 152 0.01 188 639 638 360 637 578 189 
f 153 0.01 190 641 642 347 620 401 582 640 191 
f 154 0.01 192 648 646 329 647 645 387 644 587 446 643 548 193 
f 155 0.01 194 649 592 428 630 374 651 650 195 
f 156 0.01 196 595 652 414 653 654 197 
f 157 0.01 198 636 199 
f 158 0.01 194 643 191 
f 159 0.01 196 649 446 640 189 
f 160 0.01 198 652 428 644 401 637 187 
f 161 0.01 184 636 414 630 387 620 360 615 185 
f 162 0.01 199 653 374 645 347 638 186 
f 163 0.01 197 650 329 641 188 
f 164 0.01 195 646 190 
f 165 0.01 200 655 201 
f 166 0.01 202 639 657 361 656 658 203 
f 167 0.01 204 661 642 348 660 402 662 659 205 
f 168 0.01 206 608 666 330 647 665 388 664 667 447 663 668 207 
f 169 0.01 208 669 672 429 670 375 651 671 209 
f 170 0.01 210 675 673 415 674 654 211 
f 171 0.01 212 676 213 
f 172 0.01 208 663 205 
f 173 0.01 210 669 447 659 203 
f 174 0.01 212 673 429 664 402 656 201 
f 175 0.01 214 676 415 670 388 660 361 655 215 
f 176 0.01 213 674 375 665 348 657 200 
f 177 0.01 211 671 330 661 202 
f 178 0.01 209 666 204 
f 179 0.01 216 655 217 
f 180 0.01 218 679 678 361 677 618 219 
f 181 0.01 220 681 682 349 660 403 622 680 221 
f 182 0.01 222 688 686 331 687 685 388 684 627 448 683 588 223 
f 183 0.01 224 689 632 430 670 376 691 690 225 
f 184 0.01 226 635 692 415 693 694 227 
f 185 0.01 228 676 229 
f 186 0.01 224 683 221 
f 187 0.01 226 689 448 680 219 
f 188 0.01 228 692 430 684 403 677 217 
f 189 0.01 214 676 415 670 388 660 361 655 215 
f 190 0.01 229 693 376 685 349 678 216 
f 191 0.01 227 690 331 681 218 
f 192 0.01 225 686 220 
f 193 0.01 230 695 231 
f 194 0.01 232 679 697 362 696 698 233 
f 195 0.01 234 701 682 350 700 404 702 699 235 
f 196 0.01 236 648 706 332 687 705 389 704 707 449 703 708 237 
f 197 0.01 238 709 712 431 710 377 691 711 239 
f 198 0.01 240 715 713 416 714 694 241 
f 199 0.01 242 716 243 
f 200 0.01 238 703 235 
f 201 0.01 240 709 449 699 233 
f 202 0.01 242 713 431 704 404 696 231 
f 203 0.01 244 716 416 710 389 700 362 695 245 
f 204 0.01 243 714 377 705 350 697 230 
f 205 0.01 241 711 332 701 232 
f 206 0.01 239 706 234 
f 207 0.01 246 695 247 
f 208 0.01 248 719 718 362 717 658 249 
f 209 0.01 250 721 722 351 700 405 662 720 251 
f 210 0.01 252 728 726 333 727 725 389 724 667 450 723 628 253 
f 211 0.01 254 729 672 432 710 378 731 730 255 
f 212 0.01 256 675 732 416 733 734 257 
f 213 0.01 258 716 259 
f 214 0.01 254 723 251 
f 215 0.01 256 729 450 720 249 
f 216 0.01 258 732 432 724 405 717 247 
f 217 0.01 244 716 416 710 389 700 362 695 245 
f 218 0.01 259 733 378 725 351 718 246 
f 219 0.01 257 730 333 721 248 
f 220 0.01 255 726 250 
f 221 0.01 260 735 261 
f 222 0.01 262 719 737 363 736 738 263 
f 223 0.01 264 741 722 352 740 406 742 739 265 
f 224 0.01 266 688 746 334 727 745 390 744 747 451 743 267 
f 225 0.01 268 748 751 433 749 379 731 750 269 
f 226 0.01 270 754 752 417 753 734 271 
f 227 0.01 272 755 273 
f 228 0.01 268 743 265 
f 229 0.01 270 748 451 739 263 
f 230 0.01 272 752 433 744 406 736 261 
f 231 0.01 274 755 417 749 390 740 363 735 275 
f 232 0.01 273 753 379 745 352 737 260 
f 233 0.01 271 750 334 741 262 
f 234 0.01 269 746 264 
f 235 0.01 276 735 277 
f 236 0.01 278 758 757 363 756 698 279 
f 237 0.01 280 760 761 353 740 407 702 759 281 
f 238 0.01 282 765 335 766 764 390 763 707 452 762 668 283 
f 239 0.01 284 767 712 434 749 380 769 768 285 
f 240 0.01 286 715 770 417 771 772 287 
f 241 0.01 288 755 289 
f 242 0.01 284 762 281 
f 243 0.01 286 767 452 759 279 
f 244 0.01 288 770 434 763 407 756 277 
f 245 0.01 274 755 417 749 390 740 363 735 275 
f 246 0.01 289 771 380 764 353 757 276 
f 247 0.01 287 768 335 760 278 
f 248 0.01 285 765 280 
f 249 0.01 290 773 291 
f 250 0.01 292 758 775 364 774 293 
f 251 0.01 294 778 761 354 777 408 776 295 
f 252 0.01 296 728 782 336 766 781 391 780 453 779 297 
f 253 0.01 298 783 435 784 381 769 785 299 
f 254 0.01 300 786 418 787 772 301 
f 255 0.01 302 788 303 
f 256 0.01 298 779 295 
f 257 0.01 300 783 453 776 293 
f 258 0.01 302 786 435 780 408 774 291 
f 259 0.01 304 788 418 784 391 777 364 773 305 
f 260 0.01 303 787 381 781 354 775 290 
f 261 0.01 301 785 336 778 292 
f 262 0.01 299 782 294 
f 263 0.01 306 773 307 
f 264 0.01 308 790 364 789 738 309 
f 265 0.01 310 792 355 777 409 742 791 311 
f 266 0.01 312 796 337 795 391 794 747 454 793 708 313 
f 267 0.01 314 797 751 436 784 382 798 315 
f 268 0.01 316 754 799 418 800 317 
f 269 0.01 318 788 319 
f 270 0.01 314 793 311 
f 271 0.01 316 797 454 791 309 
f 272 0.01 318 799 436 794 409 789 307 
f 273 0.01 304 788 418 784 391 777 364 773 305 
f 274 0.01 319 800 382 795 355 790 306 
f 275 0.01 317 798 337 792 308 
f 276 0.01 315 796 310 
n 0 2 0.3 1 0.3
n 1 2 0.3 0 0.3
n 2 2 0.3 1 0.4
n 3 2 0.3 0 0.4
n 4 2 0.3 1 0.5
n 5 2 0.3 0 0.5
n 6 2 0.3 1 0.6
n 7 2 0.3 0 0.6
n 8 2 0.3 1 0.7
n 9 2 0.3 0 0.7
n 10 2 0.4 1 0.3
n 11 2 0.4 0 0.3
n 12 2 0.4 1 0.4
n 13 2 0.4 0 0.4
n 14 2 0.4 1 0.5
n 15 2 0.4 0 0.5
n 16 2 0.4 1 0.6
n 17 2 0.4 0 0.6
n 18 2 0.4 1 0.7
n 19 2 0.4 0 0.7
n 20 2 0.5 1 0.3
n 21 2 0.5 0 0.3
n 22 2 0.5 1 0.4
n 23 2 0.5 0 0.4
n 24 2 0.5 1 0.5
n 25 2 0.5 0 0.5
n 26 2 0.5 1 0.6
n 27 2 0.5 0 0.6
n 28 2 0.5 1 0.7
n 29 2 0.5 0 0.7
n 30 2 0.6 1 0.3
n 31 2 0.6 0 0.3
n 32 2 0.6 1 0.4
n 33 2 0.6 0 0.4
n 34 2 0.6 1 0.5
n 35 2 0.6 0 0.5
n 36 2 0.6 1 0.6
n 37 2 0.6 0 0.6
n 38 2 0.6 1 0.7
n 39 2 0.6 0 0.7
n 40 2 0.7 1 0.3
n 41 2 0.7 0 0.3
n 42 2 0.7 1 0.4
n 43 2 0.7 0 0.4
n 44 2 0.7 1 0.5
n 45 2 0.7 0 0.5
n 46 2 0.7 1 0.6
n 47 2 0.7 0 0.6
n 48 2 0.7 1 0.7
n 49 2 0.7 0 0.7
n 50 0 0.3 0.07 0.6
n 51 0 0.4 0.13 0.7
n 52 0 0.3 0.04 0.5
n 53 0 0.5 0.16 0.7
n 54 0 0.3 0.01 0.4
n 55 0 0.6 0.19 0.7
n 56 2 0.333333 0 0.333333
n 57 0 0.7 0.22 0.7
n 58 0 0.7 0.19 0.6
n 59 0 0.4 0.01 0.3
n 60 0 0.7 0.16 0.5
n 61 0 0.5 0.04 0.3
n 62 0 0.7 0.13 0.4
n 63 0 0.6 0.07 0.3
n 64 0 0.7 0.1 0.3
n 65 0 0.3 0.1 0.7
n 66 0 0.3 0.13 0.6
n 67 0 0.4 0.07 0.7
n 68 0 0.3 0.16 0.5
n 69 0 0.5 0.04 0.7
n 70 0 0.3 0.19 0.4
n 71 0 0.6 0.01 0.7
n 72 0 0.3 0.22 0.3
n 73 2 0.666667 0 0.666667
n 74 0 0.7 0.01 0.6
n 75 0 0.4 0.19 0.3
n 76 0 0.7 0.04 0.5
n 77 0 0.5 0.16 0.3
n 78 0 0.7 0.07 0.4
n 79 0 0.6 0.13 0.3
n 80 0 0.3 0.17 0.6
n 81 0 0.4 0.23 0.7
n 82 0 0.3 0.14 0.5
n 83 0 0.5 0.26 0.7
n 84 0 0.3 0.11 0.4
n 85 0 0.6 0.29 0.7
n 86 0 0.3 0.08 0.3
n 87 0 0.7 0.32 0.7
n 88 0 0.7 0.29 0.6
n 89 0 0.4 0.11 0.3
n 90 0 0.7 0.26 0.5
n 91 0 0.5 0.14 0.3
n 92 0 0.7 0.23 0.4
n 93 0 0.6 0.17 0.3
n 94 0 0.7 0.2 0.3
n 95 0 0.3 0.2 0.7
n 96 0 0.3 0.23 0.6
n 97 0 0.4 0.17 0.7
n 98 0 0.3 0.26 0.5
n 99 0 0.5 0.14 0.7
n 100 0 0.3 0.29 0.4
n 101 0 0.6 0.11 0.7
n 102 0 0.3 0.32 0.3
n 103 0 0.7 0.08 0.7
n 104 0 0.7 0.11 0.6
n 105 0 0.4 0.29 0.3
n 106 0 0.7 0.14 0.5
n 107 0 0.5 0.26 0.3
n 108 0 0.7 0.17 0.4
n 109 0 0.6 0.23 0.3
n 110 0 0.3 0.27 0.6
n 111 0 0.4 0.33 0.7
n 112 0 0.3 0.24 0.5
n 113 0 0.5 0.36 0.7
n 114 0 0.3 0.21 0.4
n 115 0 0.6 0.39 0.7
n 116 0 0.3 0.18 0.3
n 117 0 0.7 0.42 0.7
n 118 0 0.7 0.39 0.6
n 119 0 0.4 0.21 0.3
n 120 0 0.7 0.36 0.5
n 121 0 0.5 0.24 0.3
n 122 0 0.7 0.33 0.4
n 123 0 0.6 0.27 0.3
n 124 0 0.7 0.3 0.3
n 125 0 0.3 0.3 0.7
n 126 0 0.3 0.33 0.6
n 127 0 0.4 0.27 0.7
n 128 0 0.3 0.36 0.5
n 129 0 0.5 0.24 0.7
n 130 0 0.3 0.39 0.4
n 131 0 0.6 0.21 0.7
n 132 0 0.3 0.42 0.3
n 133 0 0.7 0.18 0.7
n 134 0 0.7 0.21 0.6
n 135 0 0.4 0.39 0.3
n 136 0 0.7 0.24 0.5
n 137 0 0.5 0.36 0.3
n 138 0 0.7 0.27 0.4
n 139 0 0.6 0.33 0.3
n 140 0 0.3 0.37 0.6
n 141 0 0.4 0.43 0.7
n 142 0 0.3 0.34 0.5
n 143 0 0.5 0.46 0.7
n 144 0 0.3 0.31 0.4
n 145 0 0.6 0.49 0.7
n 146 0 0.3 0.28 0.3
n 147 0 0.7 0.52 0.7
n 148 0 0.7 0.49 0.6
n 149 0 0.4 0.31 0.3
n 150 0 0.7 0.46 0.5
n 151 0 0.5 0.34 0.3
n 152 0 0.7 0.43 0.4
n 153 0 0.6 0.37 0.3
n 154 0 0.7 0.4 0.3
n 155 0 0.3 0.4 0.7
n 156 0 0.3 0.43 0.6
n 157 0 0.4 0.37 0.7
n 158 0 0.3 0.46 0.5
n 159 0 0.5 0.34 0.7
n 160 0 0.3 0.49 0.4
n 161 0 0.6 0.31 0.7
n 162 0 0.3 0.52 0.3
n 163 0 0.7 0.28 0.7
n 164 0 0.7 0.31 0.6
n 165 0 0.4 0.49 0.3
n 166 0 0.7 0.34 0.5
n 167 0 0.5 0.46 0.3
n 168 0 0.7 0.37 0.4
n 169 0 0.6 0.43 0.3
n 170 0 0.3 0.47 0.6
n 171 0 0.4 0.53 0.7
n 172 0 0.3 0.44 0.5
n 173 0 0.5 0.56 0.7
n 174 0 0.3 0.41 0.4
n 175 0 0.6 0.59 0.7
n 176 0 0.3 0.38 0.3
n 177 0 0.7 0.62 0.7
n 178 0 0.7 0.59 0.6
n 179 0 0.4 0.41 0.3
n 180 0 0.7 0.56 0.5
n 181 0 0.5 0.44 0.3
n 182 0 0.7 0.53 0.4
n 183 0 0.6 0.47 0.3
n 184 0 0.7 0.5 0.3
n 185 0 0.3 0.5 0.7
n 186 0 0.3 0.53 0.6
n 187 0 0.4 0.47 0.7
n 188 0 0.3 0.56 0.5
n 189 0 0.5 0.44 0.7
n 190 0 0.3 0.59 0.4
n 191 0 0.6 0.41 0.7
n 192 0 0.3 0.62 0.3
n 193 0 0.7 0.38 0.7
n 194 0 0.7 0.41 0.6
n 195 0 0.4 0.59 0.3
n 196 0 0.7 0.44 0.5
n 197 0 0.5 0.56 0.3
n 198 0 0.7 0.47 0.4
n 199 0 0.6 0.53 0.3
n 200 0 0.3 0.57 0.6
n 201 0 0.4 0.63 0.7
n 202 0 0.3 0.54 0.5
n 203 0 0.5 0.66 0.7
n 204 0 0.3 0.51 0.4
n 205 0 0.6 0.69 0.7
n 206 0 0.3 0.48 0.3
n 207 0 0.7 0.72 0.7
n 208 0 0.7 0.69 0.6
n 209 0 0.4 0.51 0.3
n 210 0 0.7 0.66 0.5
n 211 0 0.5 0.54 0.3
n 212 0 0.7 0.63 0.4
n 213 0 0.6 0.57 0.3
n 214 0 0.7 0.6 0.3
n 215 0 0.3 0.6 0.7
n 216 0 0.3 0.63 0.6
n 217 0 0.4 0.57 0.7
n 218 0 0.3 0.66 0.5
n 219 0 0.5 0.54 0.7
n 220 0 0.3 0.69 0.4
n 221 0 0.6 0.51 0.7
n 222 0 0.3 0.72 0.3
n 223 0 0.7 0.48 0.7
n 224 0 0.7 0.51 0.6
n 225 0 0.4 0.69 0.3
n 226 0 0.7 0.54 0.5
n 227 0 0.5 0.66 0.3
n 228 0 0.7 0.57 0.4
n 229 0 0.6 0.63 0.3
n 230 0 0.3 0.67 0.6
n 231 0 0.4 0.73 0.7
n 232 0 0.3 0.64 0.5
n 233 0 0.5 0.76 0.7
n 234 0 0.3 0.61 0.4
n 235 0 0.6 0.79 0.7
n 236 0 0.3 0.58 0.3
n 237 0 0.7 0.82 0.7
n 238 0 0.7 0.79 0.6
n 239 0 0.4 0.61 0.3
n 240 0 0.7 0.76 0.5
n 241 0 0.5 0.64 0.3
n 242 0 0.7 0.73 0.4
n 243 0 0.6 0.67 0.3
n 244 0 0.7 0.7 0.3
n 245 0 0.3 0.7 0.7
n 246 0 0.3 0.73 0.6
n 247 0 0.4 0.67 0.7
n 248 0 0.3 0.76 0.5
n 249 0 0.5 0.64 0.7
n 250 0 0.3 0.79 0.4
n 251 0 0.6 0.61 0.7
n 252 0 0.3 0.82 0.3
n 253 0 0.7 0.58 0.7
n 254 0 0.7 0.61 0.6
n 255 0 0.4 0.79 0.3
n 256 0 0.7 0.64 0.5
n 257 0 0.5 0.76 0.3
n 258 0 0.7 0.67 0.4
n 259 0 0.6 0.73 0.3
n 260 0 0.3 0.77 0.6
n 261 0 0.4 0.83 0.7
n 262 0 0.3 0.74 0.5
n 263 0 0.5 0.86 0.7
n 264 0 0.3 0.71 0.4
n 265 0 0.6 0.89 0.7
n 266 0 0.3 0.68 0.3
n 267 0 0.7 0.92 0.7
n 268 0 0.7 0.89 0.6
n 269 0 0.4 0.71 0.3
n 270 0 0.7 0.86 0.5
n 271 0 0.5 0.74 0.3
n 272 0 0.7 0.83 0.4
n 273 0 0.6 0.77 0.3
n 274 0 0.7 0.8 0.3
n 275 0 0.3 0.8 0.7
n 276 0 0.3 0.83 0.6
n 277 0 0.4 0.77 0.7
n 278 0 0.3 0.86 0.5
n 279 0 0.5 0.74 0.7
n 280 0 0.3 0.89 0.4
n 281 0 0.6 0.71 0.7
n 282 0 0.3 0.92 0.3
n 283 0 0.7 0.68 0.7
n 284 0 0.7 0.71 0.6
n 285 0 0.4 0.89 0.3
n 286 0 0.7 0.74 0.5
n 287 0 0.5 0.86 0.3
n 288 0 0.7 0.77 0.4
n 289 0 0.6 0.83 0.3
n 290 0 0.3 0.87 0.6
n 291 0 0.4 0.93 0.7
n 292 0 0.3 0.84 0.5
n 293 0 0.5 0.96 0.7
n 294 0 0.3 0.81 0.4
n 295 0 0.6 0.99 0.7
n 296 0 0.3 0.78 0.3
n 297 2 0.666667 1 0.666667
n 298 0 0.7 0.99 0.6
n 299 0 0.4 0.81 0.3
n 300 0 0.7 0.96 0.5
n 301 0 0.5 0.84 0.3
n 302 0 0.7 0.93 0.4
n 303 0 0.6 0.87 0.3
n 304 0 0.7 0.9 0.3
n 305 0 0.3 0.9 0.7
n 306 0 0.3 0.93 0.6
n 307 0 0.4 0.87 0.7
n 308 0 0.3 0.96 0.5
n 309 0 0.5 0.84 0.7
n 310 0 0.3 0.99 0.4
n 311 0 0.6 0.81 0.7
n 312 2 0.333333 1 0.333333
n 313 0 0.7 0.78 0.7
n 314 0 0.7 0.81 0.6
n 315 0 0.4 0.99 0.3
n 316 0 0.7 0.84 0.5
n 317 0 0.5 0.96 0.3
n 318 0 0.7 0.87 0.4
n 319 0 0.6 0.93 0.3
n 320 0 0.4 0.04 0.4
n 321 0 0.4 0.16 0.4
n 322 0 0.4 0.14 0.4
n 323 0 0.4 0.26 0.4
n 324 0 0.4 0.24 0.4
n 325 0 0.4 0.36 0.4
n 326 0 0.4 0.34 0.4
n 327 0 0.4 0.46 0.4
n 328 0 0.4 0.44 0.4
n 329 0 0.4 0.56 0.4
n 330 0 0.4 0.54 0.4
n 331 0 0.4 0.66 0.4
n 332 0 0.4 0.64 0.4
n 333 0 0.4 0.76 0.4
n 334 0 0.4 0.74 0.4
n 335 0 0.4 0.86 0.4
n 336 0 0.4 0.84 0.4
n 337 0 0.4 0.96 0.4
n 338 0 0.4 0.07 0.5
n 339 0 0.4 0.13 0.5
n 340 0 0.4 0.17 0.5
n 341 0 0.4 0.23 0.5
n 342 0 0.4 0.27 0.5
n 343 0 0.4 0.33 0.5
n 344 0 0.4 0.37 0.5
n 345 0 0.4 0.43 0.5
n 346 0 0.4 0.47 0.5
n 347 0 0.4 0.53 0.5
n 348 0 0.4 0.57 0.5
n 349 0 0.4 0.63 0.5
n 350 0 0.4 0.67 0.5
n 351 0 0.4 0.73 0.5
n 352 0 0.4 0.77 0.5
n 353 0 0.4 0.83 0.5
n 354 0 0.4 0.87 0.5
n 355 0 0.4 0.93 0.5
n 356 0 0.4 0.1 0.6
n 357 0 0.4 0.2 0.6
n 358 0 0.4 0.3 0.6
n 359 0 0.4 0.4 0.6
n 360 0 0.4 0.5 0.6
n 361 0 0.4 0.6 0.6
n 362 0 0.4 0.7 0.6
n 363 0 0.4 0.8 0.6
n 364 0 0.4 0.9 0.6
n 365 0 0.5 0.07 0.4
n 366 0 0.5 0.13 0.4
n 367 0 0.5 0.17 0.4
n 368 0 0.5 0.23 0.4
n 369 0 0.5 0.27 0.4
n 370 0 0.5 0.33 0.4
n 371 0 0.5 0.37 0.4
n 372 0 0.5 0.43 0.4
n 373 0 0.5 0.47 0.4
n 374 0 0.5 0.53 0.4
n 375 0 0.5 0.57 0.4
n 376 0 0.5 0.63 0.4
n 377 0 0.5 0.67 0.4
n 378 0 0.5 0.73 0.4
n 379 0 0.5 0.77 0.4
n 380 0 0.5 0.83 0.4
n 381 0 0.5 0.87 0.4
n 382 0 0.5 0.93 0.4
n 383 0 0.5 0.1 0.5
n 384 0 0.5 0.2 0.5
n 385 0 0.5 0.3 0.5
n 386 0 0.5 0.4 0.5
n 387 0 0.5 0.5 0.5
n 388 0 0.5 0.6 0.5
n 389 0 0.5 0.7 0.5
n 390 0 0.5 0.8 0.5
n 391 0 0.5 0.9 0.5
n 392 0 0.5 0.13 0.6
n 393 0 0.5 0.07 0.6
n 394 0 0.5 0.23 0.6
n 395 0 0.5 0.17 0.6
n 396 0 0.5 0.33 0.6
n 397 0 0.5 0.27 0.6
n 398 0 0.5 0.43 0.6
n 399 0 0.5 0.37 0.6
n 400 0 0.5 0.53 0.6
n 401 0 0.5 0.47 0.6
n 402 0 0.5 0.63 0.6
n 403 0 0.5 0.57 0.6
n 404 0 0.5 0.73 0.6
n 405 0 0.5 0.67 0.6
n 406 0 0.5 0.83 0.6
n 407 0 0.5 0.77 0.6
n 408 0 0.5 0.93 0.6
n 409 0 0.5 0.87 0.6
n 410 0 0.6 0.1 0.4
n 411 0 0.6 0.2 0.4
n 412 0 0.6 0.3 0.4
n 413 0 0.6 0.4 0.4
n 414 0 0.6 0.5 0.4
n 415 0 0.6 0.6 0.4
n 416 0 0.6 0.7 0.4
n 417 0 0.6 0.8 0.4
n 418 0 0.6 0.9 0.4
n 419 0 0.6 0.13 0.5
n 420 0 0.6 0.07 0.5
n 421 0 0.6 0.23 0.5
n 422 0 0.6 0.17 0.5
n 423 0 0.6 0.33 0.5
n 424 0 0.6 0.27 0.5
n 425 0 0.6 0.43 0.5
n 426 0 0.6 0.37 0.5
n 427 0 0.6 0.53 0.5
n 428 0 0.6 0.47 0.5
n 429 0 0.6 0.63 0.5
n 430 0 0.6 0.57 0.5
n 431 0 0.6 0.73 0.5
n 432 0 0.6 0.67 0.5
n 433 0 0.6 0.83 0.5
n 434 0 0.6 0.77 0.5
n 435 0 0.6 0.93 0.5
n 436 0 0.6 0.87 0.5
n 437 0 0.6 0.16 0.6
n 438 0 0.6 0.04 0.6
n 439 0 0.6 0.26 0.6
n 440 0 0.6 0.14 0.6
n 441 0 0.6 0.36 0.6
n 442 0 0.6 0.24 0.6
n 443 0 0.6 0.46 0.6
n 444 0 0.6 0.34 0.6
n 445 0 0.6 0.56 0.6
n 446 0 0.6 0.44 0.6
n 447 0 0.6 0.66 0.6
n 448 0 0.6 0.54 0.6
n 449 0 0.6 0.76 0.6
n 450 0 0.6 0.64 0.6
n 451 0 0.6 0.86 0.6
n 452 0 0.6 0.74 0.6
n 453 0 0.6 0.96 0.6
n 454 0 0.6 0.84 0.6
n 455 0 0.35 0.1 0.65
n 456 0 0.45 0.13 0.65
n 457 0 0.35 0.07 0.55
n 458 0 0.483333 0.15 0.683333
n 459 0 0.55 0.16 0.65
n 460 0 0.45 0.1 0.55
n 461 0 0.35 0.04 0.45
n 462 0 0.533333 0.15 0.633333
n 463 0 0.65 0.19 0.65
n 464 0 0.55 0.13 0.55
n 465 0 0.45 0.07 0.45
n 466 0 0.35 0.01 0.35
n 467 0 0.583333 0.15 0.583333
n 468 0 0.666667 0.2 0.666667
n 469 0 0.65 0.16 0.55
n 470 0 0.55 0.1 0.45
n 471 0 0.45 0.04 0.35
n 472 0 0.633333 0.15 0.533333
n 473 0 0.65 0.13 0.45
n 474 0 0.55 0.07 0.35
n 475 0 0.683333 0.15 0.483333
n 476 0 0.65 0.1 0.35
n 477 0 0.45 0.07 0.65
n 478 0 0.35 0.13 0.55
n 479 0 0.316667 0.15 0.516667
n 480 0 0.55 0.04 0.65
n 481 0 0.35 0.16 0.45
n 482 0 0.366667 0.15 0.466667
n 483 0 0.65 0.01 0.65
n 484 0 0.55 0.07 0.55
n 485 0 0.45 0.13 0.45
n 486 0 0.35 0.19 0.35
n 487 0 0.416667 0.15 0.416667
n 488 0 0.333333 0.2 0.333333
n 489 0 0.65 0.04 0.55
n 490 0 0.45 0.16 0.35
n 491 0 0.466667 0.15 0.366667
n 492 0 0.65 0.07 0.45
n 493 0 0.55 0.13 0.35
n 494 0 0.516667 0.15 0.316667
n 495 0 0.35 0.2 0.65
n 496 0 0.45 0.23 0.65
n 497 0 0.35 0.17 0.55
n 498 0 0.483333 0.25 0.683333
n 499 0 0.55 0.26 0.65
n 500 0 0.45 0.2 0.55
n 501 0 0.35 0.14 0.45
n 502 0 0.533333 0.25 0.633333
n 503 0 0.65 0.29 0.65
n 504 0 0.55 0.23 0.55
n 505 0 0.45 0.17 0.45
n 506 0 0.35 0.11 0.35
n 507 0 0.583333 0.25 0.583333
n 508 0 0.666667 0.3 0.666667
n 509 0 0.65 0.26 0.55
n 510 0 0.55 0.2 0.45
n 511 0 0.45 0.14 0.35
n 512 0 0.633333 0.25 0.533333
n 513 0 0.65 0.23 0.45
n 514 0 0.55 0.17 0.35
n 515 0 0.683333 0.25 0.483333
n 516 0 0.65 0.2 0.35
n 517 0 0.45 0.17 0.65
n 518 0 0.35 0.23 0.55
n 519 0 0.316667 0.25 0.516667
n 520 0 0.55 0.14 0.65
n 521 0 0.35 0.26 0.45
n 522 0 0.366667 0.25 0.466667
n 523 0 0.65 0.11 0.65
n 524 0 0.55 0.17 0.55
n 525 0 0.45 0.23 0.45
n 526 0 0.35 0.29 0.35
n 527 0 0.416667 0.25 0.416667
n 528 0 0.333333 0.3 0.333333
n 529 0 0.65 0.14 0.55
n 530 0 0.45 0.26 0.35
n 531 0 0.466667 0.25 0.366667
n 532 0 0.65 0.17 0.45
n 533 0 0.55 0.23 0.35
n 534 0 0.516667 0.25 0.316667
n 535 0 0.35 0.3 0.65
n 536 0 0.45 0.33 0.65
n 537 0 0.35 0.27 0.55
n 538 0 0.483333 0.35 0.683333
n 539 0 0.55 0.36 0.65
n 540 0 0.45 0.3 0.55
n 541 0 0.35 0.24 0.45
n 542 0 0.533333 0.35 0.633333
n 543 0 0.65 0.39 0.65
n 544 0 0.55 0.33 0.55
n 545 0 0.45 0.27 0.45
n 546 0 0.35 0.21 0.35
n 547 0 0.583333 0.35 0.583333
n 548 0 0.666667 0.4 0.666667
n 549 0 0.65 0.36 0.55
n 550 0 0.55 0.3 0.45
n 551 0 0.45 0.24 0.35
n 552 0 0.633333 0.35 0.533333
n 553 0 0.65 0.33 0.45
n 554 0 0.55 0.27 0.35
n 555 0 0.683333 0.35 0.483333
n 556 0 0.65 0.3 0.35
n 557 0 0.45 0.27 0.65
n 558 0 0.35 0.33 0.55
n 559 0 0.316667 0.35 0.516667
n 560 0 0.55 0.24 0.65
n 561 0 0.35 0.36 0.45
n 562 0 0.366667 0.35 0.466667
n 563 0 0.65 0.21 0.65
n 564 0 0.55 0.27 0.55
n 565 0 0.45 0.33 0.45
n 566 0 0.35 0.39 0.35
n 567 0 0.416667 0.35 0.416667
n 568 0 0.333333 0.4 0.333333
n 569 0 0.65 0.24 0.55
n 570 0 0.45 0.36 0.35
n 571 0 0.466667 0.35 0.366667
n 572 0 0.65 0.27 0.45
n 573 0 0.55 0.33 0.35
n 574 0 0.516667 0.35 0.316667
n 575 0 0.35 0.4 0.65
n 576 0 0.45 0.43 0.65
n 577 0 0.35 0.37 0.55
n 578 0 0.483333 0.45 0.683333
n 579 0 0.55 0.46 0.65
n 580 0 0.45 0.4 0.55
n 581 0 0.35 0.34 0.45
n 582 0 0.533333 0.45 0.633333
n 583 0 0.65 0.49 0.65
n 584 0 0.55 0.43 0.55
n 585 0 0.45 0.37 0.45
n 586 0 0.35 0.31 0.35
n 587 0 0.583333 0.45 0.583333
n 588 0 0.666667 0.5 0.666667
n 589 0 0.65 0.46 0.55
n 590 0 0.55 0.4 0.45
n 591 0 0.45 0.34 0.35
n 592 0 0.633333 0.45 0.533333
n 593 0 0.65 0.43 0.45
n 594 0 0.55 0.37 0.35
n 595 0 0.683333 0.45 0.483333
n 596 0 0.65 0.4 0.35
n 597 0 0.45 0.37 0.65
n 598 0 0.35 0.43 0.55
n 599 0 0.316667 0.45 0.516667
n 600 0 0.55 0.34 0.65
n 601 0 0.35 0.46 0.45
n 602 0 0.366667 0.45 0.466667
n 603 0 0.65 0.31 0.65
n 604 0 0.55 0.37 0.55
n 605 0 0.45 0.43 0.45
n 606 0 0.35 0.49 0.35
n 607 0 0.416667 0.45 0.416667
n 608 0 0.333333 0.5 0.333333
n 609 0 0.65 0.34 0.55
n 610 0 0.45 0.46 0.35
n 611 0 0.466667 0.45 0.366667
n 612 0 0.65 0.37 0.45
n 613 0 0.55 0.43 0.35
n 614 0 0.516667 0.45 0.316667
n 615 0 0.35 0.5 0.65
n 616 0 0.45 0.53 0.65
n 617 0 0.35 0.47 0.55
n 618 0 0.483333 0.55 0.683333
n 619 0 0.55 0.56 0.65
n 620 0 0.45 0.5 0.55
n 621 0 0.35 0.44 0.45
n 622 0 0.533333 0.55 0.633333
n 623 0 0.65 0.59 0.65
n 624 0 0.55 0.53 0.55
n 625 0 0.45 0.47 0.45
n 626 0 0.35 0.41 0.35
n 627 0 0.583333 0.55 0.583333
n 628 0 0.666667 0.6 0.666667
n 629 0 0.65 0.56 0.55
n 630 0 0.55 0.5 0.45
n 631 0 0.45 0.44 0.35
n 632 0 0.633333 0.55 0.533333
n 633 0 0.65 0.53 0.45
n 634 0 0.55 0.47 0.35
n 635 0 0.683333 0.55 0.483333
n 636 0 0.65 0.5 0.35
n 637 0 0.45 0.47 0.65
n 638 0 0.35 0.53 0.55
n 639 0 0.316667 0.55 0.516667
n 640 0 0.55 0.44 0.65
n 641 0 0.35 0.56 0.45
n 642 0 0.366667 0.55 0.466667
n 643 0 0.65 0.41 0.65
n 644 0 0.55 0.47 0.55
n 645 0 0.45 0.53 0.45
n 646 0 0.35 0.59 0.35
n 647 0 0.416667 0.55 0.416667
n 648 0 0.333333 0.6 0.333333
n 649 0 0.65 0.44 0.55
n 650 0 0.45 0.56 0.35
n 651 0 0.466667 0.55 0.366667
n 652 0 0.65 0.47 0.45
n 653 0 0.55 0.53 0.35
n 654 0 0.516667 0.55 0.316667
n 655 0 0.35 0.6 0.65
n 656 0 0.45 0.63 0.65
n 657 0 0.35 0.57 0.55
n 658 0 0.483333 0.65 0.683333
n 659 0 0.55 0.66 0.65
n 660 0 0.45 0.6 0.55
n 661 0 0.35 0.54 0.45
n 662 0 0.533333 0.65 0.633333
n 663 0 0.65 0.69 0.65
n 664 0 0.55 0.63 0.55
n 665 0 0.45 0.57 0.45
n 666 0 0.35 0.51 0.35
n 667 0 0.583333 0.65 0.583333
n 668 0 0.666667 0.7 0.666667
n 669 0 0.65 0.66 0.55
n 670 0 0.55 0.6 0.45
n 671 0 0.45 0.54 0.35
n 672 0 0.633333 0.65 0.533333
n 673 0 0.65 0.63 0.45
n 674 0 0.55 0.57 0.35
n 675 0 0.683333 0.65 0.483333
n 676 0 0.65 0.6 0.35
n 677 0 0.45 0.57 0.65
n 678 0 0.35 0.63 0.55
n 679 0 0.316667 0.65 0.516667
n 680 0 0.55 0.54 0.65
n 681 0 0.35 0.66 0.45
n 682 0 0.366667 0.65 0.466667
n 683 0 0.65 0.51 0.65
n 684 0 0.55 0.57 0.55
n 685 0 0.45 0.63 0.45
n 686 0 0.35 0.69 0.35
n 687 0 0.416667 0.65 0.416667
n 688 0 0.333333 0.7 0.333333
n 689 0 0.65 0.54 0.55
n 690 0 0.45 0.66 0.35
n 691 0 0.466667 0.65 0.366667
n 692 0 0.65 0.57 0.45
n 693 0 0.55 0.63 0.35
n 694 0 0.516667 0.65 0.316667
n 695 0 0.35 0.7 0.65
n 696 0 0.45 0.73 0.65
n 697 0 0.35 0.67 0.55
n 698 0 0.483333 0.75 0.683333
n 699 0 0.55 0.76 0.65
n 700 0 0.45 0.7 0.55
n 701 0 0.35 0.64 0.45
n 702 0 0.533333 0.75 0.633333
n 703 0 0.65 0.79 0.65
n 704 0 0.55 0.73 0.55
n 705 0 0.45 0.67 0.45
n 706 0 0.35 0.61 0.35
n 707 0 0.583333 0.75 0.583333
n 708 0 0.666667 0.8 0.666667
n 709 0 0.65 0.76 0.55
n 710 0 0.55 0.7 0.45
n 711 0 0.45 0.64 0.35
n 712 0 0.633333 0.75 0.533333
n 713 0 0.65 0.73 0.45
n 714 0 0.55 0.67 0.35
n 715 0 0.683333 0.75 0.483333
n 716 0 0.65 0.7 0.35
n 717 0 0.45 0.67 0.65
n 718 0 0.35 0.73 0.55
n 719 0 0.316667 0.75 0.516667
n 720 0 0.55 0.64 0.65
n 721 0 0.35 0.76 0.45
n 722 0 0.366667 0.75 0.466667
n 723 0 0.65 0.61 0.65
n 724 0 0.55 0.67 0.55
n 725 0 0.45 0.73 0.45
n 726 0 0.35 0.79 0.35
n 727 0 0.416667 0.75 0.416667
n 728 0 0.333333 0.8 0.333333
n 729 0 0.65 0.64 0.55
n 730 0 0.45 0.76 0.35
n 731 0 0.466667 0.75 0.366667
n 732 0 0.65 0.67 0.45
n 733 0 0.55 0.73 0.35
n 734 0 0.516667 0.75 0.316667
n 735 0 0.35 0.8 0.65
n 736 0 0.45 0.83 0.65
n 737 0 0.35 0.77 0.55
n 738 0 0.483333 0.85 0.683333
n 739 0 0.55 0.86 0.65
n 740 0 0.45 0.8 0.55
n 741 0 0.35 0.74 0.45
n 742 0 0.533333 0.85 0.633333
n 743 0 0.65 0.89 0.65
n 744 0 0.55 0.83 0.55
n 745 0 0.45 0.77 0.45
n 746 0 0.35 0.71 0.35
n 747 0 0.583333 0.85 0.583333
n 748 0 0.65 0.86 0.55
n 749 0 0.55 0.8 0.45
n 750 0 0.45 0.74 0.35
n 751 0 0.633333 0.85 0.533333
n 752 0 0.65 0.83 0.45
n 753 0 0.55 0.77 0.35
n 754 0 0.683333 0.85 0.483333
n 755 0 0.65 0.8 0.35
n 756 0 0.45 0.77 0.65
n 757 0 0.35 0.83 0.55
n 758 0 0.316667 0.85 0.516667
n 759 0 0.55 0.74 0.65
n 760 0 0.35 0.86 0.45
n 761 0 0.366667 0.85 0.466667
n 762 0 0.65 0.71 0.65
n 763 0 0.55 0.77 0.55
n 764 0 0.45 0.83 0.45
n 765 0 0.35 0.89 0.35
n 766 0 0.416667 0.85 0.416667
n 767 0 0.65 0.74 0.55
n 768 0 0.45 0.86 0.35
n 769 0 0.466667 0.85 0.366667
n 770 0 0.65 0.77 0.45
n 771 0 0.55 0.83 0.35
n 772 0 0.516667 0.85 0.316667
n 773 0 0.35 0.9 0.65
n 774 0 0.45 0.93 0.65
n 775 0 0.35 0.87 0.55
n 776 0 0.55 0.96 0.65
n 777 0 0.45 0.9 0.55
n 778 0 0.35 0.84 0.45
n 779 0 0.65 0.99 0.65
n 780 0 0.55 0.93 0.55
n 781 0 0.45 0.87 0.45
n 782 0 0.35 0.81 0.35
n 783 0 0.65 0.96 0.55
n 784 0 0.55 0.9 0.45
n 785 0 0.45 0.84 0.35
n 786 0 0.65 0.93 0.45
n 787 0 0.55 0.87 0.35
n 788 0 0.65 0.9 0.35
n 789 0 0.45 0.87 0.65
n 790 0 0.35 0.93 0.55
n 791 0 0.55 0.84 0.65
n 792 0 0.35 0.96 0.45
n 793 0 0.65 0.81 0.65
n 794 0 0.55 0.87 0.55
n 795 0 0.45 0.93 0.45
n 796 0 0.35 0.99 0.35
n 797 0 0.65 0.84 0.55
n 798 0 0.45 0.96 0.35
n 799 0 0.65 0.87 0.45
n 800 0 0.55 0.93 0.35
