b 413 137 1 1 1 0 0 0
f 0 0.01 0 168 152 136 120 104 88 72 56 1 
f 1 0.01 2 166 150 134 118 102 86 70 54 3 
f 2 0.01 4 164 148 132 116 100 84 68 52 5 
f 3 0.01 6 146 162 114 130 82 98 50 66 7 
f 4 0.01 8 161 177 129 145 97 113 65 81 9 
f 5 0.01 10 171 155 139 123 107 91 75 59 11 
f 6 0.01 12 185 184 183 182 181 180 179 178 13 
f 7 0.01 14 192 193 190 191 188 189 186 187 15 
f 8 0.01 16 200 201 198 199 196 197 194 195 17 
f 9 0.01 18 147 163 115 131 83 99 51 67 19 
f 10 0.01 20 173 157 141 125 109 93 77 61 21 
f 11 0.01 22 208 209 206 207 204 205 202 203 23 
f 12 0.01 24 216 217 214 215 212 213 210 211 25 
f 13 0.01 26 224 225 222 223 220 221 218 219 27 
f 14 0.01 28 149 117 165 85 133 53 101 69 29 
f 15 0.01 30 159 175 127 143 95 111 63 79 31 
f 16 0.01 32 232 233 230 231 228 229 226 227 33 
f 17 0.01 34 240 241 238 239 236 237 234 235 35 
f 18 0.01 36 248 246 249 244 247 242 245 243 37 
f 19 0.01 38 151 119 167 87 135 55 103 71 39 
f 20 0.01 40 160 176 128 144 96 112 64 80 41 
f 21 0.01 42 158 174 126 142 94 110 62 78 43 
f 22 0.01 44 156 124 172 92 140 60 108 76 45 
f 23 0.01 46 154 122 170 90 138 58 106 74 47 
f 24 0.01 48 153 121 169 89 137 57 105 49 
f 25 0.01 50 250 51 
f 26 0.01 52 253 252 194 251 254 53 
f 27 0.01 54 257 258 186 256 218 259 255 55 
f 28 0.01 56 263 178 264 262 210 261 265 242 260 57 
f 29 0.01 58 266 270 234 267 202 269 268 59 
f 30 0.01 60 274 271 226 272 273 61 
f 31 0.01 62 275 63 
f 32 0.01 58 260 55 
f 33 0.01 60 266 242 255 53 
f 34 0.01 62 271 234 261 218 251 51 
f 35 0.01 64 275 226 267 210 256 194 250 65 
f 36 0.01 63 272 202 262 186 252 50 
f 37 0.01 61 268 178 257 52 
f 38 0.01 59 263 54 
f 39 0.01 66 276 67 
f 40 0.01 68 253 278 195 277 69 
f 41 0.01 70 281 258 187 280 219 279 71 
f 42 0.01 72 285 179 264 284 211 283 243 282 73 
f 43 0.01 74 286 235 287 203 269 288 75 
f 44 0.01 76 289 227 290 273 77 
f 45 0.01 78 291 79 
f 46 0.01 74 282 71 
f 47 0.01 76 286 243 279 69 
f 48 0.01 78 289 235 283 219 277 67 
f 49 0.01 80 291 227 287 211 280 195 276 81 
f 50 0.01 79 290 203 284 187 278 66 
f 51 0.01 77 288 179 281 68 
f 52 0.01 75 285 70 
f 53 0.01 82 292 83 
f 54 0.01 84 295 294 196 293 296 85 
f 55 0.01 86 299 300 188 298 220 301 297 87 
f 56 0.01 88 305 180 306 304 212 303 307 244 302 89 
f 57 0.01 90 308 312 236 309 204 311 310 91 
f 58 0.01 92 316 313 228 314 315 93 
f 59 0.01 94 317 95 
f 60 0.01 90 302 87 
f 61 0.01 92 308 244 297 85 
f 62 0.01 94 313 236 303 220 293 83 
f 63 0.01 96 317 228 309 212 298 196 292 97 
f 64 0.01 95 314 204 304 188 294 82 
f 65 0.01 93 310 180 299 84 
f 66 0.01 91 305 86 
f 67 0.01 98 318 99 
f 68 0.01 100 295 320 197 319 254 101 
f 69 0.01 102 323 300 189 322 221 259 321 103 
f 70 0.01 104 327 181 306 326 213 325 265 245 324 105 
f 71 0.01 106 328 270 237 329 205 311 330 107 
f 72 0.01 108 274 331 229 332 315 109 
f 73 0.01 110 333 111 
f 74 0.01 106 324 103 
f 75 0.01 108 328 245 321 101 
f 76 0.01 110 331 237 325 221 319 99 
f 77 0.01 112 333 229 329 213 322 197 318 113 
f 78 0.01 111 332 205 326 189 320 98 
f 79 0.01 109 330 181 323 100 
f 80 0.01 107 327 102 
f 81 0.01 114 334 115 
f 82 0.01 116 337 336 198 335 338 117 
f 83 0.01 118 341 342 190 340 222 343 339 119 
f 84 0.01 120 347 182 348 346 214 345 349 246 344 121 
f 85 0.01 122 350 354 238 351 206 353 352 123 
f 86 0.01 124 358 355 230 356 357 125 
f 87 0.01 126 359 127 
f 88 0.01 122 344 119 
f 89 0.01 124 350 246 339 117 
f 90 0.01 126 355 238 345 222 335 115 
f 91 0.01 128 359 230 351 214 340 198 334 129 
f 92 0.01 127 356 206 346 190 336 114 
f 93 0.01 125 352 182 341 116 
f 94 0.01 123 347 118 
f 95 0.01 130 360 131 
f 96 0.01 132 337 362 199 361 296 133 
f 97 0.01 134 365 342 191 364 223 301 363 135 
f 98 0.01 136 369 183 348 368 215 367 307 247 366 137 
f 99 0.01 138 370 312 239 371 207 353 372 139 
f 100 0.01 140 316 373 231 374 357 141 
f 101 0.01 142 375 143 
f 102 0.01 138 366 135 
f 103 0.01 140 370 247 363 133 
f 104 0.01 142 373 239 367 223 361 131 
f 105 0.01 144 375 231 371 215 364 199 360 145 
f 106 0.01 143 374 207 368 191 362 130 
f 107 0.01 141 372 183 365 132 
f 108 0.01 139 369 134 
f 109 0.01 146 376 147 
f 110 0.01 148 379 378 200 377 149 
f 111 0.01 150 382 383 192 381 224 380 151 
f 112 0.01 152 387 184 388 386 216 385 248 384 153 
f 113 0.01 154 389 240 390 208 392 391 155 
f 114 0.01 156 393 232 394 395 157 
f 115 0.01 158 396 159 
f 116 0.01 154 384 151 
f 117 0.01 156 389 248 380 149 
f 118 0.01 158 393 240 385 224 377 147 
f 119 0.01 160 396 232 390 216 381 200 376 161 
f 120 0.01 159 394 208 386 192 378 146 
f 121 0.01 157 391 184 382 148 
f 122 0.01 155 387 150 
f 123 0.01 162 397 163 
f 124 0.01 164 379 399 201 398 338 165 
f 125 0.01 166 402 383 193 401 225 343 400 167 
f 126 0.01 168 406 185 388 405 217 404 349 249 403 169 
f 127 0.01 170 407 354 241 408 209 392 409 171 
f 128 0.01 172 358 410 233 411 395 173 
f 129 0.01 174 412 175 
f 130 0.01 170 403 167 
f 131 0.01 172 407 249 400 165 
f 132 0.01 174 410 241 404 225 398 163 
f 133 0.01 176 412 233 408 217 401 201 397 177 
f 134 0.01 175 411 209 405 193 399 162 
f 135 0.01 173 409 185 402 164 
f 136 0.01 171 406 166 
n 0 2 0.3 1 0.3
n 1 2 0.3 0 0.3
n 2 2 0.3 1 0.4
n 3 2 0.3 0 0.4
n 4 2 0.3 1 0.5
n 5 2 0.3 0 0.5
n 6 2 0.3 1 0.6
n 7 2 0.3 0 0.6
n 8 2 0.3 1 0.7
n 9 2 0.3 0 0.7
n 10 2 0.4 1 0.3
n 11 2 0.4 0 0.3
n 12 2 0.4 1 0.4
n 13 2 0.4 0 0.4
n 14 2 0.4 1 0.5
n 15 2 0.4 0 0.5
n 16 2 0.4 1 0.6
n 17 2 0.4 0 0.6
n 18 2 0.4 1 0.7
n 19 2 0.4 0 0.7
n 20 2 0.5 1 0.3
n 21 2 0.5 0 0.3
n 22 2 0.5 1 0.4
n 23 2 0.5 0 0.4
n 24 2 0.5 1 0.5
n 25 2 0.5 0 0.5
n 26 2 0.5 1 0.6
n 27 2 0.5 0 0.6
n 28 2 0.5 1 0.7
n 29 2 0.5 0 0.7
n 30 2 0.6 1 0.3
n 31 2 0.6 0 0.3
n 32 2 0.6 1 0.4
n 33 2 0.6 0 0.4
n 34 2 0.6 1 0.5
n 35 2 0.6 0 0.5
n 36 2 0.6 1 0.6
n 37 2 0.6 0 0.6
n 38 2 0.6 1 0.7
n 39 2 0.6 0 0.7
n 40 2 0.7 1 0.3
n 41 2 0.7 0 0.3
n 42 2 0.7 1 0.4
n 43 2 0.7 0 0.4
n 44 2 0.7 1 0.5
n 45 2 0.7 0 0.5
n 46 2 0.7 1 0.6
n 47 2 0.7 0 0.6
n 48 2 0.7 1 0.7
n 49 2 0.7 0 0.7
n 50 0 0.3 0.17 0.6
n 51 0 0.4 0.23 0.7
n 52 0 0.3 0.14 0.5
n 53 0 0.5 0.26 0.7
n 54 0 0.3 0.11 0.4
n 55 0 0.6 0.29 0.7
n 56 0 0.3 0.08 0.3
n 57 0 0.7 0.32 0.7
n 58 0 0.7 0.29 0.6
n 59 0 0.4 0.11 0.3
n 60 0 0.7 0.26 0.5
n 61 0 0.5 0.14 0.3
n 62 0 0.7 0.23 0.4
n 63 0 0.6 0.17 0.3
n 64 0 0.7 0.2 0.3
n 65 0 0.3 0.2 0.7
n 66 0 0.3 0.13 0.6
n 67 0 0.4 0.07 0.7
n 68 0 0.3 0.16 0.5
n 69 0 0.5 0.04 0.7
n 70 0 0.3 0.19 0.4
n 71 0 0.6 0.01 0.7
n 72 0 0.3 0.22 0.3
n 73 2 0.666667 0 0.666667
n 74 0 0.7 0.01 0.6
n 75 0 0.4 0.19 0.3
n 76 0 0.7 0.04 0.5
n 77 0 0.5 0.16 0.3
n 78 0 0.7 0.07 0.4
n 79 0 0.6 0.13 0.3
n 80 0 0.7 0.1 0.3
n 81 0 0.3 0.1 0.7
n 82 0 0.3 0.37 0.6
n 83 0 0.4 0.43 0.7
n 84 0 0.3 0.34 0.5
n 85 0 0.5 0.46 0.7
n 86 0 0.3 0.31 0.4
n 87 0 0.6 0.49 0.7
n 88 0 0.3 0.28 0.3
n 89 0 0.7 0.52 0.7
n 90 0 0.7 0.49 0.6
n 91 0 0.4 0.31 0.3
n 92 0 0.7 0.46 0.5
n 93 0 0.5 0.34 0.3
n 94 0 0.7 0.43 0.4
n 95 0 0.6 0.37 0.3
n 96 0 0.7 0.4 0.3
n 97 0 0.3 0.4 0.7
n 98 0 0.3 0.33 0.6
n 99 0 0.4 0.27 0.7
n 100 0 0.3 0.36 0.5
n 101 0 0.5 0.24 0.7
n 102 0 0.3 0.39 0.4
n 103 0 0.6 0.21 0.7
n 104 0 0.3 0.42 0.3
n 105 0 0.7 0.18 0.7
n 106 0 0.7 0.21 0.6
n 107 0 0.4 0.39 0.3
n 108 0 0.7 0.24 0.5
n 109 0 0.5 0.36 0.3
n 110 0 0.7 0.27 0.4
n 111 0 0.6 0.33 0.3
n 112 0 0.7 0.3 0.3
n 113 0 0.3 0.3 0.7
n 114 0 0.3 0.57 0.6
n 115 0 0.4 0.63 0.7
n 116 0 0.3 0.54 0.5
n 117 0 0.5 0.66 0.7
n 118 0 0.3 0.51 0.4
n 119 0 0.6 0.69 0.7
n 120 0 0.3 0.48 0.3
n 121 0 0.7 0.72 0.7
n 122 0 0.7 0.69 0.6
n 123 0 0.4 0.51 0.3
n 124 0 0.7 0.66 0.5
n 125 0 0.5 0.54 0.3
n 126 0 0.7 0.63 0.4
n 127 0 0.6 0.57 0.3
n 128 0 0.7 0.6 0.3
n 129 0 0.3 0.6 0.7
n 130 0 0.3 0.53 0.6
n 131 0 0.4 0.47 0.7
n 132 0 0.3 0.56 0.5
n 133 0 0.5 0.44 0.7
n 134 0 0.3 0.59 0.4
n 135 0 0.6 0.41 0.7
n 136 0 0.3 0.62 0.3
n 137 0 0.7 0.38 0.7
n 138 0 0.7 0.41 0.6
n 139 0 0.4 0.59 0.3
n 140 0 0.7 0.44 0.5
n 141 0 0.5 0.56 0.3
n 142 0 0.7 0.47 0.4
n 143 0 0.6 0.53 0.3
n 144 0 0.7 0.5 0.3
n 145 0 0.3 0.5 0.7
n 146 0 0.3 0.77 0.6
n 147 0 0.4 0.83 0.7
n 148 0 0.3 0.74 0.5
n 149 0 0.5 0.86 0.7
n 150 0 0.3 0.71 0.4
n 151 0 0.6 0.89 0.7
n 152 0 0.3 0.68 0.3
n 153 0 0.7 0.92 0.7
n 154 0 0.7 0.89 0.6
n 155 0 0.4 0.71 0.3
n 156 0 0.7 0.86 0.5
n 157 0 0.5 0.74 0.3
n 158 0 0.7 0.83 0.4
n 159 0 0.6 0.77 0.3
n 160 0 0.7 0.8 0.3
n 161 0 0.3 0.8 0.7
n 162 0 0.3 0.73 0.6
n 163 0 0.4 0.67 0.7
n 164 0 0.3 0.76 0.5
n 165 0 0.5 0.64 0.7
n 166 0 0.3 0.79 0.4
n 167 0 0.6 0.61 0.7
n 168 0 0.3 0.82 0.3
n 169 0 0.7 0.58 0.7
n 170 0 0.7 0.61 0.6
n 171 0 0.4 0.79 0.3
n 172 0 0.7 0.64 0.5
n 173 0 0.5 0.76 0.3
n 174 0 0.7 0.67 0.4
n 175 0 0.6 0.73 0.3
n 176 0 0.7 0.7 0.3
n 177 0 0.3 0.7 0.7
n 178 0 0.4 0.14 0.4
n 179 0 0.4 0.16 0.4
n 180 0 0.4 0.34 0.4
n 181 0 0.4 0.36 0.4
n 182 0 0.4 0.54 0.4
n 183 0 0.4 0.56 0.4
n 184 0 0.4 0.74 0.4
n 185 0 0.4 0.76 0.4
n 186 0 0.4 0.17 0.5
n 187 0 0.4 0.13 0.5
n 188 0 0.4 0.37 0.5
n 189 0 0.4 0.33 0.5
n 190 0 0.4 0.57 0.5
n 191 0 0.4 0.53 0.5
n 192 0 0.4 0.77 0.5
n 193 0 0.4 0.73 0.5
n 194 0 0.4 0.2 0.6
n 195 0 0.4 0.1 0.6
n 196 0 0.4 0.4 0.6
n 197 0 0.4 0.3 0.6
n 198 0 0.4 0.6 0.6
n 199 0 0.4 0.5 0.6
n 200 0 0.4 0.8 0.6
n 201 0 0.4 0.7 0.6
n 202 0 0.5 0.17 0.4
n 203 0 0.5 0.13 0.4
n 204 0 0.5 0.37 0.4
n 205 0 0.5 0.33 0.4
n 206 0 0.5 0.57 0.4
n 207 0 0.5 0.53 0.4
n 208 0 0.5 0.77 0.4
n 209 0 0.5 0.73 0.4
n 210 0 0.5 0.2 0.5
n 211 0 0.5 0.1 0.5
n 212 0 0.5 0.4 0.5
n 213 0 0.5 0.3 0.5
n 214 0 0.5 0.6 0.5
n 215 0 0.5 0.5 0.5
n 216 0 0.5 0.8 0.5
n 217 0 0.5 0.7 0.5
n 218 0 0.5 0.23 0.6
n 219 0 0.5 0.07 0.6
n 220 0 0.5 0.43 0.6
n 221 0 0.5 0.27 0.6
n 222 0 0.5 0.63 0.6
n 223 0 0.5 0.47 0.6
n 224 0 0.5 0.83 0.6
n 225 0 0.5 0.67 0.6
n 226 0 0.6 0.2 0.4
n 227 0 0.6 0.1 0.4
n 228 0 0.6 0.4 0.4
n 229 0 0.6 0.3 0.4
n 230 0 0.6 0.6 0.4
n 231 0 0.6 0.5 0.4
n 232 0 0.6 0.8 0.4
n 233 0 0.6 0.7 0.4
n 234 0 0.6 0.23 0.5
n 235 0 0.6 0.07 0.5
n 236 0 0.6 0.43 0.5
n 237 0 0.6 0.27 0.5
n 238 0 0.6 0.63 0.5
n 239 0 0.6 0.47 0.5
n 240 0 0.6 0.83 0.5
n 241 0 0.6 0.67 0.5
n 242 0 0.6 0.26 0.6
n 243 0 0.6 0.04 0.6
n 244 0 0.6 0.46 0.6
n 245 0 0.6 0.24 0.6
n 246 0 0.6 0.66 0.6
n 247 0 0.6 0.44 0.6
n 248 0 0.6 0.86 0.6
n 249 0 0.6 0.64 0.6
n 250 0 0.35 0.2 0.65
n 251 0 0.45 0.23 0.65
n 252 0 0.35 0.17 0.55
n 253 0 0.316667 0.15 0.516667
n 254 0 0.483333 0.25 0.683333
n 255 0 0.55 0.26 0.65
n 256 0 0.45 0.2 0.55
n 257 0 0.35 0.14 0.45
n 258 0 0.366667 0.15 0.466667
n 259 0 0.533333 0.25 0.633333
n 260 0 0.65 0.29 0.65
n 261 0 0.55 0.23 0.55
n 262 0 0.45 0.17 0.45
n 263 0 0.35 0.11 0.35
n 264 0 0.416667 0.15 0.416667
n 265 0 0.583333 0.25 0.583333
n 266 0 0.65 0.26 0.55
n 267 0 0.55 0.2 0.45
n 268 0 0.45 0.14 0.35
n 269 0 0.466667 0.15 0.366667
n 270 0 0.633333 0.25 0.533333
n 271 0 0.65 0.23 0.45
n 272 0 0.55 0.17 0.35
n 273 0 0.516667 0.15 0.316667
n 274 0 0.683333 0.25 0.483333
n 275 0 0.65 0.2 0.35
n 276 0 0.35 0.1 0.65
n 277 0 0.45 0.07 0.65
n 278 0 0.35 0.13 0.55
n 279 0 0.55 0.04 0.65
n 280 0 0.45 0.1 0.55
n 281 0 0.35 0.16 0.45
n 282 0 0.65 0.01 0.65
n 283 0 0.55 0.07 0.55
n 284 0 0.45 0.13 0.45
n 285 0 0.35 0.19 0.35
n 286 0 0.65 0.04 0.55
n 287 0 0.55 0.1 0.45
n 288 0 0.45 0.16 0.35
n 289 0 0.65 0.07 0.45
n 290 0 0.55 0.13 0.35
n 291 0 0.65 0.1 0.35
n 292 0 0.35 0.4 0.65
n 293 0 0.45 0.43 0.65
n 294 0 0.35 0.37 0.55
n 295 0 0.316667 0.35 0.516667
n 296 0 0.483333 0.45 0.683333
n 297 0 0.55 0.46 0.65
n 298 0 0.45 0.4 0.55
n 299 0 0.35 0.34 0.45
n 300 0 0.366667 0.35 0.466667
n 301 0 0.533333 0.45 0.633333
n 302 0 0.65 0.49 0.65
n 303 0 0.55 0.43 0.55
n 304 0 0.45 0.37 0.45
n 305 0 0.35 0.31 0.35
n 306 0 0.416667 0.35 0.416667
n 307 0 0.583333 0.45 0.583333
n 308 0 0.65 0.46 0.55
n 309 0 0.55 0.4 0.45
n 310 0 0.45 0.34 0.35
n 311 0 0.466667 0.35 0.366667
n 312 0 0.633333 0.45 0.533333
n 313 0 0.65 0.43 0.45
n 314 0 0.55 0.37 0.35
n 315 0 0.516667 0.35 0.316667
n 316 0 0.683333 0.45 0.483333
n 317 0 0.65 0.4 0.35
n 318 0 0.35 0.3 0.65
n 319 0 0.45 0.27 0.65
n 320 0 0.35 0.33 0.55
n 321 0 0.55 0.24 0.65
n 322 0 0.45 0.3 0.55
n 323 0 0.35 0.36 0.45
n 324 0 0.65 0.21 0.65
n 325 0 0.55 0.27 0.55
n 326 0 0.45 0.33 0.45
n 327 0 0.35 0.39 0.35
n 328 0 0.65 0.24 0.55
n 329 0 0.55 0.3 0.45
n 330 0 0.45 0.36 0.35
n 331 0 0.65 0.27 0.45
n 332 0 0.55 0.33 0.35
n 333 0 0.65 0.3 0.35
n 334 0 0.35 0.6 0.65
n 335 0 0.45 0.63 0.65
n 336 0 0.35 0.57 0.55
n 337 0 0.316667 0.55 0.516667
n 338 0 0.483333 0.65 0.683333
n 339 0 0.55 0.66 0.65
n 340 0 0.45 0.6 0.55
n 341 0 0.35 0.54 0.45
n 342 0 0.366667 0.55 0.466667
n 343 0 0.533333 0.65 0.633333
n 344 0 0.65 0.69 0.65
n 345 0 0.55 0.63 0.55
n 346 0 0.45 0.57 0.45
n 347 0 0.35 0.51 0.35
n 348 0 0.416667 0.55 0.416667
n 349 0 0.583333 0.65 0.583333
n 350 0 0.65 0.66 0.55
n 351 0 0.55 0.6 0.45
n 352 0 0.45 0.54 0.35
n 353 0 0.466667 0.55 0.366667
n 354 0 0.633333 0.65 0.533333
n 355 0 0.65 0.63 0.45
n 356 0 0.55 0.57 0.35
n 357 0 0.516667 0.55 0.316667
n 358 0 0.683333 0.65 0.483333
n 359 0 0.65 0.6 0.35
n 360 0 0.35 0.5 0.65
n 361 0 0.45 0.47 0.65
n 362 0 0.35 0.53 0.55
n 363 0 0.55 0.44 0.65
n 364 0 0.45 0.5 0.55
n 365 0 0.35 0.56 0.45
n 366 0 0.65 0.41 0.65
n 367 0 0.55 0.47 0.55
n 368 0 0.45 0.53 0.45
n 369 0 0.35 0.59 0.35
n 370 0 0.65 0.44 0.55
n 371 0 0.55 0.5 0.45
n 372 0 0.45 0.56 0.35
n 373 0 0.65 0.47 0.45
n 374 0 0.55 0.53 0.35
n 375 0 0.65 0.5 0.35
n 376 0 0.35 0.8 0.65
n 377 0 0.45 0.83 0.65
n 378 0 0.35 0.77 0.55
n 379 0 0.316667 0.75 0.516667
n 380 0 0.55 0.86 0.65
n 381 0 0.45 0.8 0.55
n 382 0 0.35 0.74 0.45
n 383 0 0.366667 0.75 0.466667
n 384 0 0.65 0.89 0.65
n 385 0 0.55 0.83 0.55
n 386 0 0.45 0.77 0.45
n 387 0 0.35 0.71 0.35
n 388 0 0.416667 0.75 0.416667
n 389 0 0.65 0.86 0.55
n 390 0 0.55 0.8 0.45
n 391 0 0.45 0.74 0.35
n 392 0 0.466667 0.75 0.366667
n 393 0 0.65 0.83 0.45
n 394 0 0.55 0.77 0.35
n 395 0 0.516667 0.75 0.316667
n 396 0 0.65 0.8 0.35
n 397 0 0.35 0.7 0.65
n 398 0 0.45 0.67 0.65
n 399 0 0.35 0.73 0.55
n 400 0 0.55 0.64 0.65
n 401 0 0.45 0.7 0.55
n 402 0 0.35 0.76 0.45
n 403 0 0.65 0.61 0.65
n 404 0 0.55 0.67 0.55
n 405 0 0.45 0.73 0.45
n 406 0 0.35 0.79 0.35
n 407 0 0.65 0.64 0.55
n 408 0 0.55 0.7 0.45
n 409 0 0.45 0.76 0.35
n 410 0 0.65 0.67 0.45
n 411 0 0.55 0.73 0.35
n 412 0 0.65 0.7 0.35
