b 2084 825 1 1 1 1 0 1
f 0 0.01 0 609 603 610 605 608 600 606 602 1 
f 1 0.01 2 615 611 616 619 613 621 618 3 
f 2 0.01 4 629 624 626 622 627 630 625 628 623 5 
f 3 0.01 6 643 642 644 646 648 635 637 631 633 639 641 7 
f 4 0.01 8 650 651 652 649 9 
f 5 0.01 10 658 664 660 656 659 655 662 653 11 
f 6 0.01 12 667 666 13 
f 7 0.01 14 649 674 672 670 671 15 
f 8 0.01 16 685 676 687 680 678 688 682 683 17 
f 9 0.01 18 693 694 692 690 697 19 
f 10 0.01 20 700 710 708 704 703 706 701 699 21 
f 11 0.01 22 654 712 711 714 713 23 
f 12 0.01 24 721 720 716 718 25 
f 13 0.01 26 727 728 726 731 725 723 724 729 730 722 27 
f 14 0.01 28 733 735 741 738 739 737 740 29 
f 15 0.01 30 743 747 748 749 745 31 
f 16 0.01 32 655 751 33 
f 17 0.01 34 754 612 756 758 601 753 762 760 765 35 
f 18 0.01 36 775 770 774 773 767 771 768 632 772 37 
f 19 0.01 38 787 781 783 785 780 778 776 39 
f 20 0.01 40 791 792 789 790 794 795 793 41 
f 21 0.01 42 799 798 797 43 
f 22 0.01 44 805 803 801 806 804 45 
f 23 0.01 46 809 814 819 813 807 677 811 810 823 817 816 821 822 47 
f 24 0.01 48 824 825 830 722 827 829 828 49 
f 25 0.01 50 832 836 835 834 833 808 51 
f 26 0.01 52 842 837 843 841 844 840 838 53 
f 27 0.01 54 847 845 55 
f 28 0.01 56 849 851 850 57 
f 29 0.01 58 857 837 856 853 59 
f 30 0.01 60 861 863 865 866 868 859 789 858 61 
f 31 0.01 62 872 869 871 875 873 874 63 
f 32 0.01 64 883 886 879 884 878 877 869 634 766 880 882 65 
f 33 0.01 66 888 894 889 892 67 
f 34 0.01 68 904 901 895 902 790 858 899 900 896 898 69 
f 35 0.01 70 913 905 908 910 622 906 914 912 71 
f 36 0.01 72 921 922 916 917 919 918 920 73 
f 37 0.01 74 832 926 923 925 924 75 
f 38 0.01 76 928 937 929 927 936 938 931 935 930 932 933 77 
f 39 0.01 78 699 939 944 942 941 79 
f 40 0.01 80 949 950 734 947 81 946 
f 41 0.01 82 964 962 951 957 955 887 960 959 953 954 83 
f 42 0.01 84 969 978 965 974 968 876 975 977 971 870 979 976 973 85 
f 43 0.01 86 989 981 809 985 984 992 980 983 986 87 
f 44 0.01 88 1000 1002 998 996 1006 1004 994 1008 1010 1011 89 
f 45 0.01 90 1014 1018 1016 1013 91 
f 46 0.01 92 1019 1025 1020 1023 1022 1024 1026 93 
f 47 0.01 94 1027 1031 1038 1029 1033 1040 1032 1035 1041 95 
f 48 0.01 96 1042 1047 1054 810 1045 1044 1049 1053 1051 1048 97 
f 49 0.01 98 916 1055 1059 1060 1057 99 
f 50 0.01 100 1061 1063 1065 1062 1064 1066 1067 101 
f 51 0.01 102 1070 1072 1075 1069 1076 1074 1071 1068 103 
f 52 0.01 104 917 1055 1077 812 105 
f 53 0.01 106 1082 839 1080 1085 1083 1088 107 
f 54 0.01 108 1091 1089 1090 602 109 
f 55 0.01 110 623 1093 860 1097 1092 1095 1096 111 
f 56 0.01 112 1098 1106 1104 1107 1100 1079 1102 113 
f 57 0.01 114 1110 1111 736 1108 115 946 
f 58 0.01 116 1122 1117 1121 1112 1116 905 1113 624 1119 952 1114 117 
f 59 0.01 118 737 1123 670 1124 1125 1126 119 
f 60 0.01 120 1130 1131 802 1129 1134 1128 1133 121 
f 61 0.01 122 1138 1135 1139 1140 1141 1136 1137 123 
f 62 0.01 124 1142 1147 1149 1144 125 
f 63 0.01 126 1155 1157 1158 1151 1152 1150 1154 127 
f 64 0.01 128 1167 1164 1162 1165 1143 1160 129 
f 65 0.01 130 1170 1169 1174 1168 1173 852 1171 131 
f 66 0.01 132 1175 1179 1178 754 1176 824 1013 1177 133 
f 67 0.01 134 1185 1180 1184 1182 1068 135 
f 68 0.01 136 1187 1186 1042 923 1188 1190 833 813 650 137 
f 69 0.01 138 1194 1192 691 1197 1196 1199 993 139 
f 70 0.01 140 1203 1202 1207 679 1200 1205 1204 1206 141 
f 71 0.01 142 1211 927 1225 1224 995 1223 1216 1112 1213 1214 1208 966 1218 1210 1220 625 143 
f 72 0.01 144 1227 1228 1229 1226 145 
f 73 0.01 146 1234 1233 1056 1231 1236 1089 147 
f 74 0.01 148 1242 1240 1243 1245 1246 1226 149 
f 75 0.01 150 1248 1254 1058 1250 1256 1252 1255 1257 151 
f 76 0.01 152 1265 1266 862 1263 967 1262 1268 1259 1258 1261 657 153 
f 77 0.01 154 1275 715 1271 1272 1273 1274 681 1269 155 
f 78 0.01 156 1278 1281 1282 1279 157 
f 79 0.01 158 1287 1284 1283 1286 1135 1285 159 
f 80 0.01 160 1289 791 1288 907 1291 1290 161 
f 81 0.01 162 1296 1293 1294 1298 700 163 
f 82 0.01 164 1175 1303 1305 1308 871 877 1299 1301 1307 165 
f 83 0.01 166 1315 1316 1311 1314 1313 1317 1312 167 
f 84 0.01 168 792 1288 1319 895 1321 1318 169 
f 85 0.01 170 1322 1326 1069 1328 996 1324 171 
f 86 0.01 172 918 1333 797 1329 1168 1331 173 
f 87 0.01 174 1335 1336 769 1341 1345 604 1136 1338 1340 1343 175 
f 88 0.01 176 1353 744 750 1352 1347 1350 1258 1346 1348 1355 177 
f 89 0.01 178 980 1358 1360 1362 1357 179 
f 90 0.01 180 1366 1363 1368 1369 1371 1364 181 
f 91 0.01 182 1374 1373 1376 940 702 183 
f 92 0.01 184 1384 723 1388 1377 1390 1386 1015 1380 1382 1378 185 
f 93 0.01 186 1391 1395 1396 1392 1394 793 888 187 
f 94 0.01 188 1400 1397 1227 1402 658 1403 1399 1346 1259 189 
f 95 0.01 190 738 1405 1404 1406 1081 191 
f 96 0.01 192 1408 1410 1411 1413 1372 854 193 
f 97 0.01 194 1414 1415 1418 1144 1416 195 
f 98 0.01 196 815 982 1424 1422 1277 1420 614 1425 197 
f 99 0.01 198 659 1347 1426 1061 1427 1169 199 
f 100 0.01 200 1434 1043 1186 1428 1433 1145 1430 1432 1435 1436 201 
f 101 0.01 202 1439 1440 1128 1438 1437 1335 203 
f 102 0.01 204 1398 1446 1443 1444 1441 948 1109 205 
f 103 0.01 206 1452 1448 1028 872 1300 878 1449 1450 1232 864 1260 1451 1447 897 207 
f 104 0.01 208 846 1457 1454 1455 1187 1429 209 
f 105 0.01 210 1458 636 1337 1437 1459 1431 211 
f 106 0.01 212 1461 651 213 
f 107 0.01 214 1464 1062 1465 1466 1463 215 
f 108 0.01 216 1467 1472 1478 1474 1469 1471 1477 1475 1462 217 
f 109 0.01 218 1442 1480 1483 1481 692 219 
f 110 0.01 220 1486 803 1129 1454 1485 221 
f 111 0.01 222 605 1491 1492 1490 724 1494 1377 1495 1487 223 
f 112 0.01 224 1497 1499 1496 1310 225 
f 113 0.01 226 1503 1330 798 1504 1500 739 1123 1502 227 
f 114 0.01 228 1507 1509 1512 928 1513 1515 1505 1241 1511 1514 229 
f 115 0.01 230 1525 1519 1521 1522 1293 1523 1524 1516 703 1517 1518 941 231 
f 116 0.01 232 1233 1527 1526 1249 233 
f 117 0.01 234 1251 1531 1528 1530 1532 1533 1113 909 1539 1537 1536 1535 661 1399 1349 235 
f 118 0.01 236 1458 638 1302 1542 1092 1543 1540 911 626 237 
f 119 0.01 238 1545 1311 1544 1549 1547 912 239 
f 120 0.01 240 607 1552 1550 1176 755 1557 1554 1555 1558 241 
f 121 0.01 242 1177 243 
f 122 0.01 244 879 1562 1563 968 1561 1209 1559 1564 1262 1565 1351 245 
f 123 0.01 246 1566 1063 1170 1019 1567 247 1568 
f 124 0.01 248 1201 1570 1270 835 924 1188 1569 249 
f 125 0.01 250 890 1576 1529 1572 1573 1575 1574 251 
f 126 0.01 252 1090 1409 253 
f 127 0.01 254 1030 1578 1577 1582 1579 255 
f 128 0.01 256 1587 1585 1124 1589 1586 257 
f 129 0.01 258 919 1059 799 1501 1591 1590 259 
f 130 0.01 260 1596 1592 1593 1594 1551 757 615 1595 1577 261 
f 131 0.01 262 1432 1600 770 1598 816 1599 1601 1044 263 
f 132 0.01 264 1602 1253 1605 1606 1603 1488 265 
f 133 0.01 266 1607 713 1410 267 
f 134 0.01 268 1609 1613 1283 1611 1612 1578 1339 1137 269 
f 135 0.01 270 1468 1617 1621 1619 1614 1618 1616 271 
f 136 0.01 272 1254 1414 954 1289 273 
f 137 0.01 274 627 1632 1210 1623 1560 970 1630 1264 1622 746 1625 1580 1627 1295 1628 1516 705 275 
f 138 0.01 276 740 1502 671 1585 1634 1635 277 
f 139 0.01 278 1426 1566 1312 279 
f 140 0.01 280 1641 1640 1637 1115 1638 956 281 
f 141 0.01 282 1642 1645 1643 283 
f 142 0.01 284 1650 617 1647 1648 1651 1615 1642 285 
f 143 0.01 286 1652 1655 1653 1189 1456 1146 1433 1460 1598 1656 1657 287 
f 144 0.01 288 1480 1373 1658 1021 289 
f 145 0.01 290 1235 1527 1659 682 1202 1662 717 1660 1661 1161 1148 291 
f 146 0.01 292 1666 1592 1665 1663 1664 1421 618 293 
f 147 0.01 294 1670 1191 1675 1674 1672 693 1668 295 
f 148 0.01 296 1553 759 826 1676 1593 1679 1663 1678 1680 297 
f 149 0.01 298 1682 1340 1647 1683 299 
f 150 0.01 300 865 1265 1686 1447 898 1684 1687 301 
f 151 0.01 302 1290 1313 1688 1693 1099 1692 1690 303 
f 152 0.01 304 1695 1696 1652 1434 305 
f 153 0.01 306 1701 1412 1706 1517 1699 943 1704 1700 1703 307 
f 154 0.01 308 1707 628 1094 309 
f 155 0.01 310 1070 1712 1709 1716 1506 1720 929 1212 1714 1718 1711 311 
f 156 0.01 312 1150 1725 1724 1322 1722 1721 1723 1726 1554 313 
f 157 0.01 314 1730 1727 1728 1731 315 
f 158 0.01 316 1684 1733 873 1734 880 1735 640 1342 317 
f 159 0.01 318 1637 1736 1738 319 
f 160 0.01 320 1357 1736 1404 1740 840 321 
f 161 0.01 322 1746 761 1742 1750 1743 1749 1744 1046 1599 1745 1748 1752 818 323 
f 162 0.01 324 1541 972 1754 1755 1284 1610 1753 1756 325 
f 163 0.01 326 1757 1172 1125 1634 327 
f 164 0.01 328 1644 1759 1285 329 
f 165 0.01 330 874 763 1742 1761 1764 1271 719 1163 1762 331 
f 166 0.01 332 1130 1727 1766 1767 333 
f 167 0.01 334 1768 1771 973 1769 1770 1448 1031 335 
f 168 0.01 336 913 1116 1213 1773 1772 1622 337 
f 169 0.01 338 1775 1734 875 1237 1449 1777 867 1685 1776 1778 881 1561 974 1779 1624 1215 339 
f 170 0.01 340 1780 1781 1785 1783 341 
f 171 0.01 342 1788 1032 1789 1721 1786 343 
f 172 0.01 344 1611 1753 1790 1118 1217 1791 1793 1780 345 
f 173 0.01 346 1391 1794 794 899 347 
f 174 0.01 348 1654 1485 1457 349 
f 175 0.01 350 1795 1132 1486 805 1797 351 
f 176 0.01 352 641 772 1735 882 1775 1743 1761 1799 1203 353 
f 177 0.01 354 949 1110 1804 945 1518 1699 1669 1022 1800 1802 1803 355 
f 178 0.01 356 1807 1805 997 1138 1759 357 
f 179 0.01 358 1689 1314 1544 1813 1496 1363 1809 1811 359 
f 180 0.01 360 930 1519 1814 1816 1817 1815 1818 663 1354 361 
f 181 0.01 362 1819 747 1820 1822 1821 363 
f 182 0.01 364 1178 1304 1825 1181 1824 1520 931 1827 1782 1823 365 
f 183 0.01 366 1828 1830 1801 1023 1658 1375 1567 1829 1445 367 
f 184 0.01 368 1835 1833 1139 1832 1760 1034 1581 1286 369 
f 185 0.01 370 841 1405 742 1836 1838 1393 1840 849 1841 371 
f 186 0.01 372 777 1323 1844 999 1831 1842 1071 1183 1722 1787 373 
f 187 0.01 374 1401 1332 1173 855 1847 1846 842 375 
f 188 0.01 376 1590 1846 843 856 377 
f 189 0.01 378 1572 1848 1530 1849 1754 975 883 1562 1776 379 
f 190 0.01 380 1607 1556 1723 1851 1850 1852 1036 1788 381 
f 191 0.01 382 1854 1379 1255 1853 1602 383 
f 192 0.01 384 1858 1859 1857 1001 1806 779 1856 1604 1489 1768 385 
f 193 0.01 386 1365 1796 1415 1861 387 
f 194 0.01 388 1864 1064 1828 1024 1802 1700 1508 1862 1866 1868 389 1865 
f 195 0.01 390 1228 1402 1872 1870 1873 1874 1573 1848 1871 1531 1256 391 
f 196 0.01 392 1877 1359 1695 1876 1655 393 
f 197 0.01 394 1140 1832 1879 1133 1438 1880 395 
f 198 0.01 396 1450 1777 885 1238 1091 397 
f 199 0.01 398 1367 958 1639 1119 629 1870 1863 1881 1883 399 
f 200 0.01 400 1887 976 1769 1886 1884 401 
f 201 0.01 402 1888 1691 1784 1890 403 
f 202 0.01 404 1737 1640 673 1837 1702 405 
f 203 0.01 406 780 1856 1891 1605 1257 1853 1574 407 
f 204 0.01 408 1394 891 795 409 
f 205 0.01 410 920 1334 1641 1839 666 1892 411 
f 206 0.01 412 1819 1626 1582 413 
f 207 0.01 414 1193 1895 1671 1381 1017 828 764 1894 684 415 
f 208 0.01 416 1673 1855 1383 1060 417 
f 209 0.01 418 1575 1871 1532 1897 1755 977 886 1563 1778 868 1266 419 1686 
f 210 0.01 420 1463 1898 748 1820 421 
f 211 0.01 422 1798 1417 1149 1899 1903 1906 782 1901 1904 423 
f 212 0.01 424 1427 1174 1025 1829 1568 1446 1230 425 
f 213 0.01 426 1101 1084 1910 1907 1151 1242 1608 1710 1482 695 427 
f 214 0.01 428 1490 1915 1677 1594 1917 1914 1918 1912 429 
f 215 0.01 430 1900 1439 1919 1921 431 
f 216 0.01 432 1924 1927 642 1922 1925 1204 1926 1469 1923 1928 1929 1360 433 
f 217 0.01 434 1930 725 1385 435 
f 218 0.01 436 1932 1936 1470 1648 1935 1423 1933 437 
f 219 0.01 438 1419 1920 1440 1879 1834 1141 439 
f 220 0.01 440 1037 1453 1770 1003 1857 1938 1937 441 
f 221 0.01 442 1772 1821 1944 1942 932 1521 1814 1940 1941 668 443 
f 222 0.01 444 1945 1952 1913 643 1922 1947 1949 1951 445 
f 223 0.01 446 1395 1794 1318 1954 901 1498 447 
f 224 0.01 448 1464 1955 1583 1893 696 1595 1306 1956 449 
f 225 0.01 450 1534 1849 1897 959 1368 1810 1959 1958 1086 1103 1961 1908 451 
f 226 0.01 452 1576 893 961 1812 1369 1958 1962 1909 1087 1105 1964 453 
f 227 0.01 454 850 1968 1965 1471 1923 1969 1649 985 455 
f 228 0.01 456 1970 1971 925 1190 1569 686 457 
f 229 0.01 458 1711 1823 1785 1972 1815 1975 1974 1296 1973 459 
f 230 0.01 460 1682 1344 1976 461 
f 231 0.01 462 1946 1914 1932 1617 1473 1977 463 
f 232 0.01 464 1876 987 1696 1765 465 
f 233 0.01 466 1978 1297 707 933 1522 1816 1940 1980 1979 1972 752 467 
f 234 0.01 468 1708 1941 669 934 1298 1523 1981 1627 709 1584 1955 1864 1982 1066 469 
f 235 0.01 470 1924 1985 645 1948 1729 1766 1983 1697 1970 988 471 1984 
f 236 0.01 472 1986 1987 1278 1934 1618 1424 990 820 473 
f 237 0.01 474 1925 1990 851 1989 1840 1396 475 
f 238 0.01 476 477 
f 239 0.01 478 1991 720 1273 1078 1744 1996 1992 1994 620 1650 479 
f 240 0.01 480 1978 710 1524 1629 1981 1973 481 
f 241 0.01 482 1977 1931 1646 483 
f 242 0.01 484 1267 665 1403 1535 1356 1997 1564 1219 978 1631 485 
f 243 0.01 486 1998 1999 1898 2000 1465 1591 487 
f 244 0.01 488 2003 2005 2006 1048 2002 726 2004 2008 1164 2007 1902 784 489 
f 245 0.01 490 1872 2010 2009 1536 1997 1565 1268 491 
f 246 0.01 492 1880 1730 687 1274 721 1991 493 
f 247 0.01 494 1885 2011 786 2001 1280 495 
f 248 0.01 496 2013 1588 675 894 796 1687 497 
f 249 0.01 498 1315 2015 1546 2016 1692 1889 499 
f 250 0.01 500 773 1656 821 1745 2018 1049 2017 2019 501 
f 251 0.01 502 727 2002 1050 2022 2021 1993 1491 608 503 
f 252 0.01 504 1474 1966 1926 2024 1205 1571 2025 921 505 
f 253 0.01 506 1927 2027 647 1950 1732 1767 1988 1698 1971 991 507 1984 
f 254 0.01 508 1921 1096 1542 1307 922 509 
f 255 0.01 510 2028 2009 1538 1998 2029 1292 1548 2030 511 
f 256 0.01 512 630 1221 1633 1999 513 
f 257 0.01 514 903 1320 915 2032 1813 1316 2015 515 
f 258 0.01 516 1152 2035 1005 2033 517 
f 259 0.01 518 2003 609 1345 1039 519 
f 260 0.01 520 1361 1878 992 1967 1928 2037 1476 521 
f 261 0.01 522 1835 1425 621 1664 1678 2038 1986 523 
f 262 0.01 524 2010 800 2040 963 1370 1127 1636 1407 1741 525 
f 263 0.01 526 765 1747 829 1386 1018 1674 1195 2041 1713 1073 527 
f 264 0.01 528 1492 1916 2043 1387 728 2004 2045 2020 529 
f 265 0.01 530 1982 1067 1830 1026 1803 1703 1510 1882 2047 2049 531 1865 
f 266 0.01 532 964 2040 533 
f 267 0.01 534 1974 2051 1817 1979 1943 935 1525 2053 1824 1843 1074 535 
f 268 0.01 536 1841 1989 1968 537 
f 269 0.01 538 1309 2054 1493 610 1995 2005 2056 1052 539 
f 270 0.01 540 1435 2058 774 1657 822 1748 2059 1053 541 2017 
f 271 0.01 542 1325 1845 1006 2034 1613 1756 1287 1790 1120 2060 543 
f 272 0.01 544 1327 1724 2061 1153 545 
f 273 0.01 546 1985 2027 648 1951 1990 1206 2024 1477 1969 2037 547 1929 
f 274 0.01 548 1937 2063 1858 1184 1040 1976 549 
f 275 0.01 550 2042 1896 698 2065 2064 2067 1007 551 
f 276 0.01 552 1606 1891 1808 1075 1154 2062 1725 553 
f 277 0.01 554 2055 1957 1179 1826 1726 1851 1558 555 
f 278 0.01 556 1166 1763 1903 2068 2011 1886 1436 557 1600 2058 
f 279 0.01 558 1773 1121 1792 2069 1009 2073 936 2074 1715 1222 1511 2071 1156 1244 2070 559 
f 280 0.01 560 1620 1651 1935 1683 1597 1665 1679 2021 2044 1749 1996 561 
f 281 0.01 562 1705 1484 1512 2075 1196 2064 2076 1010 1223 2069 1793 1122 563 
f 282 0.01 564 1667 2077 729 1389 1494 1751 1764 1799 689 1207 1662 565 
f 283 0.01 566 1847 857 1589 1758 844 567 
f 284 0.01 568 1371 1960 1963 1499 2032 1549 2031 1694 1317 569 
f 285 0.01 570 1157 1245 2079 937 1513 1717 2082 1198 2066 2075 1867 2048 2081 1873 571 
f 286 0.01 572 2016 1106 573 
f 287 0.01 574 1376 575 
f 288 0.01 576 1281 1987 2038 1681 2023 2006 2057 1601 1752 2018 2059 823 577 
f 289 0.01 578 2000 749 1822 1818 1975 2052 579 
f 290 0.01 580 714 1413 1706 950 1111 1804 1739 1159 1247 2080 2072 581 
f 291 0.01 582 788 1905 2007 1276 1390 1495 2078 730 831 583 
f 292 0.01 584 1875 1869 2050 2081 1883 1774 1199 2067 2076 1012 1224 1719 2073 938 2083 585 
f 293 0.01 586 1515 2082 1720 1225 2074 2083 1827 587 
f 294 0.01 588 848 1041 1789 1852 1953 1918 1936 1621 1479 589 
f 295 0.01 590 1239 2026 836 926 591 
f 296 0.01 592 2036 1076 1328 1939 2063 1860 593 
f 297 0.01 594 2014 1961 1911 1088 1107 1964 904 1321 1954 595 
f 298 0.01 596 2012 1282 1167 2039 2008 2046 732 2019 597 
f 299 0.01 598 1887 1771 1906 2068 599 
f 300 0.01 600 601 
f 301 0.01 603 604 
f 302 0.01 606 607 
f 303 0.01 611 612 
f 304 0.01 613 614 
f 305 0.01 616 617 
f 306 0.01 619 620 
f 307 0.01 631 632 
f 308 0.01 633 634 
f 309 0.01 635 636 
f 310 0.01 637 638 
f 311 0.01 639 640 
f 312 0.01 6 429 
f 313 0.01 644 645 
f 314 0.01 646 647 
f 315 0.01 8 51 
f 316 0.01 652 220 
f 317 0.01 653 654 
f 318 0.01 656 657 
f 319 0.01 660 661 
f 320 0.01 662 663 
f 321 0.01 664 665 
f 322 0.01 12 275 
f 323 0.01 667 668 
f 324 0.01 12 669 
f 325 0.01 672 673 
f 326 0.01 674 675 
f 327 0.01 676 677 
f 328 0.01 678 679 
f 329 0.01 680 681 
f 330 0.01 683 684 
f 331 0.01 685 686 
f 332 0.01 688 689 
f 333 0.01 690 691 
f 334 0.01 694 695 
f 335 0.01 18 696 
f 336 0.01 697 698 
f 337 0.01 701 702 
f 338 0.01 704 705 
f 339 0.01 706 459 
f 340 0.01 20 707 
f 341 0.01 708 709 
f 342 0.01 711 59 
f 343 0.01 712 193 
f 344 0.01 22 402 
f 345 0.01 25 715 
f 346 0.01 716 717 
f 347 0.01 718 719 
f 348 0.01 731 732 
f 349 0.01 733 734 
f 350 0.01 735 736 
f 351 0.01 741 742 
f 352 0.01 743 744 
f 353 0.01 31 261 
f 354 0.01 745 746 
f 355 0.01 32 750 
f 356 0.01 751 752 
f 357 0.01 753 63 
f 358 0.01 34 755 
f 359 0.01 756 757 
f 360 0.01 758 759 
f 361 0.01 760 761 
f 362 0.01 762 763 
f 363 0.01 35 764 
f 364 0.01 37 766 
f 365 0.01 767 121 
f 366 0.01 768 769 
f 367 0.01 771 317 
f 368 0.01 775 557 
f 369 0.01 776 777 
f 370 0.01 778 779 
f 371 0.01 781 782 
f 372 0.01 783 784 
f 373 0.01 785 786 
f 374 0.01 787 788 
f 375 0.01 41 796 
f 376 0.01 43 800 
f 377 0.01 801 802 
f 378 0.01 804 348 
f 379 0.01 806 422 
f 380 0.01 807 808 
f 381 0.01 811 812 
f 382 0.01 814 815 
f 383 0.01 817 818 
f 384 0.01 819 820 
f 385 0.01 825 826 
f 386 0.01 827 322 
f 387 0.01 830 831 
f 388 0.01 834 155 
f 389 0.01 838 839 
f 390 0.01 845 846 
f 391 0.01 847 848 
f 392 0.01 57 179 
f 393 0.01 57 320 
f 394 0.01 58 852 
f 395 0.01 853 854 
f 396 0.01 58 855 
f 397 0.01 859 860 
f 398 0.01 861 862 
f 399 0.01 863 864 
f 400 0.01 866 867 
f 401 0.01 62 870 
f 402 0.01 62 598 
f 403 0.01 64 876 
f 404 0.01 64 881 
f 405 0.01 884 885 
f 406 0.01 67 887 
f 407 0.01 889 890 
f 408 0.01 66 891 
f 409 0.01 892 893 
f 410 0.01 896 897 
f 411 0.01 900 409 
f 412 0.01 902 903 
f 413 0.01 906 907 
f 414 0.01 908 909 
f 415 0.01 910 911 
f 416 0.01 70 389 
f 417 0.01 914 915 
f 418 0.01 70 531 
f 419 0.01 77 934 
f 420 0.01 78 162 
f 421 0.01 939 940 
f 422 0.01 942 943 
f 423 0.01 944 945 
f 424 0.01 947 948 
f 425 0.01 951 952 
f 426 0.01 953 194 
f 427 0.01 955 956 
f 428 0.01 957 958 
f 429 0.01 960 961 
f 430 0.01 962 963 
f 431 0.01 965 966 
f 432 0.01 84 967 
f 433 0.01 969 970 
f 434 0.01 971 972 
f 435 0.01 979 598 
f 436 0.01 981 982 
f 437 0.01 983 304 
f 438 0.01 984 392 
f 439 0.01 986 987 
f 440 0.01 86 988 
f 441 0.01 989 990 
f 442 0.01 86 991 
f 443 0.01 89 993 
f 444 0.01 994 995 
f 445 0.01 88 997 
f 446 0.01 998 999 
f 447 0.01 1000 1001 
f 448 0.01 1002 1003 
f 449 0.01 1004 1005 
f 450 0.01 89 1007 
f 451 0.01 1008 1009 
f 452 0.01 1011 1012 
f 453 0.01 1014 1015 
f 454 0.01 1016 292 
f 455 0.01 90 1017 
f 456 0.01 1020 1021 
f 457 0.01 1027 1028 
f 458 0.01 1029 1030 
f 459 0.01 1033 1034 
f 460 0.01 1035 1036 
f 461 0.01 94 1037 
f 462 0.01 1038 1039 
f 463 0.01 96 1043 
f 464 0.01 1045 1046 
f 465 0.01 1047 457 
f 466 0.01 97 1050 
f 467 0.01 1051 1052 
f 468 0.01 1054 577 
f 469 0.01 98 1056 
f 470 0.01 1057 1058 
f 471 0.01 1065 424 
f 472 0.01 103 132 
f 473 0.01 1072 1073 
f 474 0.01 1077 1078 
f 475 0.01 107 1079 
f 476 0.01 1080 1081 
f 477 0.01 1082 321 
f 478 0.01 1083 1084 
f 479 0.01 1085 1086 
f 480 0.01 107 1087 
f 481 0.01 1093 1094 
f 482 0.01 1095 431 
f 483 0.01 1097 512 
f 484 0.01 1098 1099 
f 485 0.01 1100 1101 
f 486 0.01 1102 1103 
f 487 0.01 1104 1105 
f 488 0.01 1108 1109 
f 489 0.01 1114 1115 
f 490 0.01 1117 1118 
f 491 0.01 116 1120 
f 492 0.01 119 180 
f 493 0.01 1126 1127 
f 494 0.01 1131 1132 
f 495 0.01 1134 492 
f 496 0.01 122 283 
f 497 0.01 123 284 
f 498 0.01 123 479 
f 499 0.01 1142 1143 
f 500 0.01 125 1145 
f 501 0.01 125 1146 
f 502 0.01 1147 1148 
f 503 0.01 127 1153 
f 504 0.01 1155 1156 
f 505 0.01 1158 1159 
f 506 0.01 1160 1161 
f 507 0.01 1162 1163 
f 508 0.01 1165 1166 
f 509 0.01 1171 1172 
f 510 0.01 133 310 
f 511 0.01 134 157 
f 512 0.01 1180 298 
f 513 0.01 135 1181 
f 514 0.01 1182 1183 
f 515 0.01 1185 593 
f 516 0.01 136 1189 
f 517 0.01 138 1191 
f 518 0.01 1192 1193 
f 519 0.01 1194 1195 
f 520 0.01 1197 1198 
f 521 0.01 1200 1201 
f 522 0.01 140 334 
f 523 0.01 1208 1209 
f 524 0.01 1211 1212 
f 525 0.01 1214 1215 
f 526 0.01 1216 1217 
f 527 0.01 1218 1219 
f 528 0.01 1220 1221 
f 529 0.01 142 1222 
f 530 0.01 1229 1230 
f 531 0.01 1231 1232 
f 532 0.01 1234 1235 
f 533 0.01 1236 1237 
f 534 0.01 147 1238 
f 535 0.01 146 1239 
f 536 0.01 1240 1241 
f 537 0.01 1243 1244 
f 538 0.01 1246 1247 
f 539 0.01 1248 1249 
f 540 0.01 1250 1251 
f 541 0.01 1252 1253 
f 542 0.01 152 1260 
f 543 0.01 1261 235 
f 544 0.01 1263 1264 
f 545 0.01 153 1267 
f 546 0.01 1269 1270 
f 547 0.01 1272 435 
f 548 0.01 1275 1276 
f 549 0.01 156 1277 
f 550 0.01 1279 1280 
f 551 0.01 1291 1292 
f 552 0.01 1294 1295 
f 553 0.01 163 1297 
f 554 0.01 1299 1300 
f 555 0.01 1301 1302 
f 556 0.01 1303 1304 
f 557 0.01 1305 1306 
f 558 0.01 1308 1309 
f 559 0.01 166 1310 
f 560 0.01 1319 1320 
f 561 0.01 171 1323 
f 562 0.01 1324 1325 
f 563 0.01 1326 1327 
f 564 0.01 1329 1330 
f 565 0.01 1331 1332 
f 566 0.01 1333 1334 
f 567 0.01 1336 1337 
f 568 0.01 1338 1339 
f 569 0.01 175 315 
f 570 0.01 1341 1342 
f 571 0.01 1343 1344 
f 572 0.01 1348 1349 
f 573 0.01 1350 1351 
f 574 0.01 1352 246 
f 575 0.01 1353 1354 
f 576 0.01 1355 1356 
f 577 0.01 178 304 
f 578 0.01 1358 1359 
f 579 0.01 178 1361 
f 580 0.01 179 537 
f 581 0.01 1362 547 
f 582 0.01 180 277 
f 583 0.01 1364 1365 
f 584 0.01 1366 1367 
f 585 0.01 180 1370 
f 586 0.01 183 1372 
f 587 0.01 1374 1375 
f 588 0.01 182 490 
f 589 0.01 1378 1379 
f 590 0.01 1380 1381 
f 591 0.01 1382 1383 
f 592 0.01 1384 1385 
f 593 0.01 184 1387 
f 594 0.01 1388 1389 
f 595 0.01 1392 1393 
f 596 0.01 1397 1398 
f 597 0.01 1400 1401 
f 598 0.01 1406 1407 
f 599 0.01 1408 1409 
f 600 0.01 1411 1412 
f 601 0.01 1416 1417 
f 602 0.01 1418 1419 
f 603 0.01 1420 1421 
f 604 0.01 1422 1423 
f 605 0.01 1428 1429 
f 606 0.01 1430 1431 
f 607 0.01 1441 1442 
f 608 0.01 1443 247 
f 609 0.01 1444 1445 
f 610 0.01 1451 419 
f 611 0.01 1452 1453 
f 612 0.01 1455 1456 
f 613 0.01 1459 1460 
f 614 0.01 1461 1462 
f 615 0.01 1466 578 
f 616 0.01 1467 1468 
f 617 0.01 216 1470 
f 618 0.01 1472 1473 
f 619 0.01 1475 1476 
f 620 0.01 1478 1479 
f 621 0.01 1481 1482 
f 622 0.01 1483 1484 
f 623 0.01 1487 1488 
f 624 0.01 223 1489 
f 625 0.01 222 1493 
f 626 0.01 1497 1498 
f 627 0.01 1500 1501 
f 628 0.01 1503 289 
f 629 0.01 1504 487 
f 630 0.01 1505 1506 
f 631 0.01 1507 1508 
f 632 0.01 1509 1510 
f 633 0.01 1514 581 
f 634 0.01 230 1520 
f 635 0.01 1526 272 
f 636 0.01 232 396 
f 637 0.01 1528 1529 
f 638 0.01 1533 1534 
f 639 0.01 1537 1538 
f 640 0.01 1539 524 
f 641 0.01 1540 1541 
f 642 0.01 1543 512 
f 643 0.01 1545 1546 
f 644 0.01 1547 1548 
f 645 0.01 1550 1551 
f 646 0.01 1552 1553 
f 647 0.01 1555 1556 
f 648 0.01 1557 436 
f 649 0.01 1559 1560 
f 650 0.01 1570 1571 
f 651 0.01 1579 1580 
f 652 0.01 254 1581 
f 653 0.01 255 1583 
f 654 0.01 255 1584 
f 655 0.01 1586 326 
f 656 0.01 1587 1588 
f 657 0.01 1596 1597 
f 658 0.01 263 597 
f 659 0.01 1603 1604 
f 660 0.01 267 1608 
f 661 0.01 266 446 
f 662 0.01 1609 1610 
f 663 0.01 1612 397 
f 664 0.01 1614 1615 
f 665 0.01 1616 437 
f 666 0.01 1619 1620 
f 667 0.01 1623 1624 
f 668 0.01 1625 1626 
f 669 0.01 1628 1629 
f 670 0.01 1630 1631 
f 671 0.01 1632 1633 
f 672 0.01 1635 1636 
f 673 0.01 1638 1639 
f 674 0.01 1643 1644 
f 675 0.01 1645 1646 
f 676 0.01 285 1649 
f 677 0.01 1653 1654 
f 678 0.01 1659 415 
f 679 0.01 1660 478 
f 680 0.01 1661 493 
f 681 0.01 1666 1667 
f 682 0.01 1668 1669 
f 683 0.01 1670 1671 
f 684 0.01 1672 1673 
f 685 0.01 1675 550 
f 686 0.01 1676 1677 
f 687 0.01 1680 1681 
f 688 0.01 300 1685 
f 689 0.01 301 378 
f 690 0.01 1688 1689 
f 691 0.01 1690 1691 
f 692 0.01 1693 1694 
f 693 0.01 305 1697 
f 694 0.01 305 1698 
f 695 0.01 1701 1702 
f 696 0.01 1704 1705 
f 697 0.01 1707 1708 
f 698 0.01 1709 1710 
f 699 0.01 1712 1713 
f 700 0.01 1714 1715 
f 701 0.01 1716 1717 
f 702 0.01 1718 1719 
f 703 0.01 313 436 
f 704 0.01 1728 1729 
f 705 0.01 1731 1732 
f 706 0.01 1733 330 
f 707 0.01 318 1737 
f 708 0.01 1738 1739 
f 709 0.01 1740 1741 
f 710 0.01 320 537 
f 711 0.01 1746 1747 
f 712 0.01 1750 1751 
f 713 0.01 324 447 
f 714 0.01 1757 1758 
f 715 0.01 329 1760 
f 716 0.01 1762 1763 
f 717 0.01 332 1765 
f 718 0.01 335 352 
f 719 0.01 336 389 
f 720 0.01 336 531 
f 721 0.01 336 1774 
f 722 0.01 1779 485 
f 723 0.01 1781 1782 
f 724 0.01 1783 1784 
f 725 0.01 1786 1787 
f 726 0.01 1791 1792 
f 727 0.01 1795 1796 
f 728 0.01 1797 1798 
f 729 0.01 350 568 
f 730 0.01 1800 1801 
f 731 0.01 355 410 
f 732 0.01 1805 1806 
f 733 0.01 1807 1808 
f 734 0.01 1809 1810 
f 735 0.01 1811 1812 
f 736 0.01 1825 1826 
f 737 0.01 369 1831 
f 738 0.01 1833 1834 
f 739 0.01 1836 1837 
f 740 0.01 1838 1839 
f 741 0.01 1842 1843 
f 742 0.01 1844 1845 
f 743 0.01 1850 462 
f 744 0.01 1854 1855 
f 745 0.01 1859 1860 
f 746 0.01 1861 508 
f 747 0.01 387 552 
f 748 0.01 1862 1863 
f 749 0.01 1866 1867 
f 750 0.01 1868 1869 
f 751 0.01 1874 1875 
f 752 0.01 392 455 
f 753 0.01 1877 1878 
f 754 0.01 1881 1882 
f 755 0.01 1884 1885 
f 756 0.01 1888 1889 
f 757 0.01 1890 544 
f 758 0.01 1892 443 
f 759 0.01 413 1893 
f 760 0.01 1894 526 
f 761 0.01 1895 1896 
f 762 0.01 1899 1900 
f 763 0.01 1901 1902 
f 764 0.01 1904 1905 
f 765 0.01 1907 1908 
f 766 0.01 426 1909 
f 767 0.01 1910 1911 
f 768 0.01 1912 1913 
f 769 0.01 1915 1916 
f 770 0.01 1917 549 
f 771 0.01 1919 1920 
f 772 0.01 433 465 
f 773 0.01 1930 1931 
f 774 0.01 1933 1934 
f 775 0.01 1938 1939 
f 776 0.01 1942 1943 
f 777 0.01 1944 587 
f 778 0.01 1945 1946 
f 779 0.01 1947 1948 
f 780 0.01 1949 1950 
f 781 0.01 1952 1953 
f 782 0.01 1956 1957 
f 783 0.01 1959 1960 
f 784 0.01 1962 1963 
f 785 0.01 1965 1966 
f 786 0.01 455 1967 
f 787 0.01 457 577 
f 788 0.01 463 476 
f 789 0.01 1980 587 
f 790 0.01 1983 474 
f 791 0.01 474 1988 
f 792 0.01 1992 1993 
f 793 0.01 1994 1995 
f 794 0.01 482 589 
f 795 0.01 489 2001 
f 796 0.01 495 2012 
f 797 0.01 2013 2014 
f 798 0.01 501 556 
f 799 0.01 502 2020 
f 800 0.01 2022 2023 
f 801 0.01 2025 2026 
f 802 0.01 2028 524 
f 803 0.01 2029 533 
f 804 0.01 2030 2031 
f 805 0.01 2033 2034 
f 806 0.01 2035 2036 
f 807 0.01 523 2039 
f 808 0.01 2041 2042 
f 809 0.01 2043 2044 
f 810 0.01 2045 2046 
f 811 0.01 2047 2048 
f 812 0.01 2049 2050 
f 813 0.01 2051 2052 
f 814 0.01 2053 587 
f 815 0.01 2054 2055 
f 816 0.01 2056 2057 
f 817 0.01 2017 597 
f 818 0.01 2060 563 
f 819 0.01 2061 2062 
f 820 0.01 2065 2066 
f 821 0.01 2070 570 
f 822 0.01 2071 2072 
f 823 0.01 2077 2078 
f 824 0.01 2079 2080 
n 0 1 0.4 0.0878238 0.4775
n 1 1 0.4 0.512176 0.7225
n 2 1 0.3 0.445 0.6
n 3 2 0.3 0 0.6
n 4 1 0.6 0.7 0.055
n 5 1 0.6 0.7 0.545
n 6 0 0.945 0.3 0.5
n 7 1 0.455 0.3 0.5
n 8 2 0.8 0 0.78453
n 9 1 0.8 0.412176 1.0225
n 10 1 0.512176 0.9 0.2775
n 11 1 0.0878238 0.9 0.5225
n 12 0 1.145 0.7 0.6
n 13 1 0.655 0.7 0.6
n 14 1 0.8 0.387824 1.0225
n 15 1 0.8 0.812176 0.7775
n 16 2 0.7 0 0.58453
n 17 1 0.7 0.412176 0.8225
n 18 0 0.3 0.6 0.655
n 19 1 0.3 0.6 1.145
n 20 0 0.2 0.587824 0.5775
n 21 2 0.2 1 0.81547
n 22 2 0.1 1 0.48453
n 23 1 0.1 0.587824 0.7225
n 24 1 0.912176 0.2 0.6775
n 25 0 0.487824 0.2 0.9225
n 26 2 0.4 0 0.8
n 27 1 0.4 0.445 0.8
n 28 1 1.11218 0.8 0.8225
n 29 1 0.687824 0.8 0.5775
n 30 2 0.3 1 0.5
n 31 0 0.3 0.655 0.5
n 32 0 0.312176 0.9 0.4225
n 33 1 -0.112176 0.9 0.1775
n 34 0 0.187824 0.4 0.5775
n 35 0 0.612176 0.4 0.8225
n 36 2 0.5 0 0.342265
n 37 0 0.5 0.312176 0.5225
n 38 2 0.4 0 -0.0154701
n 39 1 0.4 0.412176 0.2225
n 40 1 0.7 0.6 0.355
n 41 0 0.7 0.6 0.845
n 42 1 0.6 0.8 0.655
n 43 0 0.6 0.8 1.145
n 44 1 0.8 0.412176 0.0775
n 45 2 0.8 0 0.31547
n 46 1 0.912176 0.1 0.8225
n 47 1 0.487824 0.1 0.5775
n 48 1 0.187824 0.4 0.6775
n 49 1 0.612176 0.4 0.9225
n 50 1 0.8 0.312176 0.5775
n 51 2 0.8 0 0.757735
n 52 1 0.9 0.9 0.555
n 53 1 0.9 0.9 1.045
n 54 1 1.145 0.3 0.3
n 55 1 0.655 0.3 0.3
n 56 1 0.9 0.5 0.255
n 57 0 0.9 0.5 0.745
n 58 0 0.687824 0.9 0.8225
n 59 0 1.11218 0.9 0.5775
n 60 1 0.355 0.6 0.5
n 61 1 0.845 0.6 0.5
n 62 0 0.5 0.4 0.255
n 63 0 0.5 0.4 0.745
n 64 0 0.5 0.612176 0.3775
n 65 1 0.5 0.187824 0.6225
n 66 0 0.7 0.6 0.655
n 67 0 0.7 0.6 1.145
n 68 1 0.912176 0.6 0.3775
n 69 1 0.487824 0.6 0.6225
n 70 0 0.387824 0.7 0.1775
n 71 1 0.812176 0.7 0.4225
n 72 1 0.6 0.287824 0.5775
n 73 1 0.6 0.712176 0.8225
n 74 1 0.8 0.545 0.6
n 75 1 0.8 0.055 0.6
n 76 0 0.2 0.7 0.055
n 77 0 0.2 0.7 0.545
n 78 2 0.2 1 0.642265
n 79 1 0.2 0.687824 0.8225
n 80 1 0.1 0.655 0.8
n 81 2 0.1 1 0.8
n 82 1 0.7 0.812176 0.0775
n 83 1 0.7 0.387824 0.3225
n 84 0 0.5 0.712176 0.4225
n 85 1 0.5 0.287824 0.1775
n 86 0 0.9 0.1 0.655
n 87 1 0.9 0.1 1.145
n 88 0 0.3 0.255 0.2
n 89 0 0.3 0.745 0.2
n 90 0 0.412176 0.4 0.9225
n 91 1 -0.0121762 0.4 0.6775
n 92 2 0.4 1 0.8
n 93 1 0.4 0.555 0.8
n 94 0 0.545 0.3 0.4
n 95 1 0.055 0.3 0.4
n 96 0 0.812176 0.1 0.4775
n 97 0 0.387824 0.1 0.7225
n 98 0 0.6 0.5 0.655
n 99 1 0.6 0.5 1.145
n 100 2 0.4 1 0.542265
n 101 1 0.4 0.687824 0.7225
n 102 1 0.2 0.4 -0.045
n 103 0 0.2 0.4 0.445
n 104 1 0.6 0.545 0.7
n 105 1 0.6 0.055 0.7
n 106 2 0.9 1 -0.01547
n 107 0 0.9 0.587824 0.2225
n 108 1 0.4 0.5 0.255
n 109 1 0.4 0.5 0.745
n 110 1 0.6 0.712176 0.5225
n 111 1 0.6 0.287824 0.2775
n 112 1 0.9 0.912176 0.4225
n 113 1 0.9 0.487824 0.1775
n 114 1 0.1 0.655 0.8
n 115 2 0.1 1 0.8
n 116 0 0.287824 0.7 0.3225
n 117 1 0.712176 0.7 0.0775
n 118 1 0.8 0.8 0.555
n 119 0 0.8 0.8 1.045
n 120 1 0.912176 0.2 0.1775
n 121 0 0.487824 0.2 0.4225
n 122 0 0.3 0.2 0.055
n 123 0 0.3 0.2 0.545
n 124 1 0.7 0.1 -0.145
n 125 0 0.7 0.1 0.345
n 126 0 0.1 0.845 0.1
n 127 0 0.1 0.355 0.1
n 128 1 0.255 0.1 0.9
n 129 1 0.745 0.1 0.9
n 130 1 0.387824 0.9 0.6775
n 131 1 0.812176 0.9 0.9225
n 132 0 0.2 0.4 0.455
n 133 0 0.2 0.4 0.945
n 134 0 0.2 0.0878238 0.1775
n 135 0 0.2 0.512176 0.4225
n 136 0 0.8 0.1 0.355
n 137 1 0.8 0.1 0.845
n 138 0 0.3 0.387824 -0.0225
n 139 0 0.3 0.812176 0.2225
n 140 0 0.487824 0.3 0.9225
n 141 1 0.912176 0.3 0.6775
n 142 0 0.187824 0.7 0.1775
n 143 1 0.612176 0.7 0.4225
n 144 1 0.545 0.9 0.1
n 145 1 0.055 0.9 0.1
n 146 0 0.812176 0.5 0.7225
n 147 0 0.387824 0.5 0.4775
n 148 1 0.1 0.555 0.1
n 149 2 0.1 1 0.1
n 150 1 0.845 0.5 0.1
n 151 1 0.355 0.5 0.1
n 152 0 0.5 0.587824 0.5225
n 153 2 0.5 1 0.28453
n 154 1 0.387824 0.2 0.9225
n 155 0 0.812176 0.2 0.6775
n 156 0 0.2 0.1 0.655
n 157 0 0.2 0.1 1.145
n 158 1 0.3 0.645 0.3
n 159 1 0.3 0.155 0.3
n 160 1 0.7 0.455 0.4
n 161 1 0.7 0.945 0.4
n 162 2 0.2 1 0.6
n 163 0 0.2 0.555 0.6
n 164 1 0.155 0.4 0.5
n 165 1 0.645 0.4 0.5
n 166 0 0.8 0.9 0.155
n 167 1 0.8 0.9 0.645
n 168 1 0.655 0.6 0.4
n 169 1 1.145 0.6 0.4
n 170 1 -0.145 0.4 0.2
n 171 0 0.345 0.4 0.2
n 172 1 0.6 0.655 0.8
n 173 2 0.6 1 0.8
n 174 1 0.645 0.2 0.5
n 175 0 0.155 0.2 0.5
n 176 1 0.187824 0.9 0.5225
n 177 1 0.612176 0.9 0.2775
n 178 0 0.9 0.0878238 1.0225
n 179 0 0.9 0.512176 0.7775
n 180 0 0.8 0.812176 0.0775
n 181 1 0.8 0.387824 0.3225
n 182 0 0.512176 0.8 0.9225
n 183 0 0.0878238 0.8 0.6775
n 184 0 0.4 0.187824 0.7775
n 185 1 0.4 0.612176 1.0225
n 186 1 1.11218 0.6 0.4775
n 187 1 0.687824 0.6 0.7225
n 188 1 0.5 0.9 -0.145
n 189 1 0.5 0.9 0.345
n 190 1 0.9 0.8 0.655
n 191 1 0.9 0.8 1.145
n 192 1 0.1 0.487824 0.8225
n 193 0 0.1 0.912176 0.5775
n 194 0 0.7 0.545 0.2
n 195 1 0.7 0.055 0.2
n 196 1 -0.112176 0.1 0.8225
n 197 1 0.312176 0.1 0.5775
n 198 1 0.4 0.9 0.255
n 199 0 0.4 0.9 0.745
n 200 1 0.912176 0.1 0.5225
n 201 1 0.487824 0.1 0.2775
n 202 1 0.6 0.2 0.155
n 203 1 0.6 0.2 0.645
n 204 1 0.512176 0.9 1.0225
n 205 1 0.0878238 0.9 0.7775
n 206 1 0.5 0.287824 0.3775
n 207 1 0.5 0.712176 0.6225
n 208 1 0.8 0.312176 0.2775
n 209 2 0.8 0 0.457735
n 210 1 0.6 0.312176 0.5225
n 211 2 0.6 0 0.342265
n 212 1 0.8 0.445 0.9
n 213 2 0.8 0 0.9
n 214 1 0.287824 0.8 0.7225
n 215 1 0.712176 0.8 0.4775
n 216 0 1.11218 0.3 0.6775
n 217 1 0.687824 0.3 0.9225
n 218 2 0.3 1 0.78453
n 219 1 0.3 0.587824 1.0225
n 220 0 0.8 0.2 -0.045
n 221 1 0.8 0.2 0.445
n 222 0 0.4 0.3 0.555
n 223 0 0.4 0.3 1.045
n 224 1 0.8 0.587824 0.3225
n 225 2 0.8 1 0.08453
n 226 1 0.487824 0.8 0.8225
n 227 1 0.912176 0.8 0.5775
n 228 1 0.412176 0.7 -0.0225
n 229 1 -0.0121762 0.7 0.2225
n 230 0 0.2 0.7 0.355
n 231 1 0.2 0.7 0.845
n 232 0 0.7 0.5 0.655
n 233 1 0.7 0.5 1.145
n 234 1 0.5 0.487824 0.0775
n 235 0 0.5 0.912176 0.3225
n 236 1 0.6 0.287824 0.5225
n 237 1 0.6 0.712176 0.2775
n 238 2 0.8 1 0.242265
n 239 1 0.8 0.687824 0.4225
n 240 1 0.412176 0.4 0.7225
n 241 1 -0.0121762 0.4 0.4775
n 242 1 0.2 0.255 0.9
n 243 1 0.2 0.745 0.9
n 244 1 0.5 0.455 0.4
n 245 1 0.5 0.945 0.4
n 246 0 0.4 0.9 0.455
n 247 0 0.4 0.9 0.945
n 248 1 0.8 0.312176 0.7225
n 249 2 0.8 0 0.542265
n 250 1 0.845 0.6 0.1
n 251 1 0.355 0.6 0.1
n 252 1 0.412176 0.5 0.5775
n 253 1 -0.0121762 0.5 0.8225
n 254 0 0.3 0.287824 0.3775
n 255 0 0.3 0.712176 0.6225
n 256 1 0.8 0.587824 1.0225
n 257 2 0.8 1 0.78453
n 258 0 0.6 0.455 0.7
n 259 1 0.6 0.945 0.7
n 260 1 0.3 0.187824 0.7225
n 261 0 0.3 0.612176 0.4775
n 262 1 0.5 0.1 0.255
n 263 0 0.5 0.1 0.745
n 264 1 0.4 0.612176 0.2225
n 265 1 0.4 0.187824 -0.0225
n 266 0 0.1 0.6 0.555
n 267 0 0.1 0.6 1.045
n 268 1 0.3 0.612176 0.2775
n 269 1 0.3 0.187824 0.5225
n 270 1 0.1 0.312176 0.6775
n 271 2 0.1 0 0.857735
n 272 0 0.7 0.5 -0.045
n 273 1 0.7 0.5 0.445
n 274 1 0.612176 0.7 0.3775
n 275 0 0.187824 0.7 0.6225
n 276 1 0.8 0.8 0.555
n 277 0 0.8 0.8 1.045
n 278 1 0.355 0.9 0.5
n 279 1 0.845 0.9 0.5
n 280 1 0.7 0.7 0.655
n 281 1 0.7 0.7 1.145
n 282 1 -0.112176 0.2 0.7775
n 283 0 0.312176 0.2 1.0225
n 284 0 0.312176 0.2 0.5775
n 285 0 -0.112176 0.2 0.8225
n 286 1 0.912176 0.1 0.2775
n 287 1 0.487824 0.1 0.5225
n 288 1 0.0878238 0.8 1.0225
n 289 0 0.512176 0.8 0.7775
n 290 1 0.7 0.512176 0.6775
n 291 1 0.7 0.0878238 0.9225
n 292 0 0.3 0.412176 0.8225
n 293 2 0.3 0 0.58453
n 294 1 0.3 0.287824 1.0225
n 295 1 0.3 0.712176 0.7775
n 296 1 0.3 0.545 0.7
n 297 1 0.3 0.055 0.7
n 298 0 0.2 0.2 0.255
n 299 1 0.2 0.2 0.745
n 300 0 0.5 0.6 0.455
n 301 0 0.5 0.6 0.945
n 302 1 0.655 0.9 0.4
n 303 1 1.145 0.9 0.4
n 304 0 0.9 0.1 0.055
n 305 0 0.9 0.1 0.545
n 306 1 -0.0121762 0.7 0.6775
n 307 1 0.412176 0.7 0.9225
n 308 1 1.045 0.7 0.5
n 309 1 0.555 0.7 0.5
n 310 0 0.2 0.387824 -0.0225
n 311 1 0.2 0.812176 0.2225
n 312 1 0.1 0.4 0.055
n 313 0 0.1 0.4 0.545
n 314 1 0.655 0.2 0.5
n 315 0 1.145 0.2 0.5
n 316 1 0.5 0.612176 0.7225
n 317 0 0.5 0.187824 0.4775
n 318 0 0.655 0.7 0.9
n 319 1 1.145 0.7 0.9
n 320 0 0.9 0.487824 0.7775
n 321 0 0.9 0.912176 1.0225
n 322 0 0.5 0.412176 0.8225
n 323 2 0.5 0 0.58453
n 324 0 0.645 0.6 0.3
n 325 1 0.155 0.6 0.3
n 326 2 0.8 1 0.842265
n 327 1 0.8 0.687824 1.0225
n 328 1 0.3 0.2 -0.145
n 329 0 0.3 0.2 0.345
n 330 0 0.5 0.512176 0.6775
n 331 1 0.5 0.0878238 0.9225
n 332 0 0.9 0.2 0.055
n 333 1 0.9 0.2 0.545
n 334 0 0.5 0.3 -0.045
n 335 0 0.5 0.3 0.445
n 336 0 0.4 0.7 0.155
n 337 1 0.4 0.7 0.645
n 338 1 0.5 0.287824 0.6225
n 339 1 0.5 0.712176 0.3775
n 340 1 0.445 0.8 0.3
n 341 1 -0.045 0.8 0.3
n 342 2 0.1 0 0.4
n 343 1 0.1 0.445 0.4
n 344 0 0.3 0.555 0.3
n 345 2 0.3 1 0.3
n 346 1 1.145 0.6 0.5
n 347 0 0.655 0.6 0.5
n 348 0 0.8 0.0878238 0.2775
n 349 1 0.8 0.512176 0.5225
n 350 0 0.8 0.445 0.2
n 351 2 0.8 0 0.2
n 352 0 0.5 0.3 0.455
n 353 1 0.5 0.3 0.945
n 354 1 0.055 0.7 0.8
n 355 0 0.545 0.7 0.8
n 356 1 0.3 0.412176 0.0775
n 357 2 0.3 0 0.31547
n 358 2 0.8 1 0.41547
n 359 1 0.8 0.587824 0.1775
n 360 1 0.2 0.555 0.5
n 361 2 0.2 1 0.5
n 362 2 0.3 1 0.61547
n 363 1 0.3 0.587824 0.3775
n 364 1 0.2 0.387824 0.5225
n 365 1 0.2 0.812176 0.2775
n 366 1 0.4 0.687824 0.7775
n 367 2 0.4 1 0.957735
n 368 2 0.3 0 0.51547
n 369 0 0.3 0.412176 0.2775
n 370 1 0.9 0.912176 0.8225
n 371 1 0.9 0.487824 0.5775
n 372 1 0.412176 0.4 0.1775
n 373 1 -0.0121762 0.4 0.4225
n 374 1 0.487824 0.9 0.9225
n 375 1 0.912176 0.9 0.6775
n 376 1 0.555 0.9 0.7
n 377 1 1.045 0.9 0.7
n 378 0 0.5 0.6 -0.045
n 379 1 0.5 0.6 0.445
n 380 1 0.1 0.612176 0.6225
n 381 1 0.1 0.187824 0.3775
n 382 1 0.4 0.5 -0.145
n 383 0 0.4 0.5 0.345
n 384 1 0.187824 0.3 0.2225
n 385 1 0.612176 0.3 -0.0225
n 386 1 0.912176 0.4 0.3225
n 387 0 0.487824 0.4 0.0775
n 388 1 0.4 0.7 0.655
n 389 0 0.4 0.7 1.145
n 390 1 0.5 0.945 0.1
n 391 1 0.5 0.455 0.1
n 392 0 0.9 0.1 -0.045
n 393 1 0.9 0.1 0.445
n 394 1 0.255 0.2 0.4
n 395 1 0.745 0.2 0.4
n 396 0 0.712176 0.5 0.6225
n 397 0 0.287824 0.5 0.3775
n 398 1 0.845 0.7 0.1
n 399 1 0.355 0.7 0.1
n 400 1 0.5 0.445 0.2
n 401 2 0.5 0 0.2
n 402 2 0.1 1 0.457735
n 403 1 0.1 0.687824 0.2775
n 404 1 0.587824 0.7 0.9225
n 405 1 1.01218 0.7 0.6775
n 406 1 0.4 0.155 0.1
n 407 1 0.4 0.645 0.1
n 408 1 1.01218 0.6 0.8225
n 409 0 0.587824 0.6 0.5775
n 410 0 0.587824 0.7 0.8225
n 411 1 1.01218 0.7 0.5775
n 412 2 0.3 1 0.6
n 413 0 0.3 0.655 0.6
n 414 1 0.287824 0.4 1.0225
n 415 0 0.712176 0.4 0.7775
n 416 1 0.187824 0.5 0.7775
n 417 1 0.612176 0.5 1.0225
n 418 0 0.5 0.6 0.055
n 419 0 0.5 0.6 0.545
n 420 1 0.745 0.8 0.5
n 421 0 0.255 0.8 0.5
n 422 0 0.812176 0.1 0.2225
n 423 1 0.387824 0.1 -0.0225
n 424 0 0.4 0.9 0.655
n 425 1 0.4 0.9 1.145
n 426 0 -0.112176 0.6 0.2225
n 427 1 0.312176 0.6 -0.0225
n 428 1 0.412176 0.3 0.7225
n 429 0 -0.0121762 0.3 0.4775
n 430 2 0.6 0 0.0845299
n 431 0 0.6 0.412176 0.3225
n 432 1 0.9 0.3 0.455
n 433 0 0.9 0.3 0.945
n 434 1 0.055 0.2 0.8
n 435 0 0.545 0.2 0.8
n 436 0 0.1 0.412176 0.5775
n 437 2 0.1 0 0.81547
n 438 1 0.712176 0.2 0.1775
n 439 1 0.287824 0.2 0.4225
n 440 1 0.612176 0.3 0.4225
n 441 1 0.187824 0.3 0.1775
n 442 1 0.412176 0.7 0.3775
n 443 0 -0.0121762 0.7 0.6225
n 444 1 1.145 0.3 0.5
n 445 1 0.655 0.3 0.5
n 446 0 1.11218 0.6 0.5225
n 447 0 0.687824 0.6 0.2775
n 448 1 0.3 0.812176 0.7225
n 449 1 0.3 0.387824 0.4775
n 450 1 0.455 0.6 0.2
n 451 1 0.945 0.6 0.2
n 452 1 0.587824 0.6 0.0775
n 453 1 1.01218 0.6 0.3225
n 454 1 0.9 0.512176 0.6775
n 455 0 0.9 0.0878238 0.9225
n 456 1 1.145 0.1 0.6
n 457 0 0.655 0.1 0.6
n 458 1 0.2 0.8 0.155
n 459 0 0.2 0.8 0.645
n 460 2 0.2 0 0.342265
n 461 1 0.2 0.312176 0.5225
n 462 0 0.1 0.3 0.455
n 463 0 0.1 0.3 0.945
n 464 2 0.9 0 0.157735
n 465 0 0.9 0.312176 -0.0225
n 466 1 0.2 0.487824 0.6225
n 467 1 0.2 0.912176 0.3775
n 468 1 -0.0121762 0.7 0.4775
n 469 1 0.412176 0.7 0.7225
n 470 1 0.9 0.312176 0.4775
n 471 2 0.9 0 0.657735
n 472 1 0.345 0.1 0.8
n 473 1 -0.145 0.1 0.8
n 474 0 0.9 0.155 0.6
n 475 1 0.9 0.645 0.6
n 476 0 0.1 0.312176 -0.0225
n 477 2 0.1 0 0.157735
n 478 0 0.712176 0.2 0.8225
n 479 0 0.287824 0.2 0.5775
n 480 1 0.2 0.455 0.6
n 481 0 0.2 0.945 0.6
n 482 0 0.1 0.312176 0.7775
n 483 2 0.1 0 0.957735
n 484 2 0.5 1 0.242265
n 485 0 0.5 0.687824 0.4225
n 486 1 0.6 0.8 0.255
n 487 0 0.6 0.8 0.745
n 488 1 0.4 0.1 0.555
n 489 0 0.4 0.1 1.045
n 490 0 0.5 0.8 -0.045
n 491 1 0.5 0.8 0.445
n 492 0 0.7 0.2 0.355
n 493 0 0.7 0.2 0.845
n 494 1 0.612176 0.1 0.2225
n 495 0 0.187824 0.1 -0.0225
n 496 1 0.912176 0.6 1.0225
n 497 1 0.487824 0.6 0.7775
n 498 1 0.687824 0.9 0.1775
n 499 1 1.11218 0.9 0.4225
n 500 1 0.5 0.1 0.355
n 501 0 0.5 0.1 0.845
n 502 2 0.4 0 0.81547
n 503 1 0.4 0.412176 0.5775
n 504 1 1.01218 0.3 0.8225
n 505 1 0.587824 0.3 0.5775
n 506 1 0.9 0.312176 0.4775
n 507 2 0.9 0 0.657735
n 508 0 0.6 0.4 0.155
n 509 1 0.6 0.4 0.645
n 510 1 0.387824 0.8 0.1775
n 511 1 0.812176 0.8 0.4225
n 512 0 0.6 0.555 0.4
n 513 2 0.6 1 0.4
n 514 1 0.8 0.587824 0.4225
n 515 2 0.8 1 0.18453
n 516 1 -0.112176 0.5 -0.0225
n 517 1 0.312176 0.5 0.2225
n 518 2 0.4 0 0.61547
n 519 1 0.4 0.412176 0.3775
n 520 2 0.9 0 1.01547
n 521 1 0.9 0.412176 0.7775
n 522 1 0.3 0.1 0.355
n 523 0 0.3 0.1 0.845
n 524 0 0.487824 0.8 0.2225
n 525 1 0.912176 0.8 -0.0225
n 526 0 0.612176 0.4 0.7775
n 527 1 0.187824 0.4 1.0225
n 528 1 0.4 0.312176 0.6775
n 529 2 0.4 0 0.857735
n 530 1 0.4 0.7 0.655
n 531 0 0.4 0.7 1.145
n 532 1 0.7 0.8 -0.145
n 533 0 0.7 0.8 0.345
n 534 1 0.2 0.812176 0.5225
n 535 1 0.2 0.387824 0.2775
n 536 1 0.9 0.5 0.255
n 537 0 0.9 0.5 0.745
n 538 1 0.4 0.412176 0.4775
n 539 2 0.4 0 0.71547
n 540 1 0.5 0.1 0.255
n 541 0 0.5 0.1 0.745
n 542 1 0.3 0.387824 0.1775
n 543 1 0.3 0.812176 0.4225
n 544 0 0.1 0.712176 0.3225
n 545 1 0.1 0.287824 0.0775
n 546 1 0.9 0.3 0.355
n 547 0 0.9 0.3 0.845
n 548 1 0.2 0.3 0.055
n 549 0 0.2 0.3 0.545
n 550 0 0.3 0.387824 -0.0225
n 551 1 0.3 0.812176 0.2225
n 552 0 0.445 0.4 0.1
n 553 1 -0.045 0.4 0.1
n 554 0 0.445 0.4 0.5
n 555 1 -0.045 0.4 0.5
n 556 0 0.5 0.1 -0.145
n 557 0 0.5 0.1 0.345
n 558 1 0.412176 0.7 0.3225
n 559 1 -0.0121762 0.7 0.0775
n 560 1 0.055 0.2 0.7
n 561 1 0.545 0.2 0.7
n 562 1 0.3 0.7 -0.145
n 563 0 0.3 0.7 0.345
n 564 1 0.255 0.3 0.8
n 565 1 0.745 0.3 0.8
n 566 1 0.687824 0.9 0.7775
n 567 1 1.11218 0.9 1.0225
n 568 0 0.8 0.487824 0.1775
n 569 1 0.8 0.912176 0.4225
n 570 0 0.055 0.7 0.1
n 571 0 0.545 0.7 0.1
n 572 2 0.9 1 0.3
n 573 1 0.9 0.655 0.3
n 574 1 0.512176 0.8 0.6775
n 575 1 0.0878238 0.8 0.9225
n 576 1 0.187824 0.1 0.8225
n 577 0 0.612176 0.1 0.5775
n 578 0 0.645 0.8 0.5
n 579 1 0.155 0.8 0.5
n 580 1 0.1 0.7 0.655
n 581 0 0.1 0.7 1.145
n 582 2 0.4 0 1.01547
n 583 1 0.4 0.412176 0.7775
n 584 1 0.612176 0.7 -0.0225
n 585 1 0.187824 0.7 0.2225
n 586 1 0.2 0.7 -0.045
n 587 0 0.2 0.7 0.445
n 588 1 0.1 0.3 0.255
n 589 0 0.1 0.3 0.745
n 590 1 0.8 0.612176 0.8225
n 591 1 0.8 0.187824 0.5775
n 592 1 0.2 0.645 0.2
n 593 0 0.2 0.155 0.2
n 594 1 0.9 0.6 -0.045
n 595 1 0.9 0.6 0.445
n 596 1 0.0878238 0.1 1.0225
n 597 0 0.512176 0.1 0.7775
n 598 0 0.5 0.412176 0.2225
n 599 2 0.5 0 -0.0154701
n 600 0 0.4 0.414641 0.666188
n 601 0 0.385359 0.4 0.691547
n 602 0 0.4 0.5 0.71547
n 603 0 0.4 0.181699 0.531699
n 604 0 0.4 0.2 0.5
n 605 0 0.4 0.3 0.6
n 606 0 0.4 0.42 0.669282
n 607 0 0.38 0.4 0.703923
n 608 0 0.4 0.336603 0.621132
n 609 0 0.4 0.163397 0.521132
n 610 0 0.4 0.25 0.571133
n 611 0 0.3 0.4 0.6
n 612 0 0.281699 0.4 0.631699
n 613 0 0.3 0.1 0.6
n 614 0 0.293301 0.1 0.588397
n 615 0 0.3 0.4 0.6
n 616 0 0.3 0.2 0.6
n 617 0 0.293301 0.2 0.588397
n 618 0 0.3 0.026795 0.6
n 619 0 0.3 0.2 0.6
n 620 0 0.306699 0.2 0.588397
n 621 0 0.3 0.1 0.6
n 622 0 0.6 0.7 0.3
n 623 0 0.6 0.7 0.51547
n 624 0 0.6 0.7 0.142265
n 625 0 0.6 0.7 0.41547
n 626 0 0.6 0.7 0.28453
n 627 0 0.6 0.7 0.38453
n 628 0 0.6 0.7 0.5
n 629 0 0.6 0.7 0.1
n 630 0 0.6 0.7 0.4
n 631 0 0.5 0.3 0.5
n 632 0 0.5 0.293301 0.511603
n 633 0 0.5 0.3 0.5
n 634 0 0.5 0.325 0.543301
n 635 0 0.6 0.3 0.5
n 636 0 0.6 0.293301 0.511603
n 637 0 0.6 0.3 0.5
n 638 0 0.6 0.306699 0.511603
n 639 0 0.5 0.3 0.5
n 640 0 0.5 0.281699 0.531699
n 641 0 0.5 0.3 0.5
n 642 0 0.9 0.3 0.5
n 643 0 0.945 0.3 0.5
n 644 0 0.9 0.3 0.5
n 645 0 0.9 0.293301 0.488397
n 646 0 0.9 0.3 0.5
n 647 0 0.9 0.293301 0.488397
n 648 0 0.9 0.3 0.5
n 649 0 0.8 0.4 1.01547
n 650 0 0.8 0.1 0.842265
n 651 0 0.8 0.2 0.9
n 652 0 0.8 0.223816 0.91375
n 653 0 0.090718 0.9 0.520829
n 654 0 0.1 0.909282 0.536906
n 655 0 0.286603 0.9 0.407735
n 656 0 0.48 0.9 0.296077
n 657 0 0.5 0.92 0.330718
n 658 0 0.5 0.9 0.28453
n 659 0 0.4 0.9 0.342265
n 660 0 0.489282 0.9 0.290718
n 661 0 0.5 0.889282 0.309282
n 662 0 0.181699 0.9 0.468301
n 663 0 0.2 0.9 0.5
n 664 0 0.494641 0.9 0.287624
n 665 0 0.5 0.905359 0.296906
n 666 0 0.973205 0.7 0.6
n 667 0 1.02679 0.7 0.6
n 668 0 0.0267949 0.7 0.6
n 669 0 0.15875 0.7 0.576184
n 670 0 0.8 0.8 0.78453
n 671 0 0.8 0.8 0.78453
n 672 0 0.8 0.714641 0.833812
n 673 0 0.785359 0.7 0.808453
n 674 0 0.8 0.58 0.911547
n 675 0 0.78 0.6 0.946188
n 676 0 0.7 0.12 0.653812
n 677 0 0.68 0.1 0.688453
n 678 0 0.7 0.314641 0.766188
n 679 0 0.714641 0.3 0.791547
n 680 0 0.7 0.214641 0.708453
n 681 0 0.714641 0.2 0.733812
n 682 0 0.7 0.336603 0.778868
n 683 0 0.7 0.389282 0.809282
n 684 0 0.689282 0.4 0.790718
n 685 0 0.7 0.0816987 0.631699
n 686 0 0.7 0.1 0.6
n 687 0 0.7 0.2 0.7
n 688 0 0.7 0.318301 0.768301
n 689 0 0.7 0.3 0.8
n 690 0 0.3 0.6 1.1
n 691 0 0.3 0.6 0.1
n 692 0 0.3 0.6 1.01547
n 693 0 0.3 0.6 0.842265
n 694 0 0.3 0.6 0.98453
n 695 0 0.3 0.6 -0.0154701
n 696 0 0.3 0.623816 0.61375
n 697 0 0.3 0.6 1.1
n 698 0 0.3 0.6 0.1
n 699 0 0.2 0.85 0.728868
n 700 0 0.2 0.626795 0.6
n 701 0 0.2 0.814641 0.708453
n 702 0 0.185359 0.8 0.733812
n 703 0 0.2 0.7 0.642265
n 704 0 0.2 0.690718 0.636906
n 705 0 0.190718 0.7 0.620829
n 706 0 0.2 0.776184 0.68625
n 707 0 0.2 0.582309 0.567949
n 708 0 0.2 0.685359 0.633812
n 709 0 0.214641 0.7 0.608453
n 710 0 0.2 0.626795 0.6
n 711 0 0.1 0.884743 0.551074
n 712 0 0.1 0.893875 0.545801
n 713 0 0.1 0.6 0.71547
n 714 0 0.1 0.7 0.657735
n 715 0 0.462824 0.2 0.879199
n 716 0 0.68 0.2 0.811547
n 717 0 0.7 0.22 0.846188
n 718 0 0.52 0.2 0.903923
n 719 0 0.5 0.18 0.869282
n 720 0 0.686603 0.2 0.807735
n 721 0 0.7 0.2 0.8
n 722 0 0.4 0.4 0.8
n 723 0 0.4 0.226795 0.8
n 724 0 0.4 0.3 0.8
n 725 0 0.4 0.2 0.8
n 726 0 0.4 0.1 0.8
n 727 0 0.4 0.0267949 0.8
n 728 0 0.4 0.1 0.8
n 729 0 0.4 0.3 0.8
n 730 0 0.4 0.373205 0.8
n 731 0 0.4 0.1 0.8
n 732 0 0.418301 0.1 0.831699
n 733 0 1.0933 0.8 0.811603
n 734 0 0.1 0.8 0.8
n 735 0 1.0933 0.8 0.811603
n 736 0 0.1 0.8 0.8
n 737 0 0.8 0.8 0.642265
n 738 0 0.9 0.8 0.7
n 739 0 0.8 0.8 0.642265
n 740 0 0.8 0.8 0.642265
n 741 0 0.92 0.8 0.711547
n 742 0 0.9 0.78 0.746188
n 743 0 0.3 0.9 0.5
n 744 0 0.281699 0.9 0.468301
n 745 0 0.3 0.7 0.5
n 746 0 0.325 0.7 0.543301
n 747 0 0.3 0.8 0.5
n 748 0 0.3 0.8 0.5
n 749 0 0.3 0.8 0.5
n 750 0 0.324389 0.9 0.443654
n 751 0 0.209282 0.9 0.363094
n 752 0 0.2 0.909282 0.379171
n 753 0 0.494486 0.4 0.754551
n 754 0 0.2 0.4 0.58453
n 755 0 0.181125 0.4 0.589103
n 756 0 0.285359 0.4 0.633812
n 757 0 0.3 0.385359 0.608453
n 758 0 0.325 0.4 0.656699
n 759 0 0.3 0.4 0.7
n 760 0 0.52 0.4 0.769282
n 761 0 0.5 0.38 0.803923
n 762 0 0.494641 0.4 0.754641
n 763 0 0.5 0.394641 0.745359
n 764 0 0.617691 0.4 0.832051
n 765 0 0.573205 0.4 0.8
n 766 0 0.5 0.324389 0.543654
n 767 0 0.5 0.184743 0.448926
n 768 0 0.5 0.218301 0.468301
n 769 0 0.5 0.2 0.5
n 770 0 0.5 0.1 0.4
n 771 0 0.5 0.199426 0.457404
n 772 0 0.5 0.3 0.51547
n 773 0 0.5 0.1 0.4
n 774 0 0.5 0.1 0.4
n 775 0 0.5 0.0761843 0.38625
n 776 0 0.4 0.389282 0.209282
n 777 0 0.389282 0.4 0.190718
n 778 0 0.4 0.28 0.146188
n 779 0 0.38 0.3 0.111547
n 780 0 0.4 0.2 0.1
n 781 0 0.4 0.08 0.030718
n 782 0 0.42 0.1 -0.00392307
n 783 0 0.4 0.1 0.042265
n 784 0 0.4 0.1 1.04226
n 785 0 0.4 0.12 0.053812
n 786 0 0.38 0.1 0.088453
n 787 0 0.4 0.026795 1.95578e-08
n 788 0 0.4 0.026795 1
n 789 0 0.7 0.6 0.5
n 790 0 0.7 0.6 0.5
n 791 0 0.7 0.6 0.4
n 792 0 0.7 0.6 0.4
n 793 0 0.7 0.6 0.71547
n 794 0 0.7 0.6 0.5
n 795 0 0.7 0.6 0.642265
n 796 0 0.676184 0.6 0.88625
n 797 0 0.6 0.8 0.8
n 798 0 0.6 0.8 0.757735
n 799 0 0.6 0.8 0.7
n 800 0 0.605514 0.8 0.154551
n 801 0 0.8 0.185359 0.208453
n 802 0 0.814641 0.2 0.233812
n 803 0 0.8 0.2 0.2
n 804 0 0.8 0.0823094 0.267949
n 805 0 0.8 0.2 0.2
n 806 0 0.8 0.115257 0.248926
n 807 0 0.78 0.1 0.746188
n 808 0 0.8 0.08 0.711547
n 809 0 0.9 0.1 0.81547
n 810 0 0.563398 0.1 0.621132
n 811 0 0.625 0.1 0.656699
n 812 0 0.6 0.1 0.7
n 813 0 0.8 0.1 0.757735
n 814 0 0.9 0.1 0.81547
n 815 0 -0.1 0.1 0.81547
n 816 0 0.5 0.1 0.58453
n 817 0 0.52 0.1 0.596077
n 818 0 0.5 0.08 0.630718
n 819 0 0.873205 0.1 0.8
n 820 0 -0.126795 0.1 0.8
n 821 0 0.5 0.1 0.58453
n 822 0 0.5 0.1 0.58453
n 823 0 0.55 0.1 0.613397
n 824 0 0.2 0.4 0.68453
n 825 0 0.281699 0.4 0.731699
n 826 0 0.3 0.4 0.7
n 827 0 0.484743 0.4 0.848926
n 828 0 0.536603 0.4 0.878868
n 829 0 0.486603 0.4 0.85
n 830 0 0.394641 0.4 0.796906
n 831 0 0.4 0.394641 0.787624
n 832 0 0.8 0.273205 0.6
n 833 0 0.8 0.1 0.7
n 834 0 0.8 0.184743 0.651074
n 835 0 0.8 0.186603 0.65
n 836 0 0.8 0.25 0.613397
n 837 0 0.9 0.9 0.7
n 838 0 0.9 0.9 1.04226
n 839 0 0.9 0.9 0.042265
n 840 0 0.9 0.9 1.01547
n 841 0 0.9 0.9 0.81547
n 842 0 0.9 0.9 0.68453
n 843 0 0.9 0.9 0.7
n 844 0 0.9 0.9 0.9
n 845 0 0.8 0.3 0.3
n 846 0 0.8 0.293301 0.288397
n 847 0 1.1 0.3 0.3
n 848 0 0.1 0.3 0.3
n 849 0 0.9 0.5 0.58453
n 850 0 0.9 0.5 0.68453
n 851 0 0.9 0.5 0.6
n 852 0 0.675611 0.9 0.843654
n 853 0 1.1 0.9 0.58453
n 854 0 0.1 0.9 0.58453
n 855 0 0.681125 0.9 0.810897
n 856 0 0.9 0.9 0.7
n 857 0 0.726795 0.9 0.8
n 858 0 0.7 0.6 0.5
n 859 0 0.6 0.6 0.5
n 860 0 0.6 0.618301 0.468301
n 861 0 0.5 0.6 0.5
n 862 0 0.5 0.606699 0.511603
n 863 0 0.5 0.6 0.5
n 864 0 0.5 0.575 0.543301
n 865 0 0.5 0.6 0.5
n 866 0 0.5 0.6 0.5
n 867 0 0.5 0.575 0.456699
n 868 0 0.5 0.6 0.5
n 869 0 0.5 0.4 0.5
n 870 0 0.5 0.405514 0.245449
n 871 0 0.5 0.4 0.5
n 872 0 0.5 0.4 0.442265
n 873 0 0.5 0.4 0.6
n 874 0 0.5 0.4 0.742265
n 875 0 0.5 0.4 0.557735
n 876 0 0.5 0.617691 0.367949
n 877 0 0.5 0.4 0.5
n 878 0 0.5 0.45 0.471132
n 879 0 0.5 0.573205 0.4
n 880 0 0.5 0.313397 0.55
n 881 0 0.5 0.637176 0.420801
n 882 0 0.5 0.3 0.557735
n 883 0 0.5 0.6 0.38453
n 884 0 0.5 0.48 0.453812
n 885 0 0.48 0.5 0.488453
n 886 0 0.5 0.6 0.38453
n 887 0 0.7 0.623816 0.18625
n 888 0 0.7 0.6 0.71547
n 889 0 0.7 0.6 1.1
n 890 0 0.7 0.6 0.1
n 891 0 0.705514 0.6 0.645449
n 892 0 0.7 0.6 1.14226
n 893 0 0.7 0.6 0.142265
n 894 0 0.7 0.6 0.9
n 895 0 0.873205 0.6 0.4
n 896 0 0.52 0.6 0.603923
n 897 0 0.5 0.62 0.569282
n 898 0 0.5 0.6 0.61547
n 899 0 0.7 0.6 0.5
n 900 0 0.582309 0.6 0.567949
n 901 0 0.886603 0.6 0.392265
n 902 0 0.809282 0.6 0.436906
n 903 0 0.8 0.590718 0.420829
n 904 0 0.9 0.6 0.38453
n 905 0 0.463397 0.7 0.221132
n 906 0 0.718301 0.7 0.368301
n 907 0 0.7 0.7 0.4
n 908 0 0.485359 0.7 0.233812
n 909 0 0.5 0.714641 0.208453
n 910 0 0.594641 0.7 0.296906
n 911 0 0.6 0.694641 0.287624
n 912 0 0.8 0.7 0.41547
n 913 0 0.4 0.7 0.18453
n 914 0 0.78 0.7 0.403923
n 915 0 0.8 0.68 0.369282
n 916 0 0.6 0.5 0.7
n 917 0 0.6 0.5 0.7
n 918 0 0.6 0.673205 0.8
n 919 0 0.6 0.5 0.7
n 920 0 0.6 0.7 0.81547
n 921 0 0.6 0.3 0.58453
n 922 0 0.6 0.4 0.642265
n 923 0 0.8 0.1 0.6
n 924 0 0.8 0.1 0.6
n 925 0 0.8 0.1 0.6
n 926 0 0.8 0.226795 0.6
n 927 0 0.2 0.7 0.18453
n 928 0 0.2 0.7 0.1
n 929 0 0.2 0.7 0.157735
n 930 0 0.2 0.7 0.5
n 931 0 0.2 0.7 0.342265
n 932 0 0.2 0.7 0.5
n 933 0 0.2 0.7 0.5
n 934 0 0.176184 0.7 0.58625
n 935 0 0.2 0.7 0.457735
n 936 0 0.2 0.7 0.2
n 937 0 0.2 0.7 0.1
n 938 0 0.2 0.7 0.21547
n 939 0 0.2 0.805359 0.754641
n 940 0 0.205359 0.8 0.745359
n 941 0 0.2 0.7 0.81547
n 942 0 0.2 0.705359 0.812376
n 943 0 0.205359 0.7 0.803094
n 944 0 0.2 0.706699 0.811603
n 945 0 0.2 0.7 0.8
n 946 0 0.1 1 0.8
n 947 0 0.1 0.9 0.8
n 948 0 0.106699 0.9 0.788397
n 949 0 0.1 0.7 0.8
n 950 0 0.1 0.7 0.8
n 951 0 0.7 0.72 0.130718
n 952 0 0.68 0.7 0.096077
n 953 0 0.7 0.55875 0.223816
n 954 0 0.7 0.5 0.257735
n 955 0 0.7 0.7 0.142265
n 956 0 0.7 0.7 1.14226
n 957 0 0.7 0.718301 0.131699
n 958 0 0.7 0.7 0.1
n 959 0 0.7 0.6 0.2
n 960 0 0.7 0.62 0.188453
n 961 0 0.72 0.6 0.153812
n 962 0 0.7 0.794641 0.087624
n 963 0 0.705359 0.8 0.096906
n 964 0 0.7 0.8 0.0845299
n 965 0 0.5 0.68 0.403923
n 966 0 0.52 0.7 0.369282
n 967 0 0.5 0.724389 0.443654
n 968 0 0.5 0.673205 0.4
n 969 0 0.5 0.709282 0.420829
n 970 0 0.509282 0.7 0.436906
n 971 0 0.5 0.575 0.343301
n 972 0 0.5 0.6 0.3
n 973 0 0.5 0.3 0.18453
n 974 0 0.5 0.673205 0.4
n 975 0 0.5 0.6 0.357735
n 976 0 0.5 0.326795 0.2
n 977 0 0.5 0.6 0.357735
n 978 0 0.5 0.7 0.41547
n 979 0 0.5 0.400574 0.242596
n 980 0 0.9 0.1 1.01547
n 981 0 0.9 0.1 0.81547
n 982 0 -0.0999999 0.1 0.81547
n 983 0 0.9 0.1 1.055
n 984 0 0.9 0.1 0.955
n 985 0 0.9 0.1 0.91547
n 986 0 0.9 0.1 1.1
n 987 0 0.9 0.1 0.1
n 988 0 0.9 0.0761843 0.61375
n 989 0 0.9 0.1 0.8
n 990 0 -0.0999999 0.1 0.8
n 991 0 0.9 0.0761843 0.61375
n 992 0 0.9 0.1 0.957735
n 993 0 0.3 0.752051 0.187787
n 994 0 0.3 0.7 0.2
n 995 0 0.281699 0.7 0.231699
n 996 0 0.3 0.4 0.2
n 997 0 0.3 0.24125 0.176184
n 998 0 0.3 0.4 0.2
n 999 0 0.318301 0.4 0.231699
n 1000 0 0.3 0.3 0.2
n 1001 0 0.281699 0.3 0.168301
n 1002 0 0.3 0.3 0.2
n 1003 0 0.281699 0.3 0.231699
n 1004 0 0.3 0.5 0.2
n 1005 0 0.293301 0.5 0.211603
n 1006 0 0.3 0.426795 0.2
n 1007 0 0.3 0.752051 0.187787
n 1008 0 0.3 0.7 0.2
n 1009 0 0.275 0.7 0.243301
n 1010 0 0.3 0.7 0.2
n 1011 0 0.3 0.7 0.2
n 1012 0 0.281699 0.7 0.168301
n 1013 0 0.2 0.4 0.8
n 1014 0 0.394641 0.4 0.912376
n 1015 0 0.4 0.405359 0.903094
n 1016 0 0.284743 0.4 0.848926
n 1017 0 0.424389 0.4 0.943654
n 1018 0 0.386603 0.4 0.907735
n 1019 0 0.4 0.9 0.8
n 1020 0 0.4 0.8 0.8
n 1021 0 0.418301 0.8 0.831699
n 1022 0 0.4 0.7 0.8
n 1023 0 0.4 0.726795 0.8
n 1024 0 0.4 0.7 0.8
n 1025 0 0.4 0.9 0.8
n 1026 0 0.4 0.7 0.8
n 1027 0 0.5 0.3 0.4
n 1028 0 0.5 0.306699 0.388397
n 1029 0 0.3 0.3 0.4
n 1030 0 0.3 0.306699 0.388397
n 1031 0 0.5 0.3 0.4
n 1032 0 0.1 0.3 0.4
n 1033 0 0.3 0.3 0.4
n 1034 0 0.3 0.275 0.356699
n 1035 0 0.1 0.3 0.4
n 1036 0 0.1 0.281699 0.431699
n 1037 0 0.552051 0.3 0.387787
n 1038 0 0.4 0.3 0.4
n 1039 0 0.4 0.318301 0.431699
n 1040 0 0.2 0.3 0.4
n 1041 0 0.1 0.3 0.4
n 1042 0 0.8 0.1 0.48453
n 1043 0 0.817691 0.1 0.467949
n 1044 0 0.5 0.1 0.657735
n 1045 0 0.505359 0.1 0.654641
n 1046 0 0.5 0.105359 0.645359
n 1047 0 0.64125 0.1 0.576184
n 1048 0 0.4 0.1 0.71547
n 1049 0 0.5 0.1 0.657735
n 1050 0 0.4 0.115257 0.748926
n 1051 0 0.42 0.1 0.703923
n 1052 0 0.4 0.08 0.669282
n 1053 0 0.5 0.1 0.657735
n 1054 0 0.618875 0.1 0.589103
n 1055 0 0.6 0.5 0.7
n 1056 0 0.623816 0.5 0.61375
n 1057 0 0.6 0.5 1.1
n 1058 0 0.6 0.5 0.1
n 1059 0 0.6 0.5 0.7
n 1060 0 0.6 0.5 1.01547
n 1061 0 0.4 0.9 0.6
n 1062 0 0.4 0.8 0.657735
n 1063 0 0.4 0.9 0.6
n 1064 0 0.4 0.7 0.71547
n 1065 0 0.4 0.876184 0.61375
n 1066 0 0.4 0.7 0.71547
n 1067 0 0.4 0.7 0.71547
n 1068 0 0.2 0.4 0.357735
n 1069 0 0.2 0.4 0.2
n 1070 0 0.2 0.4 -0.0154701
n 1071 0 0.2 0.4 0.3
n 1072 0 0.2 0.4 0.01547
n 1073 0 0.2 0.4 1.01547
n 1074 0 0.2 0.4 0.28453
n 1075 0 0.2 0.4 0.1
n 1076 0 0.2 0.4 0.2
n 1077 0 0.6 0.2 0.7
n 1078 0 0.575 0.2 0.743301
n 1079 0 0.9 0.582309 0.232051
n 1080 0 0.9 0.8 0.1
n 1081 0 0.9 0.8 1.1
n 1082 0 0.9 0.917691 0.0320513
n 1083 0 0.9 0.6 0.21547
n 1084 0 -0.1 0.6 0.21547
n 1085 0 0.9 0.606699 0.211603
n 1086 0 0.9 0.6 0.2
n 1087 0 0.884743 0.6 0.248926
n 1088 0 0.9 0.6 0.21547
n 1089 0 0.4 0.5 0.48453
n 1090 0 0.4 0.5 0.58453
n 1091 0 0.4 0.5 0.442265
n 1092 0 0.6 0.5 0.4
n 1093 0 0.6 0.693301 0.511603
n 1094 0 0.6 0.7 0.5
n 1095 0 0.6 0.400574 0.342596
n 1096 0 0.6 0.4 0.342265
n 1097 0 0.6 0.54125 0.423816
n 1098 0 0.9 0.893301 0.411603
n 1099 0 0.9 0.9 0.4
n 1100 0 0.9 0.590718 0.236906
n 1101 0 -0.109282 0.6 0.220829
n 1102 0 0.9 0.581699 0.231699
n 1103 0 0.9 0.6 0.2
n 1104 0 0.9 0.605359 0.245359
n 1105 0 0.894641 0.6 0.254641
n 1106 0 0.9 0.7 0.3
n 1107 0 0.9 0.6 0.242265
n 1108 0 0.1 0.9 0.8
n 1109 0 0.106699 0.9 0.788397
n 1110 0 0.1 0.7 0.8
n 1111 0 0.1 0.7 0.8
n 1112 0 0.363397 0.7 0.278868
n 1113 0 0.5 0.7 0.2
n 1114 0 0.7 0.7 0.0845299
n 1115 0 0.7 0.7 1.08453
n 1116 0 0.4 0.7 0.257735
n 1117 0 0.306699 0.7 0.311603
n 1118 0 0.3 0.7 0.3
n 1119 0 0.673205 0.7 0.1
n 1120 0 0.3 0.684743 0.348926
n 1121 0 0.35 0.7 0.286603
n 1122 0 0.3 0.7 0.31547
n 1123 0 0.8 0.8 0.642265
n 1124 0 0.8 0.8 0.9
n 1125 0 0.8 0.8 0.957735
n 1126 0 0.8 0.8 1.04226
n 1127 0 0.8 0.8 0.042265
n 1128 0 0.6 0.2 0.357735
n 1129 0 0.8 0.2 0.242265
n 1130 0 0.9 0.2 0.18453
n 1131 0 0.818301 0.2 0.231699
n 1132 0 0.8 0.2 0.2
n 1133 0 0.526795 0.2 0.4
n 1134 0 0.676184 0.2 0.31375
n 1135 0 0.3 0.2 0.3
n 1136 0 0.3 0.2 0.5
n 1137 0 0.3 0.2 0.51547
n 1138 0 0.3 0.2 0.2
n 1139 0 0.3 0.2 0.4
n 1140 0 0.3 0.2 0.4
n 1141 0 0.3 0.2 0.41547
n 1142 0 0.7 0.1 -0.0999999
n 1143 0 0.7 0.1 0.9
n 1144 0 0.7 0.1 0.2
n 1145 0 0.676184 0.1 0.38625
n 1146 0 0.723816 0.1 0.38625
n 1147 0 0.7 0.1 -0.08453
n 1148 0 0.7 0.1 0.91547
n 1149 0 0.7 0.1 0.157735
n 1150 0 0.1 0.4 0.1
n 1151 0 0.1 0.6 0.1
n 1152 0 0.1 0.5 0.1
n 1153 0 0.1 0.347949 0.112213
n 1154 0 0.1 0.4 0.1
n 1155 0 0.1 0.7 0.1
n 1156 0 0.0816987 0.7 0.131699
n 1157 0 0.1 0.7 0.1
n 1158 0 0.1 0.7 0.1
n 1159 0 0.1 0.7 1.1
n 1160 0 0.7 0.1 0.9
n 1161 0 0.7 0.106699 0.911603
n 1162 0 0.5 0.1 0.9
n 1163 0 0.5 0.106699 0.911603
n 1164 0 0.4 0.1 0.9
n 1165 0 0.5 0.1 0.9
n 1166 0 0.5 0.1 -0.0999999
n 1167 0 0.3 0.1 0.9
n 1168 0 0.6 0.9 0.8
n 1169 0 0.4 0.9 0.68453
n 1170 0 0.4 0.9 0.68453
n 1171 0 0.794641 0.9 0.912376
n 1172 0 0.8 0.894641 0.903094
n 1173 0 0.65 0.9 0.828867
n 1174 0 0.4 0.9 0.68453
n 1175 0 0.2 0.4 0.5
n 1176 0 0.2 0.4 0.6
n 1177 0 0.2 0.4 0.9
n 1178 0 0.2 0.4 0.51547
n 1179 0 0.2 0.4 0.5
n 1180 0 0.2 0.205514 0.245449
n 1181 0 0.2 0.524389 0.443654
n 1182 0 0.2 0.38 0.346188
n 1183 0 0.18 0.4 0.311547
n 1184 0 0.2 0.3 0.3
n 1185 0 0.2 0.147949 0.212213
n 1186 0 0.8 0.1 0.457735
n 1187 0 0.8 0.1 0.4
n 1188 0 0.8 0.1 0.6
n 1189 0 0.794486 0.1 0.345449
n 1190 0 0.8 0.1 0.6
n 1191 0 0.3 0.382309 0.967949
n 1192 0 0.3 0.410718 -0.00928205
n 1193 0 0.310718 0.4 1.00928
n 1194 0 0.3 0.390718 -0.020829
n 1195 0 0.290718 0.4 0.963094
n 1196 0 0.3 0.7 0.157735
n 1197 0 0.3 0.675 0.143301
n 1198 0 0.3 0.7 0.1
n 1199 0 0.3 0.7 0.157735
n 1200 0 0.809282 0.3 0.736906
n 1201 0 0.8 0.309282 0.720829
n 1202 0 0.7 0.3 0.8
n 1203 0 0.5 0.3 0.91547
n 1204 0 0.9 0.3 0.68453
n 1205 0 0.836603 0.3 0.721132
n 1206 0 0.9 0.3 0.68453
n 1207 0 0.7 0.3 0.8
n 1208 0 0.518301 0.7 0.368301
n 1209 0 0.5 0.7 0.4
n 1210 0 0.573205 0.7 0.4
n 1211 0 0.190718 0.7 0.179171
n 1212 0 0.2 0.709282 0.163094
n 1213 0 0.4 0.7 0.3
n 1214 0 0.509282 0.7 0.363094
n 1215 0 0.5 0.709282 0.379171
n 1216 0 0.325 0.7 0.256699
n 1217 0 0.3 0.7 0.3
n 1218 0 0.52 0.7 0.369282
n 1219 0 0.5 0.72 0.403923
n 1220 0 0.593301 0.7 0.411603
n 1221 0 0.6 0.7 0.4
n 1222 0 0.181125 0.7 0.189103
n 1223 0 0.3 0.7 0.242265
n 1224 0 0.226795 0.7 0.2
n 1225 0 0.2 0.7 0.18453
n 1226 0 0.1 0.9 0.1
n 1227 0 0.5 0.9 0.1
n 1228 0 0.5 0.9 0.1
n 1229 0 0.4 0.9 0.1
n 1230 0 0.4 0.9 1.1
n 1231 0 0.485359 0.5 0.533812
n 1232 0 0.5 0.514641 0.508453
n 1233 0 0.7 0.5 0.657735
n 1234 0 0.709282 0.5 0.663094
n 1235 0 0.7 0.509282 0.679171
n 1236 0 0.485359 0.5 0.533812
n 1237 0 0.5 0.485359 0.508453
n 1238 0 0.406125 0.5 0.445801
n 1239 0 0.8 0.484743 0.748926
n 1240 0 0.1 0.7 0.1
n 1241 0 0.125 0.7 0.143301
n 1242 0 0.1 0.6 0.1
n 1243 0 0.1 0.7 0.1
n 1244 0 0.0816987 0.7 0.131699
n 1245 0 0.1 0.7 0.1
n 1246 0 0.1 0.7 0.1
n 1247 0 0.1 0.7 1.1
n 1248 0 0.7 0.5 0.1
n 1249 0 0.7 0.5 1.1
n 1250 0 0.5 0.5 0.1
n 1251 0 0.5 0.506699 0.0883975
n 1252 0 0.4 0.5 0.1
n 1253 0 0.4 0.475 0.143301
n 1254 0 0.7 0.5 0.1
n 1255 0 0.4 0.5 0.1
n 1256 0 0.5 0.5 0.1
n 1257 0 0.4 0.5 0.1
n 1258 0 0.5 0.9 0.342265
n 1259 0 0.5 0.9 0.342265
n 1260 0 0.5 0.575611 0.543654
n 1261 0 0.5 0.917691 0.332051
n 1262 0 0.5 0.8 0.4
n 1263 0 0.5 0.705359 0.454641
n 1264 0 0.494641 0.7 0.445359
n 1265 0 0.5 0.6 0.51547
n 1266 0 0.5 0.6 0.51547
n 1267 0 0.5 0.981699 0.252831
n 1268 0 0.5 0.8 0.4
n 1269 0 0.809282 0.2 0.679171
n 1270 0 0.8 0.209282 0.663094
n 1271 0 0.5 0.2 0.857735
n 1272 0 0.55875 0.2 0.823816
n 1273 0 0.636603 0.2 0.778868
n 1274 0 0.7 0.2 0.742265
n 1275 0 0.405359 0.2 0.912376
n 1276 0 0.4 0.194641 0.903094
n 1277 0 0.194486 0.1 0.645449
n 1278 0 0.2 0.1 0.8
n 1279 0 0.2 0.1 0.98453
n 1280 0 0.2 0.1 -0.0154701
n 1281 0 0.2 0.1 0.81547
n 1282 0 0.2 0.1 0.957735
n 1283 0 0.3 0.573205 0.3
n 1284 0 0.3 0.6 0.3
n 1285 0 0.3 0.2 0.3
n 1286 0 0.3 0.373205 0.3
n 1287 0 0.3 0.6 0.3
n 1288 0 0.7 0.6 0.4
n 1289 0 0.7 0.5 0.4
n 1290 0 0.7 0.9 0.4
n 1291 0 0.7 0.8 0.4
n 1292 0 0.718301 0.8 0.368301
n 1293 0 0.2 0.7 0.6
n 1294 0 0.2 0.7 0.6
n 1295 0 0.206699 0.7 0.611603
n 1296 0 0.2 0.8 0.6
n 1297 0 0.2 0.547949 0.587787
n 1298 0 0.2 0.7 0.6
n 1299 0 0.5 0.4 0.5
n 1300 0 0.5 0.425 0.456699
n 1301 0 0.6 0.4 0.5
n 1302 0 0.6 0.381699 0.468301
n 1303 0 0.2 0.4 0.5
n 1304 0 0.2 0.406699 0.511603
n 1305 0 0.3 0.4 0.5
n 1306 0 0.3 0.406699 0.488397
n 1307 0 0.6 0.4 0.5
n 1308 0 0.4 0.4 0.5
n 1309 0 0.4 0.393301 0.488397
n 1310 0 0.8 0.894486 0.145449
n 1311 0 0.8 0.9 0.3
n 1312 0 0.8 0.9 0.5
n 1313 0 0.8 0.9 0.4
n 1314 0 0.8 0.9 0.357735
n 1315 0 0.8 0.9 0.242265
n 1316 0 0.8 0.9 0.242265
n 1317 0 0.8 0.9 0.41547
n 1318 0 0.9 0.6 0.4
n 1319 0 0.8 0.6 0.4
n 1320 0 0.8 0.606699 0.411603
n 1321 0 0.9 0.6 0.4
n 1322 0 0.1 0.4 0.2
n 1323 0 0.352051 0.4 0.212213
n 1324 0 0.3 0.4 0.2
n 1325 0 0.3 0.406699 0.188397
n 1326 0 0.1 0.4 0.2
n 1327 0 0.1 0.425 0.156699
n 1328 0 0.2 0.4 0.2
n 1329 0 0.6 0.8 0.8
n 1330 0 0.581699 0.8 0.768301
n 1331 0 0.6 0.9 0.8
n 1332 0 0.625 0.9 0.843301
n 1333 0 0.6 0.7 0.8
n 1334 0 0.606699 0.7 0.811603
n 1335 0 0.6 0.2 0.5
n 1336 0 0.6 0.2 0.5
n 1337 0 0.6 0.218301 0.468301
n 1338 0 0.3 0.2 0.5
n 1339 0 0.3 0.206699 0.511603
n 1340 0 0.2 0.2 0.5
n 1341 0 0.5 0.2 0.5
n 1342 0 0.5 0.206699 0.488397
n 1343 0 0.2 0.2 0.5
n 1344 0 0.2 0.218301 0.468301
n 1345 0 0.4 0.2 0.5
n 1346 0 0.5 0.9 0.342265
n 1347 0 0.4 0.9 0.4
n 1348 0 0.509282 0.9 0.336906
n 1349 0 0.5 0.909282 0.320829
n 1350 0 0.475 0.9 0.356699
n 1351 0 0.5 0.9 0.4
n 1352 0 0.376184 0.9 0.41375
n 1353 0 0.206699 0.9 0.511603
n 1354 0 0.2 0.9 0.5
n 1355 0 0.514641 0.9 0.333812
n 1356 0 0.5 0.885359 0.308453
n 1357 0 0.9 0.5 0.78453
n 1358 0 0.9 0.1 1.01547
n 1359 0 0.9 0.1 0.0154701
n 1360 0 0.9 0.3 0.9
n 1361 0 0.9 0.0628238 0.979199
n 1362 0 0.9 0.323816 0.88625
n 1363 0 0.8 0.613397 0.192265
n 1364 0 0.8 0.42 0.303923
n 1365 0 0.82 0.4 0.269282
n 1366 0 0.8 0.718301 0.131699
n 1367 0 0.8 0.7 0.1
n 1368 0 0.8 0.6 0.2
n 1369 0 0.8 0.6 0.2
n 1370 0 0.784743 0.8 0.0510737
n 1371 0 0.8 0.563397 0.221132
n 1372 0 0.1 0.784743 0.651074
n 1373 0 0.386603 0.8 0.85
n 1374 0 0.394641 0.8 0.854641
n 1375 0 0.4 0.805359 0.845359
n 1376 0 0.3 0.8 0.8
n 1377 0 0.4 0.3 0.842265
n 1378 0 0.4 0.5 0.957735
n 1379 0 0.4 0.5 -0.042265
n 1380 0 0.4 0.42 0.911547
n 1381 0 0.42 0.4 0.946188
n 1382 0 0.4 0.48 0.946188
n 1383 0 0.42 0.5 0.911547
n 1384 0 0.4 0.206699 0.788397
n 1385 0 0.4 0.2 0.8
n 1386 0 0.4 0.4 0.9
n 1387 0 0.4 0.175611 0.756346
n 1388 0 0.4 0.281699 0.831699
n 1389 0 0.4 0.3 0.8
n 1390 0 0.4 0.3 0.842265
n 1391 0 1.07321 0.6 0.5
n 1392 0 0.885359 0.6 0.608453
n 1393 0 0.9 0.585359 0.633812
n 1394 0 0.763398 0.6 0.678868
n 1395 0 1.07321 0.6 0.5
n 1396 0 0.9 0.6 0.6
n 1397 0 0.5 0.9 0.0154701
n 1398 0 0.5 0.9 1.01547
n 1399 0 0.5 0.9 0.31547
n 1400 0 0.5 0.9 -0.08453
n 1401 0 0.5 0.9 0.91547
n 1402 0 0.5 0.9 0.1
n 1403 0 0.5 0.9 0.3
n 1404 0 0.9 0.8 0.957735
n 1405 0 0.9 0.8 0.757735
n 1406 0 0.9 0.8 0.98453
n 1407 0 0.9 0.8 -0.0154701
n 1408 0 0.1 0.52 0.803923
n 1409 0 0.08 0.5 0.769282
n 1410 0 0.1 0.6 0.757735
n 1411 0 0.1 0.685359 0.708453
n 1412 0 0.085359 0.7 0.733812
n 1413 0 0.1 0.7 0.7
n 1414 0 0.7 0.5 0.2
n 1415 0 0.7 0.4 0.2
n 1416 0 0.7 0.1 0.2
n 1417 0 0.718301 0.1 0.168301
n 1418 0 0.7 0.2 0.2
n 1419 0 0.693301 0.2 0.188397
n 1420 0 0.28 0.1 0.596077
n 1421 0 0.3 0.08 0.630718
n 1422 0 0.08 0.1 0.711547
n 1423 0 0.1 0.12 0.746188
n 1424 0 -0.0732051 0.1 0.8
n 1425 0 0.3 0.1 0.58453
n 1426 0 0.4 0.9 0.5
n 1427 0 0.4 0.9 0.655
n 1428 0 0.78 0.1 0.446188
n 1429 0 0.8 0.08 0.411547
n 1430 0 0.62 0.1 0.353812
n 1431 0 0.6 0.08 0.388453
n 1432 0 0.5 0.1 0.28453
n 1433 0 0.7 0.1 0.4
n 1434 0 0.9 0.1 0.51547
n 1435 0 0.5 0.1 0.28453
n 1436 0 0.5 0.1 0.28453
n 1437 0 0.6 0.2 0.457735
n 1438 0 0.6 0.2 0.4
n 1439 0 0.6 0.2 0.2
n 1440 0 0.6 0.2 0.242265
n 1441 0 0.28 0.9 0.888453
n 1442 0 0.3 0.88 0.853812
n 1443 0 0.394486 0.9 0.954551
n 1444 0 0.38 0.9 0.946188
n 1445 0 0.4 0.92 0.911547
n 1446 0 0.4 0.9 0.957735
n 1447 0 0.5 0.6 0.557735
n 1448 0 0.5 0.3 0.38453
n 1449 0 0.5 0.5 0.5
n 1450 0 0.5 0.5 0.5
n 1451 0 0.5 0.594486 0.554551
n 1452 0 0.5 0.290718 0.379171
n 1453 0 0.509282 0.3 0.363094
n 1454 0 0.8 0.2 0.342265
n 1455 0 0.8 0.12 0.388453
n 1456 0 0.78 0.1 0.353812
n 1457 0 0.8 0.2 0.342265
n 1458 0 0.6 0.3 0.51547
n 1459 0 0.6 0.12 0.411547
n 1460 0 0.62 0.1 0.446188
n 1461 0 0.8 0.3 0.9
n 1462 0 0.781699 0.3 0.868301
n 1463 0 0.673205 0.8 0.5
n 1464 0 0.3 0.8 0.71547
n 1465 0 0.6 0.8 0.542265
n 1466 0 0.652051 0.8 0.512213
n 1467 0 1.1 0.3 0.68453
n 1468 0 0.1 0.3 0.68453
n 1469 0 0.9 0.3 0.8
n 1470 0 0.1 0.284743 0.651074
n 1471 0 0.9 0.3 0.8
n 1472 0 1.1 0.3 0.68453
n 1473 0 0.1 0.3 0.68453
n 1474 0 0.936603 0.3 0.778867
n 1475 0 0.885359 0.3 0.808453
n 1476 0 0.9 0.314641 0.833812
n 1477 0 0.9 0.3 0.8
n 1478 0 1.1 0.3 0.68453
n 1479 0 0.1 0.3 0.68453
n 1480 0 0.3 0.8 0.9
n 1481 0 0.3 0.610718 1.00928
n 1482 0 0.289282 0.6 -0.00928202
n 1483 0 0.3 0.7 0.957735
n 1484 0 0.3 0.7 -0.0422649
n 1485 0 0.8 0.2 0.342265
n 1486 0 0.8 0.2 0.2
n 1487 0 0.4 0.3 1.04226
n 1488 0 0.4 0.3 0.042265
n 1489 0 0.423816 0.3 0.08625
n 1490 0 0.4 0.3 0.71547
n 1491 0 0.4 0.3 0.642265
n 1492 0 0.4 0.3 0.68453
n 1493 0 0.4 0.294486 0.545449
n 1494 0 0.4 0.3 0.8
n 1495 0 0.4 0.3 0.842265
n 1496 0 0.8 0.713398 0.25
n 1497 0 0.8 0.590718 0.320829
n 1498 0 0.790718 0.6 0.336906
n 1499 0 0.8 0.663397 0.278868
n 1500 0 0.625 0.8 0.743301
n 1501 0 0.6 0.8 0.7
n 1502 0 0.8 0.8 0.642265
n 1503 0 0.525574 0.8 0.800705
n 1504 0 0.605514 0.8 0.754551
n 1505 0 0.18 0.7 0.111547
n 1506 0 0.2 0.68 0.146188
n 1507 0 0.4 0.7 -0.0154701
n 1508 0 0.4 0.7 0.98453
n 1509 0 0.4 0.7 -0.0154701
n 1510 0 0.4 0.7 0.98453
n 1511 0 0.113397 0.7 0.15
n 1512 0 0.3 0.7 0.042265
n 1513 0 0.2 0.7 0.1
n 1514 0 0.105514 0.7 0.154551
n 1515 0 0.2 0.7 0.1
n 1516 0 0.2 0.7 0.61547
n 1517 0 0.2 0.7 0.8
n 1518 0 0.2 0.7 0.8
n 1519 0 0.2 0.7 0.5
n 1520 0 0.2 0.694486 0.345449
n 1521 0 0.2 0.7 0.5
n 1522 0 0.2 0.7 0.5
n 1523 0 0.2 0.7 0.6
n 1524 0 0.2 0.7 0.6
n 1525 0 0.2 0.7 0.457735
n 1526 0 0.7 0.5 0.955
n 1527 0 0.7 0.5 0.68453
n 1528 0 0.5 0.581699 0.131699
n 1529 0 0.5 0.6 0.1
n 1530 0 0.5 0.6 0.142265
n 1531 0 0.5 0.526795 0.1
n 1532 0 0.5 0.6 0.142265
n 1533 0 0.5 0.625 0.156699
n 1534 0 0.5 0.6 0.2
n 1535 0 0.5 0.886603 0.307735
n 1536 0 0.5 0.8 0.257735
n 1537 0 0.5 0.794641 0.254641
n 1538 0 0.505359 0.8 0.245359
n 1539 0 0.5 0.784743 0.248926
n 1540 0 0.6 0.618301 0.331699
n 1541 0 0.6 0.6 0.3
n 1542 0 0.6 0.4 0.457735
n 1543 0 0.6 0.54125 0.376184
n 1544 0 0.8 0.85 0.328868
n 1545 0 0.8 0.92 0.288453
n 1546 0 0.82 0.9 0.253812
n 1547 0 0.8 0.78 0.369282
n 1548 0 0.78 0.8 0.403923
n 1549 0 0.8 0.8 0.357735
n 1550 0 0.28 0.4 0.646188
n 1551 0 0.3 0.38 0.611547
n 1552 0 0.318301 0.4 0.668301
n 1553 0 0.3 0.4 0.7
n 1554 0 0.1 0.4 0.542265
n 1555 0 0.085359 0.4 0.533812
n 1556 0 0.1 0.414641 0.508453
n 1557 0 0.115257 0.4 0.551074
n 1558 0 0.0267949 0.4 0.5
n 1559 0 0.5 0.7 0.4
n 1560 0 0.518301 0.7 0.431699
n 1561 0 0.5 0.673205 0.4
n 1562 0 0.5 0.6 0.4
n 1563 0 0.5 0.6 0.4
n 1564 0 0.5 0.726795 0.4
n 1565 0 0.5 0.8 0.4
n 1566 0 0.4 0.9 0.5
n 1567 0 0.4 0.9 0.9
n 1568 0 0.4 0.9 0.945
n 1569 0 0.8 0.1 0.6
n 1570 0 0.8 0.294641 0.712376
n 1571 0 0.805359 0.3 0.703094
n 1572 0 0.5 0.6 0.1
n 1573 0 0.5 0.6 0.1
n 1574 0 0.4 0.6 0.1
n 1575 0 0.5 0.6 0.1
n 1576 0 0.626795 0.6 0.1
n 1577 0 0.3 0.536603 0.521132
n 1578 0 0.3 0.363398 0.421133
n 1579 0 0.3 0.68 0.603923
n 1580 0 0.28 0.7 0.569282
n 1581 0 0.3 0.275611 0.356346
n 1582 0 0.3 0.673205 0.6
n 1583 0 0.3 0.693875 0.654199
n 1584 0 0.284743 0.7 0.648926
n 1585 0 0.8 0.8 0.9
n 1586 0 0.8 0.975 0.798964
n 1587 0 0.8 0.62 1.00392
n 1588 0 0.82 0.6 0.969282
n 1589 0 0.8 0.9 0.842265
n 1590 0 0.6 0.9 0.7
n 1591 0 0.6 0.8 0.7
n 1592 0 0.3 0.213398 0.707735
n 1593 0 0.3 0.226795 0.7
n 1594 0 0.3 0.3 0.657735
n 1595 0 0.3 0.5 0.542265
n 1596 0 0.3 0.206699 0.711603
n 1597 0 0.3 0.2 0.7
n 1598 0 0.5 0.1 0.51547
n 1599 0 0.5 0.1 0.642265
n 1600 0 0.5 0.1 0.345
n 1601 0 0.5 0.1 0.642265
n 1602 0 0.4 0.5 0.157735
n 1603 0 0.4 0.32 0.053812
n 1604 0 0.42 0.3 0.088453
n 1605 0 0.4 0.4 0.1
n 1606 0 0.4 0.4 0.1
n 1607 0 0.1 0.6 0.61547
n 1608 0 0.123816 0.6 0.08625
n 1609 0 0.3 0.593301 0.288397
n 1610 0 0.3 0.6 0.3
n 1611 0 0.3 0.573205 0.3
n 1612 0 0.3 0.484743 0.351074
n 1613 0 0.3 0.586603 0.292265
n 1614 0 0.1 0.214641 0.733812
n 1615 0 0.085359 0.2 0.708453
n 1616 0 0.1 0.0183013 0.847169
n 1617 0 0.1 0.3 0.68453
n 1618 0 0.1 0.1 0.8
n 1619 0 0.1 0.218301 0.731699
n 1620 0 0.1 0.2 0.7
n 1621 0 0.1 0.3 0.68453
n 1622 0 0.4 0.7 0.5
n 1623 0 0.52 0.7 0.430718
n 1624 0 0.5 0.68 0.396077
n 1625 0 0.281699 0.7 0.568301
n 1626 0 0.3 0.7 0.6
n 1627 0 0.213397 0.7 0.607735
n 1628 0 0.206699 0.7 0.611603
n 1629 0 0.2 0.7 0.6
n 1630 0 0.509282 0.7 0.436906
n 1631 0 0.5 0.690718 0.420829
n 1632 0 0.593301 0.7 0.388397
n 1633 0 0.6 0.7 0.4
n 1634 0 0.8 0.8 0.957735
n 1635 0 0.8 0.8 1.04226
n 1636 0 0.8 0.8 0.042265
n 1637 0 0.7 0.7 0.9
n 1638 0 0.7 0.7 1.1
n 1639 0 0.7 0.7 0.1
n 1640 0 0.7 0.7 0.857735
n 1641 0 0.7 0.7 0.757735
n 1642 0 -0.0732051 0.2 0.8
n 1643 0 0.3 0.2 1.01547
n 1644 0 0.3 0.2 0.01547
n 1645 0 0.08 0.2 0.888453
n 1646 0 0.1 0.18 0.853812
n 1647 0 0.2 0.2 0.642265
n 1648 0 0.1 0.2 0.7
n 1649 0 0.9 0.215257 0.848926
n 1650 0 0.3 0.2 0.58453
n 1651 0 0.1 0.2 0.7
n 1652 0 0.9 0.1 0.28453
n 1653 0 0.82 0.1 0.330718
n 1654 0 0.8 0.12 0.296077
n 1655 0 0.9 0.1 0.28453
n 1656 0 0.5 0.1 0.51547
n 1657 0 0.5 0.1 0.51547
n 1658 0 0.4 0.8 0.842265
n 1659 0 0.7 0.384743 0.751074
n 1660 0 0.7 0.215257 0.848926
n 1661 0 0.7 0.205514 0.854551
n 1662 0 0.7 0.3 0.8
n 1663 0 0.3 0.2 0.7
n 1664 0 0.3 0.1 0.642265
n 1665 0 0.3 0.2 0.7
n 1666 0 0.3 0.318301 0.768301
n 1667 0 0.3 0.3 0.8
n 1668 0 0.3 0.693301 0.788397
n 1669 0 0.3 0.7 0.8
n 1670 0 0.3 0.38 0.969282
n 1671 0 0.32 0.4 1.00392
n 1672 0 0.3 0.52 0.888453
n 1673 0 0.32 0.5 0.853812
n 1674 0 0.3 0.4 0.957735
n 1675 0 0.3 0.382309 0.967949
n 1676 0 0.3 0.3 0.7
n 1677 0 0.318301 0.3 0.668301
n 1678 0 0.3 0.1 0.7
n 1679 0 0.3 0.2 0.7
n 1680 0 0.3 0.1 0.7
n 1681 0 0.325 0.1 0.743301
n 1682 0 0.2 0.2 0.457735
n 1683 0 0.2 0.2 0.7
n 1684 0 0.5 0.6 0.71547
n 1685 0 0.5 0.594486 0.445449
n 1686 0 0.5 0.6 0.545
n 1687 0 0.5 0.6 0.78453
n 1688 0 0.8 0.9 0.4
n 1689 0 0.8 0.918301 0.368301
n 1690 0 1.1 0.9 0.4
n 1691 0 0.1 0.9 0.4
n 1692 0 1.07321 0.9 0.4
n 1693 0 0.8 0.9 0.4
n 1694 0 0.8 0.893301 0.411603
n 1695 0 0.9 0.1 0.055
n 1696 0 0.9 0.1 0.1
n 1697 0 0.9 0.123816 0.58625
n 1698 0 0.9 0.123816 0.58625
n 1699 0 0.2 0.7 0.8
n 1700 0 0.4 0.7 0.91547
n 1701 0 5.96046e-08 0.7 0.68453
n 1702 0 1 0.7 0.68453
n 1703 0 0.4 0.7 0.91547
n 1704 0 0.3 0.7 0.857735
n 1705 0 0.3 0.7 -0.142265
n 1706 0 0.1 0.7 0.742265
n 1707 0 1.02679 0.7 0.5
n 1708 0 0.0267949 0.7 0.5
n 1709 0 0.2 0.58 0.088453
n 1710 0 0.18 0.6 0.053812
n 1711 0 0.2 0.8 0.21547
n 1712 0 0.2 0.410718 -0.00928203
n 1713 0 0.210718 0.4 1.00928
n 1714 0 0.2 0.714641 0.166188
n 1715 0 0.185359 0.7 0.191547
n 1716 0 0.2 0.675 0.143301
n 1717 0 0.2 0.7 0.1
n 1718 0 0.2 0.72 0.169282
n 1719 0 0.22 0.7 0.203923
n 1720 0 0.2 0.7 0.157735
n 1721 0 0.1 0.4 0.4
n 1722 0 0.1 0.4 0.357735
n 1723 0 0.1 0.4 0.5
n 1724 0 0.1 0.4 0.142265
n 1725 0 0.1 0.4 0.1
n 1726 0 0.1 0.4 0.5
n 1727 0 0.9 0.2 0.5
n 1728 0 0.9 0.2 0.5
n 1729 0 0.9 0.218301 0.531699
n 1730 0 0.7 0.2 0.5
n 1731 0 0.9 0.2 0.5
n 1732 0 0.9 0.218301 0.531699
n 1733 0 0.5 0.517691 0.667949
n 1734 0 0.5 0.363397 0.578868
n 1735 0 0.5 0.3 0.542265
n 1736 0 0.9 0.7 0.9
n 1737 0 0.647949 0.7 0.887787
n 1738 0 1.1 0.7 0.9
n 1739 0 0.1 0.7 0.9
n 1740 0 0.9 0.809282 0.963094
n 1741 0 0.909282 0.8 -0.0208291
n 1742 0 0.5 0.336603 0.778868
n 1743 0 0.5 0.3 0.757735
n 1744 0 0.5 0.2 0.7
n 1745 0 0.5 0.1 0.642265
n 1746 0 0.5 0.409282 0.820829
n 1747 0 0.509282 0.4 0.836906
n 1748 0 0.5 0.1 0.642265
n 1749 0 0.5 0.2 0.7
n 1750 0 0.5 0.318301 0.768301
n 1751 0 0.5 0.3 0.8
n 1752 0 0.5 0.1 0.642265
n 1753 0 0.3 0.6 0.3
n 1754 0 0.5 0.6 0.3
n 1755 0 0.5 0.6 0.3
n 1756 0 0.3 0.6 0.3
n 1757 0 0.8 0.92 0.888453
n 1758 0 0.82 0.9 0.853812
n 1759 0 0.3 0.2 0.2
n 1760 0 0.3 0.223816 0.38625
n 1761 0 0.5 0.3 0.8
n 1762 0 0.5 0.1 0.91547
n 1763 0 0.5 0.1 -0.08453
n 1764 0 0.5 0.3 0.8
n 1765 0 0.9 0.194486 0.0454487
n 1766 0 0.9 0.2 0.542265
n 1767 0 0.9 0.2 0.542265
n 1768 0 0.5 0.3 0.042265
n 1769 0 0.5 0.3 0.2
n 1770 0 0.5 0.3 0.357735
n 1771 0 0.5 0.3 0.157735
n 1772 0 0.4 0.7 0.38453
n 1773 0 0.4 0.7 0.31547
n 1774 0 0.376184 0.7 0.11375
n 1775 0 0.5 0.3 0.61547
n 1776 0 0.5 0.6 0.442265
n 1777 0 0.5 0.5 0.5
n 1778 0 0.5 0.6 0.442265
n 1779 0 0.5 0.674426 0.399295
n 1780 0 0.3 0.8 0.3
n 1781 0 0.2 0.8 0.3
n 1782 0 0.2 0.793301 0.288397
n 1783 0 0.1 0.8 0.3
n 1784 0 0.1 0.781699 0.331699
n 1785 0 0.2 0.8 0.3
n 1786 0 0.1 0.4 0.4
n 1787 0 0.0816987 0.4 0.368301
n 1788 0 0.1 0.226795 0.4
n 1789 0 0.1 0.3 0.4
n 1790 0 0.3 0.6 0.3
n 1791 0 0.3 0.7 0.3
n 1792 0 0.318301 0.7 0.268301
n 1793 0 0.3 0.7 0.3
n 1794 0 1.07321 0.6 0.5
n 1795 0 0.8 0.4 0.2
n 1796 0 0.775 0.4 0.243301
n 1797 0 0.8 0.1 0.2
n 1798 0 0.793301 0.1 0.211603
n 1799 0 0.5 0.3 0.8
n 1800 0 0.4 0.7 0.8
n 1801 0 0.4 0.706699 0.788397
n 1802 0 0.4 0.7 0.8
n 1803 0 0.4 0.7 0.8
n 1804 0 0.1 0.7 0.8
n 1805 0 0.3 0.294641 0.145359
n 1806 0 0.305359 0.3 0.154641
n 1807 0 0.3 0.393301 0.0883975
n 1808 0 0.3 0.4 0.1
n 1809 0 0.8 0.606699 0.188397
n 1810 0 0.8 0.6 0.2
n 1811 0 0.8 0.605359 0.187624
n 1812 0 0.794641 0.6 0.196906
n 1813 0 0.8 0.8 0.3
n 1814 0 0.2 0.7 0.5
n 1815 0 0.2 0.8 0.5
n 1816 0 0.2 0.7 0.5
n 1817 0 0.2 0.773205 0.5
n 1818 0 0.2 0.8 0.5
n 1819 0 0.3 0.973205 0.6
n 1820 0 0.3 0.8 0.5
n 1821 0 0.3 0.7 0.442265
n 1822 0 0.3 0.8 0.5
n 1823 0 0.2 0.8 0.28453
n 1824 0 0.2 0.6 0.4
n 1825 0 0.2 0.406699 0.511603
n 1826 0 0.2 0.4 0.5
n 1827 0 0.2 0.7 0.342265
n 1828 0 0.4 0.7 0.78453
n 1829 0 0.4 0.9 0.9
n 1830 0 0.4 0.7 0.78453
n 1831 0 0.284743 0.4 0.251074
n 1832 0 0.3 0.2 0.4
n 1833 0 0.3 0.194641 0.403094
n 1834 0 0.305359 0.2 0.412376
n 1835 0 0.3 0.1 0.457735
n 1836 0 0.9 0.714641 0.708453
n 1837 0 0.914641 0.7 0.733812
n 1838 0 0.9 0.68 0.688453
n 1839 0 0.88 0.7 0.653812
n 1840 0 0.9 0.526795 0.6
n 1841 0 0.9 0.5 0.58453
n 1842 0 0.205359 0.4 0.296906
n 1843 0 0.2 0.405359 0.287624
n 1844 0 0.32 0.4 0.230718
n 1845 0 0.3 0.42 0.196077
n 1846 0 0.873205 0.9 0.7
n 1847 0 0.713397 0.9 0.792265
n 1848 0 0.5 0.6 0.1
n 1849 0 0.5 0.6 0.2
n 1850 0 0.1 0.305514 0.445449
n 1851 0 0.1 0.4 0.5
n 1852 0 0.1 0.3 0.442265
n 1853 0 0.4 0.5 0.1
n 1854 0 0.4 0.5 -0.1
n 1855 0 0.4 0.5 0.9
n 1856 0 0.4 0.3 0.1
n 1857 0 0.226795 0.3 0.2
n 1858 0 0.2 0.3 0.21547
n 1859 0 0.206699 0.3 0.211603
n 1860 0 0.2 0.3 0.2
n 1861 0 0.605514 0.4 0.145449
n 1862 0 0.4 0.7 1.1
n 1863 0 0.4 0.7 0.1
n 1864 0 0.4 0.7 0.71547
n 1865 0 0.4 0.7 1.145
n 1866 0 0.4 0.7 1.1
n 1867 0 0.4 0.7 0.1
n 1868 0 0.4 0.7 1.1
n 1869 0 0.4 0.7 0.1
n 1870 0 0.5 0.7 0.1
n 1871 0 0.5 0.6 0.1
n 1872 0 0.5 0.8 0.1
n 1873 0 0.5 0.7 0.1
n 1874 0 0.5 0.7 0.1
n 1875 0 0.475 0.7 0.0566987
n 1876 0 0.9 0.1 0.1
n 1877 0 0.9 0.1 -0.0422649
n 1878 0 0.9 0.1 0.957735
n 1879 0 0.326795 0.2 0.4
n 1880 0 0.7 0.2 0.4
n 1881 0 0.4 0.7 0.1
n 1882 0 0.4 0.7 1.1
n 1883 0 0.4 0.7 0.1
n 1884 0 0.5 0.1 0.2
n 1885 0 0.518301 0.1 0.168301
n 1886 0 0.5 0.1 0.2
n 1887 0 0.5 0.373205 0.2
n 1888 0 0.1 0.905359 0.403094
n 1889 0 1.09464 0.9 0.412376
n 1890 0 0.1 0.725574 0.299295
n 1891 0 0.4 0.4 0.1
n 1892 0 0.974426 0.7 0.599295
n 1893 0 0.3 0.64125 0.623816
n 1894 0 0.637176 0.4 0.820801
n 1895 0 0.310718 0.4 1.00928
n 1896 0 0.3 0.410718 -0.00928205
n 1897 0 0.5 0.6 0.2
n 1898 0 0.6 0.8 0.5
n 1899 0 0.614641 0.1 0.108453
n 1900 0 0.6 0.085359 0.133812
n 1901 0 0.4 0.1 -0.0154701
n 1902 0 0.4 0.1 0.98453
n 1903 0 0.5 0.1 0.042265
n 1904 0 0.390718 0.1 -0.020829
n 1905 0 0.4 0.090718 0.963094
n 1906 0 0.5 0.1 0.042265
n 1907 0 -0.0732051 0.6 0.2
n 1908 0 0.926795 0.6 0.2
n 1909 0 0.875611 0.6 0.243654
n 1910 0 -0.0999999 0.6 0.21547
n 1911 0 0.9 0.6 0.21547
n 1912 0 0.0267949 0.3 0.5
n 1913 0 1.02679 0.3 0.5
n 1914 0 0.1 0.3 0.542265
n 1915 0 0.389282 0.3 0.709282
n 1916 0 0.4 0.289282 0.690718
n 1917 0 0.176184 0.3 0.58625
n 1918 0 0.1 0.3 0.542265
n 1919 0 0.6 0.214641 0.208453
n 1920 0 0.614641 0.2 0.233812
n 1921 0 0.6 0.4 0.31547
n 1922 0 0.9 0.3 0.5
n 1923 0 0.9 0.3 0.8
n 1924 0 0.9 0.3 0.48453
n 1925 0 0.9 0.3 0.6
n 1926 0 0.9 0.3 0.757735
n 1927 0 0.9 0.3 0.48453
n 1928 0 0.9 0.3 0.842265
n 1929 0 0.9 0.3 0.845
n 1930 0 0.1 0.2 0.8
n 1931 0 0.1 0.218301 0.831699
n 1932 0 0.1 0.3 0.642265
n 1933 0 0.1 0.0816987 0.768301
n 1934 0 0.1 0.1 0.8
n 1935 0 0.1 0.2 0.7
n 1936 0 0.1 0.3 0.642265
n 1937 0 0.2 0.3 0.18453
n 1938 0 0.206699 0.3 0.188397
n 1939 0 0.2 0.3 0.2
n 1940 0 0.2 0.7 0.5
n 1941 0 0.113397 0.7 0.55
n 1942 0 0.214641 0.7 0.491547
n 1943 0 0.2 0.714641 0.466188
n 1944 0 0.223816 0.7 0.48625
n 1945 0 1.1 0.3 0.5
n 1946 0 0.1 0.3 0.5
n 1947 0 0.9 0.3 0.5
n 1948 0 0.9 0.293301 0.488397
n 1949 0 0.9 0.3 0.5
n 1950 0 0.9 0.293301 0.488397
n 1951 0 0.9 0.3 0.5
n 1952 0 1.1 0.3 0.5
n 1953 0 0.1 0.3 0.5
n 1954 0 0.9 0.6 0.4
n 1955 0 0.3 0.7 0.657735
n 1956 0 0.3 0.406699 0.488397
n 1957 0 0.3 0.4 0.5
n 1958 0 0.8 0.6 0.2
n 1959 0 0.8 0.6 0.2
n 1960 0 0.8 0.581699 0.231699
n 1961 0 0.9 0.6 0.2
n 1962 0 0.814641 0.6 0.208453
n 1963 0 0.8 0.585359 0.233812
n 1964 0 0.9 0.6 0.257735
n 1965 0 0.9 0.314641 0.791547
n 1966 0 0.914641 0.3 0.766188
n 1967 0 0.9 0.106125 0.954199
n 1968 0 0.9 0.5 0.68453
n 1969 0 0.9 0.3 0.8
n 1970 0 0.9 0.1 0.6
n 1971 0 0.9 0.1 0.6
n 1972 0 0.2 0.8 0.442265
n 1973 0 0.2 0.8 0.6
n 1974 0 0.2 0.8 0.51547
n 1975 0 0.2 0.8 0.5
n 1976 0 0.2 0.3 0.51547
n 1977 0 0.1 0.3 0.78453
n 1978 0 0.2 0.526795 0.6
n 1979 0 0.2 0.736602 0.478868
n 1980 0 0.2 0.723816 0.48625
n 1981 0 0.2 0.7 0.6
n 1982 0 0.4 0.7 0.71547
n 1983 0 0.9 0.14125 0.576184
n 1984 0 0.9 0 0.657735
n 1985 0 0.9 0.3 0.48453
n 1986 0 0.3 0.1 0.8
n 1987 0 0.226795 0.1 0.8
n 1988 0 0.9 0.14125 0.576184
n 1989 0 0.9 0.5 0.6
n 1990 0 0.9 0.3 0.6
n 1991 0 0.7 0.2 0.81547
n 1992 0 0.42 0.2 0.653812
n 1993 0 0.4 0.22 0.688453
n 1994 0 0.385359 0.2 0.633812
n 1995 0 0.4 0.185359 0.608453
n 1996 0 0.5 0.2 0.7
n 1997 0 0.5 0.8 0.357735
n 1998 0 0.6 0.8 0.3
n 1999 0 0.6 0.8 0.4
n 2000 0 0.6 0.8 0.5
n 2001 0 0.376184 0.1 0.08625
n 2002 0 0.4 0.1 0.757735
n 2003 0 0.4 0.1 0.557735
n 2004 0 0.4 0.1 0.8
n 2005 0 0.4 0.1 0.657735
n 2006 0 0.4 0.1 0.7
n 2007 0 0.4 0.1 0.957735
n 2008 0 0.4 0.1 0.842265
n 2009 0 0.5 0.8 0.242265
n 2010 0 0.5 0.8 0.21547
n 2011 0 0.5 0.1 0.157735
n 2012 0 0.182309 0.1 0.967949
n 2013 0 0.9 0.6 1.01547
n 2014 0 0.9 0.6 0.0154701
n 2015 0 0.8 0.9 0.242265
n 2016 0 0.9 0.9 0.3
n 2017 0 0.5 0.1 0.745
n 2018 0 0.5 0.1 0.642265
n 2019 0 0.5 0.1 0.78453
n 2020 0 0.4 0.0183013 0.847169
n 2021 0 0.4 0.2 0.7
n 2022 0 0.4 0.12 0.746188
n 2023 0 0.38 0.1 0.711547
n 2024 0 0.9 0.3 0.757735
n 2025 0 0.78 0.3 0.688453
n 2026 0 0.8 0.32 0.653812
n 2027 0 0.9 0.3 0.48453
n 2028 0 0.482309 0.8 0.232051
n 2029 0 0.694486 0.8 0.354551
n 2030 0 0.78 0.8 0.403923
n 2031 0 0.8 0.82 0.369282
n 2032 0 0.8 0.75 0.328868
n 2033 0 0.309282 0.5 0.220829
n 2034 0 0.3 0.490718 0.236906
n 2035 0 0.218301 0.5 0.168301
n 2036 0 0.2 0.5 0.2
n 2037 0 0.9 0.3 0.842265
n 2038 0 0.3 0.1 0.757735
n 2039 0 0.323816 0.1 0.88625
n 2040 0 0.7 0.8 0.1
n 2041 0 0.290718 0.4 0.963094
n 2042 0 0.3 0.390718 -0.020829
n 2043 0 0.4 0.218301 0.731699
n 2044 0 0.4 0.2 0.7
n 2045 0 0.4 0.085359 0.808453
n 2046 0 0.414641 0.1 0.833812
n 2047 0 0.4 0.7 1.1
n 2048 0 0.4 0.7 0.1
n 2049 0 0.4 0.7 1.1
n 2050 0 0.4 0.7 0.1
n 2051 0 0.2 0.793301 0.511603
n 2052 0 0.2 0.8 0.5
n 2053 0 0.2 0.694486 0.454551
n 2054 0 0.4 0.393301 0.488397
n 2055 0 0.4 0.4 0.5
n 2056 0 0.4 0.085359 0.666188
n 2057 0 0.414641 0.1 0.691547
n 2058 0 0.5 0.1 0.345
n 2059 0 0.5 0.1 0.642265
n 2060 0 0.3 0.694486 0.354551
n 2061 0 0.1 0.381699 0.131699
n 2062 0 0.1 0.4 0.1
n 2063 0 0.2 0.3 0.2
n 2064 0 0.3 0.7 0.157735
n 2065 0 0.3 0.675 0.143301
n 2066 0 0.3 0.7 0.1
n 2067 0 0.3 0.7 0.157735
n 2068 0 0.5 0.1 0.042265
n 2069 0 0.3 0.7 0.257735
n 2070 0 0.0479488 0.7 0.112213
n 2071 0 0.1 0.7 0.142265
n 2072 0 0.1 0.7 1.14226
n 2073 0 0.213397 0.7 0.207735
n 2074 0 0.2 0.7 0.2
n 2075 0 0.3 0.7 0.1
n 2076 0 0.3 0.7 0.157735
n 2077 0 0.4 0.3 0.8
n 2078 0 0.4 0.318301 0.831699
n 2079 0 0.1 0.7 0.1
n 2080 0 0.1 0.7 1.1
n 2081 0 0.4 0.7 0.1
n 2082 0 0.2 0.7 0.1
n 2083 0 0.2 0.7 0.21547
