b 837 283 1 1 1 0 0 0
f 0 0.01 0 24 22 288 20 274 18 260 16 246 14 232 12 218 10 204 32 190 1 
f 1 0.01 2 58 286 56 272 54 258 52 244 50 230 48 216 46 202 44 188 66 174 3 
f 2 0.01 4 92 284 90 270 88 256 86 242 84 228 82 214 80 200 78 186 100 172 5 
f 3 0.01 6 126 282 124 268 122 254 120 240 118 226 116 212 114 198 112 184 134 170 7 
f 4 0.01 8 160 158 156 154 152 150 148 146 168 9 
f 5 0.01 10 296 11 
f 6 0.01 12 299 298 297 13 
f 7 0.01 14 304 303 302 301 300 15 
f 8 0.01 16 311 310 309 308 307 306 305 17 
f 9 0.01 18 318 317 316 315 314 313 312 19 
f 10 0.01 20 325 324 323 322 321 320 319 21 
f 11 0.01 22 332 331 330 329 328 327 326 23 
f 12 0.01 24 339 338 337 336 335 334 333 25 
f 13 0.01 26 344 343 342 341 340 27 
f 14 0.01 28 347 346 345 29 
f 15 0.01 30 348 31 
f 16 0.01 19 305 15 
f 17 0.01 21 312 306 300 13 
f 18 0.01 23 319 313 307 301 297 11 
f 19 0.01 25 326 320 314 308 302 298 296 32 
f 20 0.01 27 333 327 321 315 309 303 299 10 
f 21 0.01 29 340 334 328 322 316 310 304 12 
f 22 0.01 31 345 341 335 329 323 317 311 14 
f 23 0.01 33 348 346 342 336 330 324 318 16 
f 24 0.01 18 325 331 337 343 347 30 
f 25 0.01 20 332 338 344 28 
f 26 0.01 22 339 26 
f 27 0.01 34 26 291 338 277 331 263 324 249 317 235 310 221 303 207 298 193 11 179 35 
f 28 0.01 36 60 364 355 363 354 362 353 361 352 360 351 359 350 358 349 357 45 356 37 
f 29 0.01 38 94 380 371 379 370 378 369 377 368 376 367 375 366 374 365 373 79 372 39 
f 30 0.01 40 128 387 386 385 384 383 382 381 113 41 
f 31 0.01 42 283 162 269 394 255 393 241 392 227 391 213 390 199 389 185 388 171 147 43 
f 32 0.01 44 395 45 
f 33 0.01 46 397 349 396 47 
f 34 0.01 48 401 350 400 399 398 49 
f 35 0.01 50 407 351 406 405 404 403 402 51 
f 36 0.01 52 413 352 412 411 410 409 408 53 
f 37 0.01 54 419 353 418 417 416 415 414 55 
f 38 0.01 56 425 354 424 423 422 421 420 57 
f 39 0.01 58 431 355 430 429 428 427 426 59 
f 40 0.01 60 436 435 434 433 432 61 
f 41 0.01 62 439 438 437 63 
f 42 0.01 64 440 65 
f 43 0.01 53 402 49 
f 44 0.01 55 408 403 398 47 
f 45 0.01 57 414 409 404 399 396 45 
f 46 0.01 59 420 415 410 405 400 349 395 66 
f 47 0.01 61 426 421 416 411 406 350 397 44 
f 48 0.01 63 432 427 422 417 412 351 401 46 
f 49 0.01 65 437 433 428 423 418 352 407 48 
f 50 0.01 67 440 438 434 429 424 353 413 50 
f 51 0.01 52 419 354 430 435 439 64 
f 52 0.01 54 425 355 436 62 
f 53 0.01 56 431 60 
f 54 0.01 68 28 293 343 279 336 265 329 251 322 237 315 223 308 209 301 195 13 181 69 
f 55 0.01 70 62 449 435 448 429 447 423 446 417 445 411 444 405 443 399 442 47 441 71 
f 56 0.01 72 96 456 455 454 453 452 451 450 81 73 
f 57 0.01 74 472 130 471 463 470 462 469 461 468 460 467 459 466 458 465 457 464 115 75 
f 58 0.01 76 285 164 271 479 257 478 243 477 229 476 215 475 201 474 187 473 173 149 77 
f 59 0.01 78 480 79 
f 60 0.01 80 482 365 481 81 
f 61 0.01 82 485 366 484 450 483 83 
f 62 0.01 84 490 367 489 451 488 487 486 85 
f 63 0.01 86 495 368 494 452 493 492 491 87 
f 64 0.01 88 500 369 499 453 498 497 496 89 
f 65 0.01 90 505 370 504 454 503 502 501 91 
f 66 0.01 92 510 371 509 455 508 507 506 93 
f 67 0.01 94 514 456 513 512 511 95 
f 68 0.01 96 517 516 515 97 
f 69 0.01 98 518 99 
f 70 0.01 87 486 83 
f 71 0.01 89 491 487 483 81 
f 72 0.01 91 496 492 488 450 481 79 
f 73 0.01 93 501 497 493 451 484 365 480 100 
f 74 0.01 95 506 502 498 452 489 366 482 78 
f 75 0.01 97 511 507 503 453 494 367 485 80 
f 76 0.01 99 515 512 508 454 499 368 490 82 
f 77 0.01 101 518 516 513 455 504 369 495 84 
f 78 0.01 86 500 370 509 456 517 98 
f 79 0.01 88 505 371 514 96 
f 80 0.01 90 510 94 
f 81 0.01 102 30 295 346 281 341 267 334 253 327 239 320 225 313 211 306 197 15 183 103 
f 82 0.01 104 64 438 433 427 421 415 409 403 49 105 
f 83 0.01 106 527 98 526 516 525 512 524 507 523 502 522 497 521 492 520 487 519 83 107 
f 84 0.01 108 543 132 542 534 541 533 540 532 539 531 538 530 537 529 536 528 535 117 109 
f 85 0.01 110 287 166 273 550 259 549 245 548 231 547 217 546 203 545 189 544 175 151 111 
f 86 0.01 112 551 113 
f 87 0.01 114 553 381 552 115 
f 88 0.01 116 556 382 555 457 554 117 
f 89 0.01 118 560 383 559 458 558 528 557 119 
f 90 0.01 120 564 384 563 459 562 529 561 121 
f 91 0.01 122 568 385 567 460 566 530 565 123 
f 92 0.01 124 572 386 571 461 570 531 569 125 
f 93 0.01 126 576 387 575 462 574 532 573 127 
f 94 0.01 128 579 463 578 533 577 129 
f 95 0.01 130 581 534 580 131 
f 96 0.01 132 582 133 
f 97 0.01 121 557 117 
f 98 0.01 123 561 528 554 115 
f 99 0.01 125 565 529 558 457 552 113 
f 100 0.01 127 569 530 562 458 555 381 551 134 
f 101 0.01 129 573 531 566 459 559 382 553 112 
f 102 0.01 131 577 532 570 460 563 383 556 114 
f 103 0.01 133 580 533 574 461 567 384 560 116 
f 104 0.01 135 582 534 578 462 571 385 564 118 
f 105 0.01 120 568 386 575 463 581 132 
f 106 0.01 122 572 387 579 130 
f 107 0.01 124 576 128 
f 108 0.01 136 33 31 29 27 25 23 21 19 17 137 
f 109 0.01 138 294 67 280 65 266 63 252 61 238 59 224 57 210 55 196 53 182 51 139 
f 110 0.01 140 292 101 278 99 264 97 250 95 236 93 222 91 208 89 194 87 180 85 141 
f 111 0.01 142 290 135 276 133 262 131 248 129 234 127 220 125 206 123 192 121 178 119 143 
f 112 0.01 144 275 169 261 167 247 165 233 163 219 161 205 159 191 157 177 155 153 145 
f 113 0.01 146 583 147 
f 114 0.01 148 585 388 584 149 
f 115 0.01 150 588 389 587 473 586 151 
f 116 0.01 152 592 390 591 474 590 544 589 153 
f 117 0.01 154 596 391 595 475 594 545 593 155 
f 118 0.01 156 600 392 599 476 598 546 597 157 
f 119 0.01 158 604 393 603 477 602 547 601 159 
f 120 0.01 160 608 394 607 478 606 548 605 161 
f 121 0.01 162 611 479 610 549 609 163 
f 122 0.01 164 613 550 612 165 
f 123 0.01 166 614 167 
f 124 0.01 155 589 151 
f 125 0.01 157 593 544 586 149 
f 126 0.01 159 597 545 590 473 584 147 
f 127 0.01 161 601 546 594 474 587 388 583 168 
f 128 0.01 163 605 547 598 475 591 389 585 146 
f 129 0.01 165 609 548 602 476 595 390 588 148 
f 130 0.01 167 612 549 606 477 599 391 592 150 
f 131 0.01 169 614 550 610 478 603 392 596 152 
f 132 0.01 154 600 393 607 479 613 166 
f 133 0.01 156 604 394 611 164 
f 134 0.01 158 608 162 
f 135 0.01 10 617 615 616 45 
f 136 0.01 12 622 619 621 349 620 618 81 
f 137 0.01 14 629 625 628 350 627 624 450 623 626 117 
f 138 0.01 16 638 633 637 351 636 632 451 631 635 528 634 630 153 
f 139 0.01 18 648 642 647 352 646 641 452 640 645 529 644 639 643 155 
f 140 0.01 20 658 652 657 353 656 651 453 650 655 530 654 649 653 157 
f 141 0.01 22 668 662 667 354 666 661 454 660 665 531 664 659 663 159 
f 142 0.01 24 672 677 355 676 671 455 670 675 532 674 669 673 161 
f 143 0.01 60 684 680 456 679 683 533 682 678 681 163 
f 144 0.01 96 686 689 534 688 685 687 165 
f 145 0.01 132 692 690 691 167 
f 146 0.01 155 630 117 
f 147 0.01 157 639 528 623 81 
f 148 0.01 159 649 529 631 450 618 45 
f 149 0.01 161 659 530 640 451 624 349 615 32 
f 150 0.01 163 669 531 650 452 632 350 619 10 
f 151 0.01 165 678 532 660 453 641 351 625 12 
f 152 0.01 167 685 533 670 454 651 352 633 14 
f 153 0.01 169 690 534 679 455 661 353 642 16 
f 154 0.01 18 652 354 671 456 686 132 
f 155 0.01 20 662 355 680 96 
f 156 0.01 22 672 60 
f 157 0.01 170 693 171 
f 158 0.01 172 695 113 694 173 
f 159 0.01 174 698 372 697 464 696 175 
f 160 0.01 176 702 356 701 81 700 626 535 634 699 643 177 
f 161 0.01 178 703 519 704 441 705 179 
f 162 0.01 180 706 49 707 181 
f 163 0.01 182 708 183 
f 164 0.01 178 699 175 
f 165 0.01 180 703 535 696 173 
f 166 0.01 182 706 519 700 464 694 171 
f 167 0.01 17 708 49 704 81 697 113 693 168 
f 168 0.01 183 707 441 701 372 695 170 
f 169 0.01 181 705 356 698 172 
f 170 0.01 179 702 174 
f 171 0.01 184 709 185 
f 172 0.01 186 711 381 710 187 
f 173 0.01 188 714 373 713 465 712 189 
f 174 0.01 190 718 616 357 620 717 450 716 635 536 644 715 653 191 
f 175 0.01 192 719 520 720 442 721 193 
f 176 0.01 194 722 403 723 195 
f 177 0.01 196 724 197 
f 178 0.01 192 715 189 
f 179 0.01 194 719 536 712 187 
f 180 0.01 196 722 520 716 465 710 185 
f 181 0.01 19 724 403 720 450 713 381 709 146 
f 182 0.01 197 723 442 717 373 711 184 
f 183 0.01 195 721 357 714 186 
f 184 0.01 193 718 188 
f 185 0.01 198 725 199 
f 186 0.01 200 727 382 726 201 
f 187 0.01 202 730 374 729 466 728 203 
f 188 0.01 204 617 734 621 358 627 733 451 732 645 537 654 731 663 205 
f 189 0.01 206 735 521 736 443 737 207 
f 190 0.01 208 738 409 739 209 
f 191 0.01 210 740 211 
f 192 0.01 206 731 203 
f 193 0.01 208 735 537 728 201 
f 194 0.01 210 738 521 732 466 726 199 
f 195 0.01 21 740 409 736 451 729 382 725 148 
f 196 0.01 211 739 443 733 374 727 198 
f 197 0.01 209 737 358 730 200 
f 198 0.01 207 734 202 
f 199 0.01 212 741 213 
f 200 0.01 214 743 383 742 215 
f 201 0.01 216 746 375 745 467 744 217 
f 202 0.01 218 622 750 628 359 636 749 452 748 655 538 664 747 673 219 
f 203 0.01 220 751 522 752 444 753 221 
f 204 0.01 222 754 415 755 223 
f 205 0.01 224 756 225 
f 206 0.01 220 747 217 
f 207 0.01 222 751 538 744 215 
f 208 0.01 224 754 522 748 467 742 213 
f 209 0.01 23 756 415 752 452 745 383 741 150 
f 210 0.01 225 755 444 749 375 743 212 
f 211 0.01 223 753 359 746 214 
f 212 0.01 221 750 216 
f 213 0.01 226 757 227 
f 214 0.01 228 759 384 758 229 
f 215 0.01 230 762 376 761 468 760 231 
f 216 0.01 232 629 766 637 360 646 765 453 764 665 539 674 763 681 233 
f 217 0.01 234 767 523 768 445 769 235 
f 218 0.01 236 770 421 771 237 
f 219 0.01 238 772 239 
f 220 0.01 234 763 231 
f 221 0.01 236 767 539 760 229 
f 222 0.01 238 770 523 764 468 758 227 
f 223 0.01 25 772 421 768 453 761 384 757 152 
f 224 0.01 239 771 445 765 376 759 226 
f 225 0.01 237 769 360 762 228 
f 226 0.01 235 766 230 
f 227 0.01 240 773 241 
f 228 0.01 242 775 385 774 243 
f 229 0.01 244 778 377 777 469 776 245 
f 230 0.01 246 638 782 647 361 656 781 454 780 675 540 682 779 687 247 
f 231 0.01 248 783 524 784 446 785 249 
f 232 0.01 250 786 427 787 251 
f 233 0.01 252 788 253 
f 234 0.01 248 779 245 
f 235 0.01 250 783 540 776 243 
f 236 0.01 252 786 524 780 469 774 241 
f 237 0.01 27 788 427 784 454 777 385 773 154 
f 238 0.01 253 787 446 781 377 775 240 
f 239 0.01 251 785 361 778 242 
f 240 0.01 249 782 244 
f 241 0.01 254 789 255 
f 242 0.01 256 791 386 790 257 
f 243 0.01 258 794 378 793 470 792 259 
f 244 0.01 260 648 798 657 362 666 797 455 796 683 541 688 795 691 261 
f 245 0.01 262 799 525 800 447 801 263 
f 246 0.01 264 802 433 803 265 
f 247 0.01 266 804 267 
f 248 0.01 262 795 259 
f 249 0.01 264 799 541 792 257 
f 250 0.01 266 802 525 796 470 790 255 
f 251 0.01 29 804 433 800 455 793 386 789 156 
f 252 0.01 267 803 447 797 378 791 254 
f 253 0.01 265 801 362 794 256 
f 254 0.01 263 798 258 
f 255 0.01 268 805 269 
f 256 0.01 270 807 387 806 271 
f 257 0.01 272 810 379 809 471 808 273 
f 258 0.01 274 658 814 667 363 676 813 456 812 689 542 692 811 275 
f 259 0.01 276 815 526 816 448 817 277 
f 260 0.01 278 818 438 819 279 
f 261 0.01 280 820 281 
f 262 0.01 276 811 273 
f 263 0.01 278 815 542 808 271 
f 264 0.01 280 818 526 812 471 806 269 
f 265 0.01 31 820 438 816 456 809 387 805 158 
f 266 0.01 281 819 448 813 379 807 268 
f 267 0.01 279 817 363 810 270 
f 268 0.01 277 814 272 
f 269 0.01 282 821 283 
f 270 0.01 284 823 128 822 285 
f 271 0.01 286 826 380 825 472 824 287 
f 272 0.01 288 668 830 677 364 684 829 96 828 543 827 289 
f 273 0.01 290 831 527 832 449 833 291 
f 274 0.01 292 834 64 835 293 
f 275 0.01 294 836 295 
f 276 0.01 290 827 287 
f 277 0.01 292 831 543 824 285 
f 278 0.01 294 834 527 828 472 822 283 
f 279 0.01 33 836 64 832 96 825 128 821 160 
f 280 0.01 295 835 449 829 380 823 282 
f 281 0.01 293 833 364 826 284 
f 282 0.01 291 830 286 
n 0 2 0.3 1 0.3
n 1 2 0.3 0 0.3
n 2 2 0.3 1 0.4
n 3 2 0.3 0 0.4
n 4 2 0.3 1 0.5
n 5 2 0.3 0 0.5
n 6 2 0.3 1 0.6
n 7 2 0.3 0 0.6
n 8 2 0.3 1 0.7
n 9 2 0.3 0 0.7
n 10 0 0.3 0.2 0.3
n 11 0 0.4 0.1 0.3
n 12 0 0.3 0.3 0.3
n 13 0 0.5 0.1 0.3
n 14 0 0.3 0.4 0.3
n 15 0 0.6 0.1 0.3
n 16 0 0.3 0.5 0.3
n 17 0 0.7 0.1 0.3
n 18 0 0.3 0.6 0.3
n 19 0 0.7 0.2 0.3
n 20 0 0.3 0.7 0.3
n 21 0 0.7 0.3 0.3
n 22 0 0.3 0.8 0.3
n 23 0 0.7 0.4 0.3
n 24 0 0.3 0.9 0.3
n 25 0 0.7 0.5 0.3
n 26 0 0.4 0.9 0.3
n 27 0 0.7 0.6 0.3
n 28 0 0.5 0.9 0.3
n 29 0 0.7 0.7 0.3
n 30 0 0.6 0.9 0.3
n 31 0 0.7 0.8 0.3
n 32 0 0.3 0.1 0.3
n 33 0 0.7 0.9 0.3
n 34 2 0.4 1 0.3
n 35 2 0.4 0 0.3
n 36 2 0.4 1 0.4
n 37 2 0.4 0 0.4
n 38 2 0.4 1 0.5
n 39 2 0.4 0 0.5
n 40 2 0.4 1 0.6
n 41 2 0.4 0 0.6
n 42 2 0.4 1 0.7
n 43 2 0.4 0 0.7
n 44 0 0.3 0.2 0.4
n 45 0 0.4 0.1 0.4
n 46 0 0.3 0.3 0.4
n 47 0 0.5 0.1 0.4
n 48 0 0.3 0.4 0.4
n 49 0 0.6 0.1 0.4
n 50 0 0.3 0.5 0.4
n 51 0 0.7 0.1 0.4
n 52 0 0.3 0.6 0.4
n 53 0 0.7 0.2 0.4
n 54 0 0.3 0.7 0.4
n 55 0 0.7 0.3 0.4
n 56 0 0.3 0.8 0.4
n 57 0 0.7 0.4 0.4
n 58 0 0.3 0.9 0.4
n 59 0 0.7 0.5 0.4
n 60 0 0.4 0.9 0.4
n 61 0 0.7 0.6 0.4
n 62 0 0.5 0.9 0.4
n 63 0 0.7 0.7 0.4
n 64 0 0.6 0.9 0.4
n 65 0 0.7 0.8 0.4
n 66 0 0.3 0.1 0.4
n 67 0 0.7 0.9 0.4
n 68 2 0.5 1 0.3
n 69 2 0.5 0 0.3
n 70 2 0.5 1 0.4
n 71 2 0.5 0 0.4
n 72 2 0.5 1 0.5
n 73 2 0.5 0 0.5
n 74 2 0.5 1 0.6
n 75 2 0.5 0 0.6
n 76 2 0.5 1 0.7
n 77 2 0.5 0 0.7
n 78 0 0.3 0.2 0.5
n 79 0 0.4 0.1 0.5
n 80 0 0.3 0.3 0.5
n 81 0 0.5 0.1 0.5
n 82 0 0.3 0.4 0.5
n 83 0 0.6 0.1 0.5
n 84 0 0.3 0.5 0.5
n 85 0 0.7 0.1 0.5
n 86 0 0.3 0.6 0.5
n 87 0 0.7 0.2 0.5
n 88 0 0.3 0.7 0.5
n 89 0 0.7 0.3 0.5
n 90 0 0.3 0.8 0.5
n 91 0 0.7 0.4 0.5
n 92 0 0.3 0.9 0.5
n 93 0 0.7 0.5 0.5
n 94 0 0.4 0.9 0.5
n 95 0 0.7 0.6 0.5
n 96 0 0.5 0.9 0.5
n 97 0 0.7 0.7 0.5
n 98 0 0.6 0.9 0.5
n 99 0 0.7 0.8 0.5
n 100 0 0.3 0.1 0.5
n 101 0 0.7 0.9 0.5
n 102 2 0.6 1 0.3
n 103 2 0.6 0 0.3
n 104 2 0.6 1 0.4
n 105 2 0.6 0 0.4
n 106 2 0.6 1 0.5
n 107 2 0.6 0 0.5
n 108 2 0.6 1 0.6
n 109 2 0.6 0 0.6
n 110 2 0.6 1 0.7
n 111 2 0.6 0 0.7
n 112 0 0.3 0.2 0.6
n 113 0 0.4 0.1 0.6
n 114 0 0.3 0.3 0.6
n 115 0 0.5 0.1 0.6
n 116 0 0.3 0.4 0.6
n 117 0 0.6 0.1 0.6
n 118 0 0.3 0.5 0.6
n 119 0 0.7 0.1 0.6
n 120 0 0.3 0.6 0.6
n 121 0 0.7 0.2 0.6
n 122 0 0.3 0.7 0.6
n 123 0 0.7 0.3 0.6
n 124 0 0.3 0.8 0.6
n 125 0 0.7 0.4 0.6
n 126 0 0.3 0.9 0.6
n 127 0 0.7 0.5 0.6
n 128 0 0.4 0.9 0.6
n 129 0 0.7 0.6 0.6
n 130 0 0.5 0.9 0.6
n 131 0 0.7 0.7 0.6
n 132 0 0.6 0.9 0.6
n 133 0 0.7 0.8 0.6
n 134 0 0.3 0.1 0.6
n 135 0 0.7 0.9 0.6
n 136 2 0.7 1 0.3
n 137 2 0.7 0 0.3
n 138 2 0.7 1 0.4
n 139 2 0.7 0 0.4
n 140 2 0.7 1 0.5
n 141 2 0.7 0 0.5
n 142 2 0.7 1 0.6
n 143 2 0.7 0 0.6
n 144 2 0.7 1 0.7
n 145 2 0.7 0 0.7
n 146 0 0.3 0.2 0.7
n 147 0 0.4 0.1 0.7
n 148 0 0.3 0.3 0.7
n 149 0 0.5 0.1 0.7
n 150 0 0.3 0.4 0.7
n 151 0 0.6 0.1 0.7
n 152 0 0.3 0.5 0.7
n 153 0 0.7 0.1 0.7
n 154 0 0.3 0.6 0.7
n 155 0 0.7 0.2 0.7
n 156 0 0.3 0.7 0.7
n 157 0 0.7 0.3 0.7
n 158 0 0.3 0.8 0.7
n 159 0 0.7 0.4 0.7
n 160 0 0.3 0.9 0.7
n 161 0 0.7 0.5 0.7
n 162 0 0.4 0.9 0.7
n 163 0 0.7 0.6 0.7
n 164 0 0.5 0.9 0.7
n 165 0 0.7 0.7 0.7
n 166 0 0.6 0.9 0.7
n 167 0 0.7 0.8 0.7
n 168 0 0.3 0.1 0.7
n 169 0 0.7 0.9 0.7
n 170 0 0.3 0.07 0.6
n 171 0 0.4 0.13 0.7
n 172 0 0.3 0.04 0.5
n 173 0 0.5 0.16 0.7
n 174 0 0.3 0.01 0.4
n 175 0 0.6 0.19 0.7
n 176 2 0.333333 0 0.333333
n 177 0 0.7 0.22 0.7
n 178 0 0.7 0.19 0.6
n 179 0 0.4 0.01 0.3
n 180 0 0.7 0.16 0.5
n 181 0 0.5 0.04 0.3
n 182 0 0.7 0.13 0.4
n 183 0 0.6 0.07 0.3
n 184 0 0.3 0.17 0.6
n 185 0 0.4 0.23 0.7
n 186 0 0.3 0.14 0.5
n 187 0 0.5 0.26 0.7
n 188 0 0.3 0.11 0.4
n 189 0 0.6 0.29 0.7
n 190 0 0.3 0.08 0.3
n 191 0 0.7 0.32 0.7
n 192 0 0.7 0.29 0.6
n 193 0 0.4 0.11 0.3
n 194 0 0.7 0.26 0.5
n 195 0 0.5 0.14 0.3
n 196 0 0.7 0.23 0.4
n 197 0 0.6 0.17 0.3
n 198 0 0.3 0.27 0.6
n 199 0 0.4 0.33 0.7
n 200 0 0.3 0.24 0.5
n 201 0 0.5 0.36 0.7
n 202 0 0.3 0.21 0.4
n 203 0 0.6 0.39 0.7
n 204 0 0.3 0.18 0.3
n 205 0 0.7 0.42 0.7
n 206 0 0.7 0.39 0.6
n 207 0 0.4 0.21 0.3
n 208 0 0.7 0.36 0.5
n 209 0 0.5 0.24 0.3
n 210 0 0.7 0.33 0.4
n 211 0 0.6 0.27 0.3
n 212 0 0.3 0.37 0.6
n 213 0 0.4 0.43 0.7
n 214 0 0.3 0.34 0.5
n 215 0 0.5 0.46 0.7
n 216 0 0.3 0.31 0.4
n 217 0 0.6 0.49 0.7
n 218 0 0.3 0.28 0.3
n 219 0 0.7 0.52 0.7
n 220 0 0.7 0.49 0.6
n 221 0 0.4 0.31 0.3
n 222 0 0.7 0.46 0.5
n 223 0 0.5 0.34 0.3
n 224 0 0.7 0.43 0.4
n 225 0 0.6 0.37 0.3
n 226 0 0.3 0.47 0.6
n 227 0 0.4 0.53 0.7
n 228 0 0.3 0.44 0.5
n 229 0 0.5 0.56 0.7
n 230 0 0.3 0.41 0.4
n 231 0 0.6 0.59 0.7
n 232 0 0.3 0.38 0.3
n 233 0 0.7 0.62 0.7
n 234 0 0.7 0.59 0.6
n 235 0 0.4 0.41 0.3
n 236 0 0.7 0.56 0.5
n 237 0 0.5 0.44 0.3
n 238 0 0.7 0.53 0.4
n 239 0 0.6 0.47 0.3
n 240 0 0.3 0.57 0.6
n 241 0 0.4 0.63 0.7
n 242 0 0.3 0.54 0.5
n 243 0 0.5 0.66 0.7
n 244 0 0.3 0.51 0.4
n 245 0 0.6 0.69 0.7
n 246 0 0.3 0.48 0.3
n 247 0 0.7 0.72 0.7
n 248 0 0.7 0.69 0.6
n 249 0 0.4 0.51 0.3
n 250 0 0.7 0.66 0.5
n 251 0 0.5 0.54 0.3
n 252 0 0.7 0.63 0.4
n 253 0 0.6 0.57 0.3
n 254 0 0.3 0.67 0.6
n 255 0 0.4 0.73 0.7
n 256 0 0.3 0.64 0.5
n 257 0 0.5 0.76 0.7
n 258 0 0.3 0.61 0.4
n 259 0 0.6 0.79 0.7
n 260 0 0.3 0.58 0.3
n 261 0 0.7 0.82 0.7
n 262 0 0.7 0.79 0.6
n 263 0 0.4 0.61 0.3
n 264 0 0.7 0.76 0.5
n 265 0 0.5 0.64 0.3
n 266 0 0.7 0.73 0.4
n 267 0 0.6 0.67 0.3
n 268 0 0.3 0.77 0.6
n 269 0 0.4 0.83 0.7
n 270 0 0.3 0.74 0.5
n 271 0 0.5 0.86 0.7
n 272 0 0.3 0.71 0.4
n 273 0 0.6 0.89 0.7
n 274 0 0.3 0.68 0.3
n 275 0 0.7 0.92 0.7
n 276 0 0.7 0.89 0.6
n 277 0 0.4 0.71 0.3
n 278 0 0.7 0.86 0.5
n 279 0 0.5 0.74 0.3
n 280 0 0.7 0.83 0.4
n 281 0 0.6 0.77 0.3
n 282 0 0.3 0.87 0.6
n 283 0 0.4 0.93 0.7
n 284 0 0.3 0.84 0.5
n 285 0 0.5 0.96 0.7
n 286 0 0.3 0.81 0.4
n 287 0 0.6 0.99 0.7
n 288 0 0.3 0.78 0.3
n 289 2 0.666667 1 0.666667
n 290 0 0.7 0.99 0.6
n 291 0 0.4 0.81 0.3
n 292 0 0.7 0.96 0.5
n 293 0 0.5 0.84 0.3
n 294 0 0.7 0.93 0.4
n 295 0 0.6 0.87 0.3
n 296 0 0.35 0.15 0.3
n 297 0 0.45 0.15 0.3
n 298 0 0.4 0.2 0.3
n 299 0 0.35 0.25 0.3
n 300 0 0.55 0.15 0.3
n 301 0 0.5 0.2 0.3
n 302 0 0.45 0.25 0.3
n 303 0 0.4 0.3 0.3
n 304 0 0.35 0.35 0.3
n 305 0 0.65 0.15 0.3
n 306 0 0.6 0.2 0.3
n 307 0 0.55 0.25 0.3
n 308 0 0.5 0.3 0.3
n 309 0 0.45 0.35 0.3
n 310 0 0.4 0.4 0.3
n 311 0 0.35 0.45 0.3
n 312 0 0.65 0.25 0.3
n 313 0 0.6 0.3 0.3
n 314 0 0.55 0.35 0.3
n 315 0 0.5 0.4 0.3
n 316 0 0.45 0.45 0.3
n 317 0 0.4 0.5 0.3
n 318 0 0.35 0.55 0.3
n 319 0 0.65 0.35 0.3
n 320 0 0.6 0.4 0.3
n 321 0 0.55 0.45 0.3
n 322 0 0.5 0.5 0.3
n 323 0 0.45 0.55 0.3
n 324 0 0.4 0.6 0.3
n 325 0 0.35 0.65 0.3
n 326 0 0.65 0.45 0.3
n 327 0 0.6 0.5 0.3
n 328 0 0.55 0.55 0.3
n 329 0 0.5 0.6 0.3
n 330 0 0.45 0.65 0.3
n 331 0 0.4 0.7 0.3
n 332 0 0.35 0.75 0.3
n 333 0 0.65 0.55 0.3
n 334 0 0.6 0.6 0.3
n 335 0 0.55 0.65 0.3
n 336 0 0.5 0.7 0.3
n 337 0 0.45 0.75 0.3
n 338 0 0.4 0.8 0.3
n 339 0 0.35 0.85 0.3
n 340 0 0.65 0.65 0.3
n 341 0 0.6 0.7 0.3
n 342 0 0.55 0.75 0.3
n 343 0 0.5 0.8 0.3
n 344 0 0.45 0.85 0.3
n 345 0 0.65 0.75 0.3
n 346 0 0.6 0.8 0.3
n 347 0 0.55 0.85 0.3
n 348 0 0.65 0.85 0.3
n 349 0 0.4 0.2 0.4
n 350 0 0.4 0.3 0.4
n 351 0 0.4 0.4 0.4
n 352 0 0.4 0.5 0.4
n 353 0 0.4 0.6 0.4
n 354 0 0.4 0.7 0.4
n 355 0 0.4 0.8 0.4
n 356 0 0.4 0.04 0.4
n 357 0 0.4 0.14 0.4
n 358 0 0.4 0.24 0.4
n 359 0 0.4 0.34 0.4
n 360 0 0.4 0.44 0.4
n 361 0 0.4 0.54 0.4
n 362 0 0.4 0.64 0.4
n 363 0 0.4 0.74 0.4
n 364 0 0.4 0.84 0.4
n 365 0 0.4 0.2 0.5
n 366 0 0.4 0.3 0.5
n 367 0 0.4 0.4 0.5
n 368 0 0.4 0.5 0.5
n 369 0 0.4 0.6 0.5
n 370 0 0.4 0.7 0.5
n 371 0 0.4 0.8 0.5
n 372 0 0.4 0.07 0.5
n 373 0 0.4 0.17 0.5
n 374 0 0.4 0.27 0.5
n 375 0 0.4 0.37 0.5
n 376 0 0.4 0.47 0.5
n 377 0 0.4 0.57 0.5
n 378 0 0.4 0.67 0.5
n 379 0 0.4 0.77 0.5
n 380 0 0.4 0.87 0.5
n 381 0 0.4 0.2 0.6
n 382 0 0.4 0.3 0.6
n 383 0 0.4 0.4 0.6
n 384 0 0.4 0.5 0.6
n 385 0 0.4 0.6 0.6
n 386 0 0.4 0.7 0.6
n 387 0 0.4 0.8 0.6
n 388 0 0.4 0.2 0.7
n 389 0 0.4 0.3 0.7
n 390 0 0.4 0.4 0.7
n 391 0 0.4 0.5 0.7
n 392 0 0.4 0.6 0.7
n 393 0 0.4 0.7 0.7
n 394 0 0.4 0.8 0.7
n 395 0 0.35 0.15 0.4
n 396 0 0.45 0.15 0.4
n 397 0 0.35 0.25 0.4
n 398 0 0.55 0.15 0.4
n 399 0 0.5 0.2 0.4
n 400 0 0.45 0.25 0.4
n 401 0 0.35 0.35 0.4
n 402 0 0.65 0.15 0.4
n 403 0 0.6 0.2 0.4
n 404 0 0.55 0.25 0.4
n 405 0 0.5 0.3 0.4
n 406 0 0.45 0.35 0.4
n 407 0 0.35 0.45 0.4
n 408 0 0.65 0.25 0.4
n 409 0 0.6 0.3 0.4
n 410 0 0.55 0.35 0.4
n 411 0 0.5 0.4 0.4
n 412 0 0.45 0.45 0.4
n 413 0 0.35 0.55 0.4
n 414 0 0.65 0.35 0.4
n 415 0 0.6 0.4 0.4
n 416 0 0.55 0.45 0.4
n 417 0 0.5 0.5 0.4
n 418 0 0.45 0.55 0.4
n 419 0 0.35 0.65 0.4
n 420 0 0.65 0.45 0.4
n 421 0 0.6 0.5 0.4
n 422 0 0.55 0.55 0.4
n 423 0 0.5 0.6 0.4
n 424 0 0.45 0.65 0.4
n 425 0 0.35 0.75 0.4
n 426 0 0.65 0.55 0.4
n 427 0 0.6 0.6 0.4
n 428 0 0.55 0.65 0.4
n 429 0 0.5 0.7 0.4
n 430 0 0.45 0.75 0.4
n 431 0 0.35 0.85 0.4
n 432 0 0.65 0.65 0.4
n 433 0 0.6 0.7 0.4
n 434 0 0.55 0.75 0.4
n 435 0 0.5 0.8 0.4
n 436 0 0.45 0.85 0.4
n 437 0 0.65 0.75 0.4
n 438 0 0.6 0.8 0.4
n 439 0 0.55 0.85 0.4
n 440 0 0.65 0.85 0.4
n 441 0 0.5 0.07 0.4
n 442 0 0.5 0.17 0.4
n 443 0 0.5 0.27 0.4
n 444 0 0.5 0.37 0.4
n 445 0 0.5 0.47 0.4
n 446 0 0.5 0.57 0.4
n 447 0 0.5 0.67 0.4
n 448 0 0.5 0.77 0.4
n 449 0 0.5 0.87 0.4
n 450 0 0.5 0.2 0.5
n 451 0 0.5 0.3 0.5
n 452 0 0.5 0.4 0.5
n 453 0 0.5 0.5 0.5
n 454 0 0.5 0.6 0.5
n 455 0 0.5 0.7 0.5
n 456 0 0.5 0.8 0.5
n 457 0 0.5 0.2 0.6
n 458 0 0.5 0.3 0.6
n 459 0 0.5 0.4 0.6
n 460 0 0.5 0.5 0.6
n 461 0 0.5 0.6 0.6
n 462 0 0.5 0.7 0.6
n 463 0 0.5 0.8 0.6
n 464 0 0.5 0.13 0.6
n 465 0 0.5 0.23 0.6
n 466 0 0.5 0.33 0.6
n 467 0 0.5 0.43 0.6
n 468 0 0.5 0.53 0.6
n 469 0 0.5 0.63 0.6
n 470 0 0.5 0.73 0.6
n 471 0 0.5 0.83 0.6
n 472 0 0.5 0.93 0.6
n 473 0 0.5 0.2 0.7
n 474 0 0.5 0.3 0.7
n 475 0 0.5 0.4 0.7
n 476 0 0.5 0.5 0.7
n 477 0 0.5 0.6 0.7
n 478 0 0.5 0.7 0.7
n 479 0 0.5 0.8 0.7
n 480 0 0.35 0.15 0.5
n 481 0 0.45 0.15 0.5
n 482 0 0.35 0.25 0.5
n 483 0 0.55 0.15 0.5
n 484 0 0.45 0.25 0.5
n 485 0 0.35 0.35 0.5
n 486 0 0.65 0.15 0.5
n 487 0 0.6 0.2 0.5
n 488 0 0.55 0.25 0.5
n 489 0 0.45 0.35 0.5
n 490 0 0.35 0.45 0.5
n 491 0 0.65 0.25 0.5
n 492 0 0.6 0.3 0.5
n 493 0 0.55 0.35 0.5
n 494 0 0.45 0.45 0.5
n 495 0 0.35 0.55 0.5
n 496 0 0.65 0.35 0.5
n 497 0 0.6 0.4 0.5
n 498 0 0.55 0.45 0.5
n 499 0 0.45 0.55 0.5
n 500 0 0.35 0.65 0.5
n 501 0 0.65 0.45 0.5
n 502 0 0.6 0.5 0.5
n 503 0 0.55 0.55 0.5
n 504 0 0.45 0.65 0.5
n 505 0 0.35 0.75 0.5
n 506 0 0.65 0.55 0.5
n 507 0 0.6 0.6 0.5
n 508 0 0.55 0.65 0.5
n 509 0 0.45 0.75 0.5
n 510 0 0.35 0.85 0.5
n 511 0 0.65 0.65 0.5
n 512 0 0.6 0.7 0.5
n 513 0 0.55 0.75 0.5
n 514 0 0.45 0.85 0.5
n 515 0 0.65 0.75 0.5
n 516 0 0.6 0.8 0.5
n 517 0 0.55 0.85 0.5
n 518 0 0.65 0.85 0.5
n 519 0 0.6 0.13 0.5
n 520 0 0.6 0.23 0.5
n 521 0 0.6 0.33 0.5
n 522 0 0.6 0.43 0.5
n 523 0 0.6 0.53 0.5
n 524 0 0.6 0.63 0.5
n 525 0 0.6 0.73 0.5
n 526 0 0.6 0.83 0.5
n 527 0 0.6 0.93 0.5
n 528 0 0.6 0.2 0.6
n 529 0 0.6 0.3 0.6
n 530 0 0.6 0.4 0.6
n 531 0 0.6 0.5 0.6
n 532 0 0.6 0.6 0.6
n 533 0 0.6 0.7 0.6
n 534 0 0.6 0.8 0.6
n 535 0 0.6 0.16 0.6
n 536 0 0.6 0.26 0.6
n 537 0 0.6 0.36 0.6
n 538 0 0.6 0.46 0.6
n 539 0 0.6 0.56 0.6
n 540 0 0.6 0.66 0.6
n 541 0 0.6 0.76 0.6
n 542 0 0.6 0.86 0.6
n 543 0 0.6 0.96 0.6
n 544 0 0.6 0.2 0.7
n 545 0 0.6 0.3 0.7
n 546 0 0.6 0.4 0.7
n 547 0 0.6 0.5 0.7
n 548 0 0.6 0.6 0.7
n 549 0 0.6 0.7 0.7
n 550 0 0.6 0.8 0.7
n 551 0 0.35 0.15 0.6
n 552 0 0.45 0.15 0.6
n 553 0 0.35 0.25 0.6
n 554 0 0.55 0.15 0.6
n 555 0 0.45 0.25 0.6
n 556 0 0.35 0.35 0.6
n 557 0 0.65 0.15 0.6
n 558 0 0.55 0.25 0.6
n 559 0 0.45 0.35 0.6
n 560 0 0.35 0.45 0.6
n 561 0 0.65 0.25 0.6
n 562 0 0.55 0.35 0.6
n 563 0 0.45 0.45 0.6
n 564 0 0.35 0.55 0.6
n 565 0 0.65 0.35 0.6
n 566 0 0.55 0.45 0.6
n 567 0 0.45 0.55 0.6
n 568 0 0.35 0.65 0.6
n 569 0 0.65 0.45 0.6
n 570 0 0.55 0.55 0.6
n 571 0 0.45 0.65 0.6
n 572 0 0.35 0.75 0.6
n 573 0 0.65 0.55 0.6
n 574 0 0.55 0.65 0.6
n 575 0 0.45 0.75 0.6
n 576 0 0.35 0.85 0.6
n 577 0 0.65 0.65 0.6
n 578 0 0.55 0.75 0.6
n 579 0 0.45 0.85 0.6
n 580 0 0.65 0.75 0.6
n 581 0 0.55 0.85 0.6
n 582 0 0.65 0.85 0.6
n 583 0 0.35 0.15 0.7
n 584 0 0.45 0.15 0.7
n 585 0 0.35 0.25 0.7
n 586 0 0.55 0.15 0.7
n 587 0 0.45 0.25 0.7
n 588 0 0.35 0.35 0.7
n 589 0 0.65 0.15 0.7
n 590 0 0.55 0.25 0.7
n 591 0 0.45 0.35 0.7
n 592 0 0.35 0.45 0.7
n 593 0 0.65 0.25 0.7
n 594 0 0.55 0.35 0.7
n 595 0 0.45 0.45 0.7
n 596 0 0.35 0.55 0.7
n 597 0 0.65 0.35 0.7
n 598 0 0.55 0.45 0.7
n 599 0 0.45 0.55 0.7
n 600 0 0.35 0.65 0.7
n 601 0 0.65 0.45 0.7
n 602 0 0.55 0.55 0.7
n 603 0 0.45 0.65 0.7
n 604 0 0.35 0.75 0.7
n 605 0 0.65 0.55 0.7
n 606 0 0.55 0.65 0.7
n 607 0 0.45 0.75 0.7
n 608 0 0.35 0.85 0.7
n 609 0 0.65 0.65 0.7
n 610 0 0.55 0.75 0.7
n 611 0 0.45 0.85 0.7
n 612 0 0.65 0.75 0.7
n 613 0 0.55 0.85 0.7
n 614 0 0.65 0.85 0.7
n 615 0 0.35 0.15 0.35
n 616 0 0.375 0.125 0.375
n 617 0 0.3125 0.1875 0.3125
n 618 0 0.45 0.15 0.45
n 619 0 0.35 0.25 0.35
n 620 0 0.4375 0.1625 0.4375
n 621 0 0.375 0.225 0.375
n 622 0 0.3125 0.2875 0.3125
n 623 0 0.55 0.15 0.55
n 624 0 0.45 0.25 0.45
n 625 0 0.35 0.35 0.35
n 626 0 0.5625 0.1375 0.5625
n 627 0 0.4375 0.2625 0.4375
n 628 0 0.375 0.325 0.375
n 629 0 0.3125 0.3875 0.3125
n 630 0 0.65 0.15 0.65
n 631 0 0.55 0.25 0.55
n 632 0 0.45 0.35 0.45
n 633 0 0.35 0.45 0.35
n 634 0 0.625 0.175 0.625
n 635 0 0.5625 0.2375 0.5625
n 636 0 0.4375 0.3625 0.4375
n 637 0 0.375 0.425 0.375
n 638 0 0.3125 0.4875 0.3125
n 639 0 0.65 0.25 0.65
n 640 0 0.55 0.35 0.55
n 641 0 0.45 0.45 0.45
n 642 0 0.35 0.55 0.35
n 643 0 0.6875 0.2125 0.6875
n 644 0 0.625 0.275 0.625
n 645 0 0.5625 0.3375 0.5625
n 646 0 0.4375 0.4625 0.4375
n 647 0 0.375 0.525 0.375
n 648 0 0.3125 0.5875 0.3125
n 649 0 0.65 0.35 0.65
n 650 0 0.55 0.45 0.55
n 651 0 0.45 0.55 0.45
n 652 0 0.35 0.65 0.35
n 653 0 0.6875 0.3125 0.6875
n 654 0 0.625 0.375 0.625
n 655 0 0.5625 0.4375 0.5625
n 656 0 0.4375 0.5625 0.4375
n 657 0 0.375 0.625 0.375
n 658 0 0.3125 0.6875 0.3125
n 659 0 0.65 0.45 0.65
n 660 0 0.55 0.55 0.55
n 661 0 0.45 0.65 0.45
n 662 0 0.35 0.75 0.35
n 663 0 0.6875 0.4125 0.6875
n 664 0 0.625 0.475 0.625
n 665 0 0.5625 0.5375 0.5625
n 666 0 0.4375 0.6625 0.4375
n 667 0 0.375 0.725 0.375
n 668 0 0.3125 0.7875 0.3125
n 669 0 0.65 0.55 0.65
n 670 0 0.55 0.65 0.55
n 671 0 0.45 0.75 0.45
n 672 0 0.35 0.85 0.35
n 673 0 0.6875 0.5125 0.6875
n 674 0 0.625 0.575 0.625
n 675 0 0.5625 0.6375 0.5625
n 676 0 0.4375 0.7625 0.4375
n 677 0 0.375 0.825 0.375
n 678 0 0.65 0.65 0.65
n 679 0 0.55 0.75 0.55
n 680 0 0.45 0.85 0.45
n 681 0 0.6875 0.6125 0.6875
n 682 0 0.625 0.675 0.625
n 683 0 0.5625 0.7375 0.5625
n 684 0 0.4375 0.8625 0.4375
n 685 0 0.65 0.75 0.65
n 686 0 0.55 0.85 0.55
n 687 0 0.6875 0.7125 0.6875
n 688 0 0.625 0.775 0.625
n 689 0 0.5625 0.8375 0.5625
n 690 0 0.65 0.85 0.65
n 691 0 0.6875 0.8125 0.6875
n 692 0 0.625 0.875 0.625
n 693 0 0.35 0.1 0.65
n 694 0 0.45 0.13 0.65
n 695 0 0.35 0.07 0.55
n 696 0 0.55 0.16 0.65
n 697 0 0.45 0.1 0.55
n 698 0 0.35 0.04 0.45
n 699 0 0.65 0.19 0.65
n 700 0 0.55 0.13 0.55
n 701 0 0.45 0.07 0.45
n 702 0 0.35 0.01 0.35
n 703 0 0.65 0.16 0.55
n 704 0 0.55 0.1 0.45
n 705 0 0.45 0.04 0.35
n 706 0 0.65 0.13 0.45
n 707 0 0.55 0.07 0.35
n 708 0 0.65 0.1 0.35
n 709 0 0.35 0.2 0.65
n 710 0 0.45 0.23 0.65
n 711 0 0.35 0.17 0.55
n 712 0 0.55 0.26 0.65
n 713 0 0.45 0.2 0.55
n 714 0 0.35 0.14 0.45
n 715 0 0.65 0.29 0.65
n 716 0 0.55 0.23 0.55
n 717 0 0.45 0.17 0.45
n 718 0 0.35 0.11 0.35
n 719 0 0.65 0.26 0.55
n 720 0 0.55 0.2 0.45
n 721 0 0.45 0.14 0.35
n 722 0 0.65 0.23 0.45
n 723 0 0.55 0.17 0.35
n 724 0 0.65 0.2 0.35
n 725 0 0.35 0.3 0.65
n 726 0 0.45 0.33 0.65
n 727 0 0.35 0.27 0.55
n 728 0 0.55 0.36 0.65
n 729 0 0.45 0.3 0.55
n 730 0 0.35 0.24 0.45
n 731 0 0.65 0.39 0.65
n 732 0 0.55 0.33 0.55
n 733 0 0.45 0.27 0.45
n 734 0 0.35 0.21 0.35
n 735 0 0.65 0.36 0.55
n 736 0 0.55 0.3 0.45
n 737 0 0.45 0.24 0.35
n 738 0 0.65 0.33 0.45
n 739 0 0.55 0.27 0.35
n 740 0 0.65 0.3 0.35
n 741 0 0.35 0.4 0.65
n 742 0 0.45 0.43 0.65
n 743 0 0.35 0.37 0.55
n 744 0 0.55 0.46 0.65
n 745 0 0.45 0.4 0.55
n 746 0 0.35 0.34 0.45
n 747 0 0.65 0.49 0.65
n 748 0 0.55 0.43 0.55
n 749 0 0.45 0.37 0.45
n 750 0 0.35 0.31 0.35
n 751 0 0.65 0.46 0.55
n 752 0 0.55 0.4 0.45
n 753 0 0.45 0.34 0.35
n 754 0 0.65 0.43 0.45
n 755 0 0.55 0.37 0.35
n 756 0 0.65 0.4 0.35
n 757 0 0.35 0.5 0.65
n 758 0 0.45 0.53 0.65
n 759 0 0.35 0.47 0.55
n 760 0 0.55 0.56 0.65
n 761 0 0.45 0.5 0.55
n 762 0 0.35 0.44 0.45
n 763 0 0.65 0.59 0.65
n 764 0 0.55 0.53 0.55
n 765 0 0.45 0.47 0.45
n 766 0 0.35 0.41 0.35
n 767 0 0.65 0.56 0.55
n 768 0 0.55 0.5 0.45
n 769 0 0.45 0.44 0.35
n 770 0 0.65 0.53 0.45
n 771 0 0.55 0.47 0.35
n 772 0 0.65 0.5 0.35
n 773 0 0.35 0.6 0.65
n 774 0 0.45 0.63 0.65
n 775 0 0.35 0.57 0.55
n 776 0 0.55 0.66 0.65
n 777 0 0.45 0.6 0.55
n 778 0 0.35 0.54 0.45
n 779 0 0.65 0.69 0.65
n 780 0 0.55 0.63 0.55
n 781 0 0.45 0.57 0.45
n 782 0 0.35 0.51 0.35
n 783 0 0.65 0.66 0.55
n 784 0 0.55 0.6 0.45
n 785 0 0.45 0.54 0.35
n 786 0 0.65 0.63 0.45
n 787 0 0.55 0.57 0.35
n 788 0 0.65 0.6 0.35
n 789 0 0.35 0.7 0.65
n 790 0 0.45 0.73 0.65
n 791 0 0.35 0.67 0.55
n 792 0 0.55 0.76 0.65
n 793 0 0.45 0.7 0.55
n 794 0 0.35 0.64 0.45
n 795 0 0.65 0.79 0.65
n 796 0 0.55 0.73 0.55
n 797 0 0.45 0.67 0.45
n 798 0 0.35 0.61 0.35
n 799 0 0.65 0.76 0.55
n 800 0 0.55 0.7 0.45
n 801 0 0.45 0.64 0.35
n 802 0 0.65 0.73 0.45
n 803 0 0.55 0.67 0.35
n 804 0 0.65 0.7 0.35
n 805 0 0.35 0.8 0.65
n 806 0 0.45 0.83 0.65
n 807 0 0.35 0.77 0.55
n 808 0 0.55 0.86 0.65
n 809 0 0.45 0.8 0.55
n 810 0 0.35 0.74 0.45
n 811 0 0.65 0.89 0.65
n 812 0 0.55 0.83 0.55
n 813 0 0.45 0.77 0.45
n 814 0 0.35 0.71 0.35
n 815 0 0.65 0.86 0.55
n 816 0 0.55 0.8 0.45
n 817 0 0.45 0.74 0.35
n 818 0 0.65 0.83 0.45
n 819 0 0.55 0.77 0.35
n 820 0 0.65 0.8 0.35
n 821 0 0.35 0.9 0.65
n 822 0 0.45 0.93 0.65
n 823 0 0.35 0.87 0.55
n 824 0 0.55 0.96 0.65
n 825 0 0.45 0.9 0.55
n 826 0 0.35 0.84 0.45
n 827 0 0.65 0.99 0.65
n 828 0 0.55 0.93 0.55
n 829 0 0.45 0.87 0.45
n 830 0 0.35 0.81 0.35
n 831 0 0.65 0.96 0.55
n 832 0 0.55 0.9 0.45
n 833 0 0.45 0.84 0.35
n 834 0 0.65 0.93 0.45
n 835 0 0.55 0.87 0.35
n 836 0 0.65 0.9 0.35
