b 576 267 24.0 19.918584287042087 0 1 0 0 
f 0 0.01 90 115 
f 1 0.01 263 240 241 242 243 244 245 246 247 248 249 250 
f 2 0.01 524 525 526 527 504 505 506 507 
f 3 0.01 98 122 
f 4 0.01 68 69 70 
f 5 0.01 16 40 65 89 114 138 
f 6 0.01 535 559 
f 7 0.01 248 271 295 
f 8 0.01 206 229 253 
f 9 0.01 338 361 385 408 432 
f 10 0.01 480 527 551 574 
f 11 0.01 147 171 
f 12 0.01 42 67 91 116 140 
f 13 0.01 134 135 136 137 138 139 140 141 142 
f 14 0.01 313 337 360 384 431 
f 15 0.01 30 54 77 101 124 148 171 195 218 242 
f 16 0.01 434 435 436 437 438 
f 17 0.01 238 239 216 217 218 
f 18 0.01 517 541 564 
f 19 0.01 500 523 547 570 
f 20 0.01 329 354 378 403 427 
f 21 0.01 176 177 
f 22 0.01 73 74 75 76 77 78 79 80 
f 23 0.01 407 384 
f 24 0.01 21 44 68 91 115 138 162 185 
f 25 0.01 411 412 413 414 415 
f 26 0.01 510 511 512 513 514 515 516 517 
f 27 0.01 25 49 72 96 143 167 
f 28 0.01 108 109 110 111 112 113 114 115 116 117 118 119 96 97 
f 29 0.01 229 254 278 303 327 352 376 401 425 450 
f 30 0.01 71 95 96 
f 31 0.01 251 252 253 
f 32 0.01 395 396 397 398 
f 33 0.01 459 460 461 462 
f 34 0.01 81 82 83 84 85 86 
f 35 0.01 23 46 70 
f 36 0.01 150 174 
f 37 0.01 422 423 424 
f 38 0.01 4 28 53 77 102 
f 39 0.01 99 100 101 102 103 104 105 
f 40 0.01 93 117 140 164 187 
f 41 0.01 280 304 327 351 374 398 
f 42 0.01 190 214 237 261 284 308 331 355 378 402 
f 43 0.01 164 165 166 167 
f 44 0.01 142 166 189 
f 45 0.01 485 508 532 555 
f 46 0.01 87 111 
f 47 0.01 209 232 256 
f 48 0.01 165 188 212 235 259 
f 49 0.01 145 168 
f 50 0.01 546 570 
f 51 0.01 23 47 48 72 97 121 146 
f 52 0.01 496 497 498 499 500 501 502 503 480 481 482 483 484 
f 53 0.01 399 423 448 472 497 521 
f 54 0.01 230 255 279 304 328 353 377 
f 55 0.01 70 94 119 143 144 168 193 217 242 266 291 315 340 364 389 
f 56 0.01 442 466 491 515 540 564 
f 57 0.01 12 35 59 82 106 129 153 176 200 223 247 270 294 317 
f 58 0.01 369 394 418 443 467 
f 59 0.01 550 551 528 529 530 531 532 533 
f 60 0.01 276 300 323 347 370 394 417 441 464 488 511 535 558 
f 61 0.01 322 323 324 325 326 327 328 329 330 331 332 333 334 335 312 
f 62 0.01 296 319 343 366 
f 63 0.01 439 463 488 512 537 561 
f 64 0.01 277 278 279 280 281 282 283 284 285 
f 65 0.01 212 213 214 215 192 193 194 
f 66 0.01 33 34 35 36 37 38 39 40 41 42 
f 67 0.01 268 293 317 
f 68 0.01 127 152 176 201 225 250 274 299 323 348 372 397 421 
f 69 0.01 71 48 49 
f 70 0.01 313 314 315 316 317 
f 71 0.01 534 535 536 537 
f 72 0.01 170 195 219 244 
f 73 0.01 545 546 547 548 549 
f 74 0.01 38 62 85 109 132 156 179 203 226 250 
f 75 0.01 254 255 256 
f 76 0.01 482 506 531 555 
f 77 0.01 22 45 69 92 116 139 163 
f 78 0.01 274 275 276 
f 79 0.01 12 36 61 85 110 134 159 
f 80 0.01 211 234 258 281 305 
f 81 0.01 175 200 224 249 273 298 322 347 371 396 420 
f 82 0.01 161 184 208 
f 83 0.01 453 477 502 526 551 575 
f 84 0.01 120 145 169 194 218 243 267 292 316 341 365 390 414 
f 85 0.01 29 30 31 32 
f 86 0.01 157 181 206 
f 87 0.01 267 268 269 270 271 272 
f 88 0.01 19 43 68 92 117 141 166 
f 89 0.01 199 223 
f 90 0.01 428 452 475 499 
f 91 0.01 39 64 88 113 
f 92 0.01 437 461 
f 93 0.01 13 37 62 86 
f 94 0.01 219 220 221 222 223 224 
f 95 0.01 354 355 356 357 358 359 336 337 338 339 340 
f 96 0.01 311 288 289 290 291 292 293 294 
f 97 0.01 20 43 67 
f 98 0.01 342 366 391 415 440 464 489 
f 99 0.01 516 541 565 
f 100 0.01 195 196 197 198 199 
f 101 0.01 6 29 53 76 100 123 147 170 
f 102 0.01 60 84 109 133 158 182 207 231 256 280 305 
f 103 0.01 295 296 297 298 299 300 301 302 303 304 
f 104 0.01 80 105 129 154 178 203 227 252 276 301 325 350 374 
f 105 0.01 11 34 58 
f 106 0.01 231 255 278 302 325 349 372 396 419 443 466 490 513 537 560 
f 107 0.01 306 307 308 309 310 
f 108 0.01 64 65 
f 109 0.01 66 67 
f 110 0.01 130 131 132 
f 111 0.01 28 52 75 99 122 146 169 193 216 240 287 311 334 358 381 405 
f 112 0.01 219 243 266 290 
f 113 0.01 3 26 50 
f 114 0.01 192 239 263 286 310 333 357 380 404 427 451 474 498 521 545 568 
f 115 0.01 354 377 401 424 448 471 495 518 542 565 
f 116 0.01 332 356 379 
f 117 0.01 165 189 214 238 263 287 288 312 337 361 386 410 435 459 484 508 
f 118 0.01 92 93 94 95 72 
f 119 0.01 445 469 494 
f 120 0.01 107 131 156 180 205 
f 121 0.01 9 32 56 79 103 126 
f 122 0.01 514 538 561 
f 123 0.01 455 432 
f 124 0.01 18 41 65 88 112 
f 125 0.01 413 438 462 487 511 536 
f 126 0.01 455 478 502 525 549 572 
f 127 0.01 90 91 
f 128 0.01 367 392 416 441 465 490 514 539 563 
f 129 0.01 279 303 326 350 373 397 
f 130 0.01 342 365 389 412 436 459 483 506 530 553 
f 131 0.01 346 347 348 349 350 351 352 353 
f 132 0.01 463 464 465 466 467 468 469 470 471 
f 133 0.01 341 364 
f 134 0.01 150 173 197 220 244 267 291 
f 135 0.01 513 538 562 
f 136 0.01 90 114 137 
f 137 0.01 447 470 494 
f 138 0.01 17 41 66 
f 139 0.01 144 145 146 147 148 149 150 151 152 153 154 155 156 157 158 
f 140 0.01 518 543 567 
f 141 0.01 259 283 308 332 
f 142 0.01 257 258 259 260 261 262 
f 143 0.01 8 31 55 78 102 
f 144 0.01 373 374 375 376 377 378 379 380 381 382 
f 145 0.01 341 342 343 344 
f 146 0.01 0 24 49 73 
f 147 0.01 338 362 387 411 436 460 485 509 534 558 
f 148 0.01 27 28 
f 149 0.01 125 149 172 196 
f 150 0.01 206 207 
f 151 0.01 4 27 51 74 98 
f 152 0.01 362 386 409 433 
f 153 0.01 21 45 
f 154 0.01 248 272 297 321 346 370 395 419 444 468 493 517 
f 155 0.01 66 89 113 
f 156 0.01 213 236 260 283 
f 157 0.01 476 501 525 550 574 
f 158 0.01 382 407 431 432 456 481 505 530 554 
f 159 0.01 87 88 89 
f 160 0.01 349 373 398 422 447 
f 161 0.01 273 297 320 344 367 391 414 438 461 
f 162 0.01 14 38 63 87 112 136 161 185 210 234 
f 163 0.01 485 486 487 488 
f 164 0.01 178 179 180 181 
f 165 0.01 10 34 59 83 108 132 
f 166 0.01 126 151 
f 167 0.01 546 569 
f 168 0.01 208 209 210 211 
f 169 0.01 383 360 
f 170 0.01 182 183 184 185 186 187 188 189 190 191 168 169 170 
f 171 0.01 270 295 319 
f 172 0.01 9 33 58 82 
f 173 0.01 7 31 56 
f 174 0.01 403 426 450 473 497 520 544 567 
f 175 0.01 3 27 52 76 101 125 
f 176 0.01 0 47 71 94 118 141 
f 177 0.01 388 411 435 458 482 
f 178 0.01 515 539 562 
f 179 0.01 121 122 123 124 125 126 127 128 129 
f 180 0.01 533 557 
f 181 0.01 421 445 468 492 
f 182 0.01 399 400 401 402 403 404 405 406 
f 183 0.01 194 217 241 264 288 335 
f 184 0.01 2 26 51 75 
f 185 0.01 14 37 61 
f 186 0.01 32 57 81 106 130 155 179 204 228 253 277 302 326 351 375 400 424 449 
f 187 0.01 43 44 45 46 47 24 25 26 
f 188 0.01 479 503 526 550 573 
f 189 0.01 416 417 418 419 420 421 
f 190 0.01 212 236 261 285 310 334 359 383 384 408 433 457 
f 191 0.01 486 510 
f 192 0.01 518 519 520 521 522 523 
f 193 0.01 44 69 93 118 142 167 191 192 216 241 265 290 314 339 363 388 412 
f 194 0.01 420 444 467 491 
f 195 0.01 160 184 209 233 
f 196 0.01 538 539 540 541 542 543 544 
f 197 0.01 106 107 
f 198 0.01 1 24 48 95 119 
f 199 0.01 5 29 54 78 103 
f 200 0.01 17 40 64 
f 201 0.01 11 35 
f 202 0.01 6 30 55 79 104 128 153 177 202 226 251 275 300 
f 203 0.01 470 495 519 544 568 
f 204 0.01 473 498 522 547 
f 205 0.01 50 51 52 53 54 55 56 57 58 59 60 61 62 63 
f 206 0.01 16 39 
f 207 0.01 425 449 
f 208 0.01 208 232 257 281 306 330 355 379 404 428 
f 209 0.01 365 366 367 368 369 370 371 372 
f 210 0.01 477 478 479 456 457 458 
f 211 0.01 282 306 329 353 376 400 423 
f 212 0.01 100 124 149 173 198 222 247 271 296 320 345 
f 213 0.01 137 162 186 211 235 260 284 309 333 358 
f 214 0.01 143 120 
f 215 0.01 104 127 151 174 198 221 245 268 292 315 339 
f 216 0.01 136 160 183 207 230 254 277 301 324 348 371 395 418 442 465 489 512 536 559 
f 217 0.01 489 490 491 492 493 494 
f 218 0.01 385 409 434 458 483 507 532 556 
f 219 0.01 159 182 
f 220 0.01 496 520 545 569 
f 221 0.01 336 360 
f 222 0.01 36 60 83 107 130 154 177 201 224 
f 223 0.01 406 430 455 479 480 504 529 553 
f 224 0.01 134 158 181 205 228 252 275 299 322 346 369 393 416 440 463 487 510 534 
f 225 0.01 437 460 484 507 531 554 
f 226 0.01 425 426 427 428 429 430 431 408 409 410 
f 227 0.01 361 362 363 364 
f 228 0.01 344 368 393 417 
f 229 0.01 1 25 50 74 99 123 148 172 197 221 246 
f 230 0.01 215 239 240 264 289 313 
f 231 0.01 186 210 233 257 
f 232 0.01 10 33 57 80 
f 233 0.01 402 426 451 475 500 524 549 573 
f 234 0.01 385 386 387 388 
f 235 0.01 472 496 519 543 566 
f 236 0.01 405 429 454 478 503 527 528 552 
f 237 0.01 542 566 
f 238 0.01 499 523 548 572 
f 239 0.01 389 390 391 392 393 394 
f 240 0.01 505 529 552 
f 241 0.01 319 320 
f 242 0.01 163 187 
f 243 0.01 359 382 406 429 453 
f 244 0.01 160 161 162 163 
f 245 0.01 363 387 410 434 457 481 504 528 
f 246 0.01 111 135 
f 247 0.01 171 172 173 174 
f 248 0.01 258 282 307 331 356 380 
f 249 0.01 196 220 245 269 294 318 343 
f 250 0.01 286 287 264 265 266 
f 251 0.01 86 110 133 157 180 204 227 251 274 298 321 345 368 392 415 439 462 486 509 
f 252 0.01 399 422 446 469 493 516 540 563 
f 253 0.01 232 233 234 235 236 237 
f 254 0.01 265 289 312 
f 255 0.01 439 440 441 442 443 444 445 446 447 448 449 450 451 452 453 454 
f 256 0.01 105 128 152 175 199 222 246 269 293 316 340 
f 257 0.01 84 108 131 155 178 202 225 249 272 
f 258 0.01 328 352 375 
f 259 0.01 139 164 188 213 237 262 286 311 335 
f 260 0.01 390 413 
f 261 0.01 336 383 407 430 454 477 501 524 548 571 
f 262 0.01 200 201 202 203 204 205 
f 263 0.01 73 97 120 144 191 215 238 262 285 309 
f 264 0.01 307 330 
f 265 0.01 472 473 474 475 476 
f 266 0.01 226 227 228 229 230 231 
n 104 0 8.25 3.4641016151377544 0 
n 241 0 1.25 8.660254037844386 0 
n 219 0 3.75 7.794228634059947 0 
n 464 0 8.75 16.454482671904334 0 
n 427 0 19.75 14.722431864335457 0 
n 364 0 4.75 12.990381056766578 0 
n 221 0 5.75 7.794228634059947 0 
n 40 0 16.75 0.8660254037844386 0 
n 36 0 12.75 0.8660254037844386 0 
n 393 0 9.25 13.856406460551018 0 
n 524 0 20.75 18.186533479473212 0 
n 526 0 22.75 18.186533479473212 0 
n 97 0 1.25 3.4641016151377544 0 
n 452 0 20.25 15.588457268119894 0 
n 540 0 12.25 19.05255888325765 0 
n 257 0 17.25 8.660254037844386 0 
n 157 0 13.25 5.196152422706632 0 
n 81 0 9.75 2.598076211353316 0 
n 340 0 4.25 12.12435565298214 0 
n 239 0 23.75 7.794228634059947 0 
n 325 0 13.75 11.258330249197702 0 
n 98 0 2.25 3.4641016151377544 0 
n 470 0 14.75 16.454482671904334 0 
n 269 0 5.75 9.526279441628825 0 
n 120 0 0.75 4.330127018922193 0 
n 15 2 15.25 0.0 0 
n 48 0 0.25 1.7320508075688772 0 
n 396 0 12.25 13.856406460551018 0 
n 416 0 8.75 14.722431864335457 0 
n 461 0 5.75 16.454482671904334 0 
n 475 0 19.75 16.454482671904334 0 
n 71 0 23.25 1.7320508075688772 0 
n 532 0 4.25 19.05255888325765 0 
n 501 0 21.25 17.32050807568877 0 
n 544 0 16.25 19.05255888325765 0 
n 418 0 10.75 14.722431864335457 0 
n 268 0 4.75 9.526279441628825 0 
n 106 0 10.25 3.4641016151377544 0 
n 130 0 10.75 4.330127018922193 0 
n 250 0 10.25 8.660254037844386 0 
n 8 2 8.25 0.0 0 
n 516 0 12.75 18.186533479473212 0 
n 363 0 3.75 12.990381056766578 0 
n 344 0 8.25 12.12435565298214 0 
n 568 2 16.75 19.918584287042087 0 
n 548 0 20.25 19.05255888325765 0 
n 160 0 16.25 5.196152422706632 0 
n 265 0 1.75 9.526279441628825 0 
n 50 0 2.25 1.7320508075688772 0 
n 502 0 22.25 17.32050807568877 0 
n 385 0 1.25 13.856406460551018 0 
n 494 0 14.25 17.32050807568877 0 
n 149 0 5.25 5.196152422706632 0 
n 158 0 14.25 5.196152422706632 0 
n 420 0 12.75 14.722431864335457 0 
n 466 0 10.75 16.454482671904334 0 
n 86 0 14.75 2.598076211353316 0 
n 147 0 3.25 5.196152422706632 0 
n 252 0 12.25 8.660254037844386 0 
n 514 0 10.75 18.186533479473212 0 
n 300 0 12.25 10.392304845413264 0 
n 23 2 23.25 0.0 0 
n 545 0 17.25 19.05255888325765 0 
n 210 0 18.25 6.928203230275509 0 
n 288 0 0.25 10.392304845413264 0 
n 178 0 10.75 6.06217782649107 0 
n 529 0 1.25 19.05255888325765 0 
n 112 0 16.25 3.4641016151377544 0 
n 438 0 6.25 15.588457268119894 0 
n 311 0 23.25 10.392304845413264 0 
n 260 0 20.25 8.660254037844386 0 
n 390 0 6.25 13.856406460551018 0 
n 512 0 8.75 18.186533479473212 0 
n 567 2 15.75 19.918584287042087 0 
n 13 2 13.25 0.0 0 
n 398 0 14.25 13.856406460551018 0 
n 543 0 15.25 19.05255888325765 0 
n 229 0 13.75 7.794228634059947 0 
n 339 0 3.25 12.12435565298214 0 
n 347 0 11.25 12.12435565298214 0 
n 92 0 20.75 2.598076211353316 0 
n 193 0 1.25 6.928203230275509 0 
n 57 0 9.25 1.7320508075688772 0 
n 496 0 16.25 17.32050807568877 0 
n 78 0 6.75 2.598076211353316 0 
n 493 0 13.25 17.32050807568877 0 
n 460 0 4.75 16.454482671904334 0 
n 206 0 14.25 6.928203230275509 0 
n 218 0 2.75 7.794228634059947 0 
n 128 0 8.75 4.330127018922193 0 
n 486 0 6.25 17.32050807568877 0 
n 42 0 18.75 0.8660254037844386 0 
n 271 0 7.75 9.526279441628825 0 
n 285 0 21.75 9.526279441628825 0 
n 384 0 0.25 13.856406460551018 0 
n 197 0 5.25 6.928203230275509 0 
n 11 2 11.25 0.0 0 
n 404 0 20.25 13.856406460551018 0 
n 527 0 23.75 18.186533479473212 0 
n 299 0 11.25 10.392304845413264 0 
n 498 0 18.25 17.32050807568877 0 
n 214 0 22.25 6.928203230275509 0 
n 387 0 3.25 13.856406460551018 0 
n 406 0 22.25 13.856406460551018 0 
n 205 0 13.25 6.928203230275509 0 
n 254 0 14.25 8.660254037844386 0 
n 499 0 19.25 17.32050807568877 0 
n 356 0 20.25 12.12435565298214 0 
n 528 0 0.25 19.05255888325765 0 
n 426 0 18.75 14.722431864335457 0 
n 39 0 15.75 0.8660254037844386 0 
n 207 0 15.25 6.928203230275509 0 
n 405 0 21.25 13.856406460551018 0 
n 534 0 6.25 19.05255888325765 0 
n 463 0 7.75 16.454482671904334 0 
n 240 0 0.25 8.660254037844386 0 
n 84 0 12.75 2.598076211353316 0 
n 292 0 4.25 10.392304845413264 0 
n 30 0 6.75 0.8660254037844386 0 
n 448 0 16.25 15.588457268119894 0 
n 379 0 19.75 12.990381056766578 0 
n 506 0 2.75 18.186533479473212 0 
n 144 0 0.25 5.196152422706632 0 
n 480 0 0.25 17.32050807568877 0 
n 204 0 12.25 6.928203230275509 0 
n 237 0 21.75 7.794228634059947 0 
n 441 0 9.25 15.588457268119894 0 
n 277 0 13.75 9.526279441628825 0 
n 297 0 9.25 10.392304845413264 0 
n 408 0 0.75 14.722431864335457 0 
n 234 0 18.75 7.794228634059947 0 
n 245 0 5.25 8.660254037844386 0 
n 182 0 14.75 6.06217782649107 0 
n 304 0 16.25 10.392304845413264 0 
n 446 0 14.25 15.588457268119894 0 
n 31 0 7.75 0.8660254037844386 0 
n 208 0 16.25 6.928203230275509 0 
n 382 0 22.75 12.990381056766578 0 
n 409 0 1.75 14.722431864335457 0 
n 96 0 0.25 3.4641016151377544 0 
n 389 0 5.25 13.856406460551018 0 
n 341 0 5.25 12.12435565298214 0 
n 124 0 4.75 4.330127018922193 0 
n 264 0 0.75 9.526279441628825 0 
n 321 0 9.75 11.258330249197702 0 
n 513 0 9.75 18.186533479473212 0 
n 52 0 4.25 1.7320508075688772 0 
n 176 0 8.75 6.06217782649107 0 
n 41 0 17.75 0.8660254037844386 0 
n 417 0 9.75 14.722431864335457 0 
n 453 0 21.25 15.588457268119894 0 
n 247 0 7.25 8.660254037844386 0 
n 573 2 21.75 19.918584287042087 0 
n 367 0 7.75 12.990381056766578 0 
n 429 0 21.75 14.722431864335457 0 
n 281 0 17.75 9.526279441628825 0 
n 26 0 2.75 0.8660254037844386 0 
n 220 0 4.75 7.794228634059947 0 
n 458 0 2.75 16.454482671904334 0 
n 495 0 15.25 17.32050807568877 0 
n 357 0 21.25 12.12435565298214 0 
n 456 0 0.75 16.454482671904334 0 
n 82 0 10.75 2.598076211353316 0 
n 77 0 5.75 2.598076211353316 0 
n 537 0 9.25 19.05255888325765 0 
n 73 0 1.75 2.598076211353316 0 
n 546 0 18.25 19.05255888325765 0 
n 83 0 11.75 2.598076211353316 0 
n 59 0 11.25 1.7320508075688772 0 
n 5 2 5.25 0.0 0 
n 127 0 7.75 4.330127018922193 0 
n 259 0 19.25 8.660254037844386 0 
n 570 2 18.75 19.918584287042087 0 
n 262 0 22.25 8.660254037844386 0 
n 348 0 12.25 12.12435565298214 0 
n 47 0 23.75 0.8660254037844386 0 
n 66 0 18.25 1.7320508075688772 0 
n 323 0 11.75 11.258330249197702 0 
n 410 0 2.75 14.722431864335457 0 
n 372 0 12.75 12.990381056766578 0 
n 478 0 22.75 16.454482671904334 0 
n 539 0 11.25 19.05255888325765 0 
n 457 0 1.75 16.454482671904334 0 
n 554 2 2.75 19.918584287042087 0 
n 536 0 8.25 19.05255888325765 0 
n 121 0 1.75 4.330127018922193 0 
n 399 0 15.25 13.856406460551018 0 
n 183 0 15.75 6.06217782649107 0 
n 249 0 9.25 8.660254037844386 0 
n 67 0 19.25 1.7320508075688772 0 
n 7 2 7.25 0.0 0 
n 312 0 0.75 11.258330249197702 0 
n 519 0 15.75 18.186533479473212 0 
n 488 0 8.25 17.32050807568877 0 
n 286 0 22.75 9.526279441628825 0 
n 93 0 21.75 2.598076211353316 0 
n 353 0 17.25 12.12435565298214 0 
n 180 0 12.75 6.06217782649107 0 
n 552 2 0.75 19.918584287042087 0 
n 521 0 17.75 18.186533479473212 0 
n 413 0 5.75 14.722431864335457 0 
n 171 0 3.75 6.06217782649107 0 
n 190 0 22.75 6.06217782649107 0 
n 451 0 19.25 15.588457268119894 0 
n 37 0 13.75 0.8660254037844386 0 
n 115 0 19.25 3.4641016151377544 0 
n 196 0 4.25 6.928203230275509 0 
n 131 0 11.75 4.330127018922193 0 
n 476 0 20.75 16.454482671904334 0 
n 397 0 13.25 13.856406460551018 0 
n 369 0 9.75 12.990381056766578 0 
n 308 0 20.25 10.392304845413264 0 
n 187 0 19.75 6.06217782649107 0 
n 562 2 10.75 19.918584287042087 0 
n 1 2 1.25 0.0 0 
n 117 0 21.25 3.4641016151377544 0 
n 64 0 16.25 1.7320508075688772 0 
n 209 0 17.25 6.928203230275509 0 
n 138 0 18.75 4.330127018922193 0 
n 272 0 8.75 9.526279441628825 0 
n 500 0 20.25 17.32050807568877 0 
n 328 0 16.75 11.258330249197702 0 
n 194 0 2.25 6.928203230275509 0 
n 118 0 22.25 3.4641016151377544 0 
n 279 0 15.75 9.526279441628825 0 
n 400 0 16.25 13.856406460551018 0 
n 91 0 19.75 2.598076211353316 0 
n 0 2 0.25 0.0 0 
n 159 0 15.25 5.196152422706632 0 
n 145 0 1.25 5.196152422706632 0 
n 477 0 21.75 16.454482671904334 0 
n 137 0 17.75 4.330127018922193 0 
n 20 2 20.25 0.0 0 
n 345 0 9.25 12.12435565298214 0 
n 307 0 19.25 10.392304845413264 0 
n 381 0 21.75 12.990381056766578 0 
n 169 0 1.75 6.06217782649107 0 
n 51 0 3.25 1.7320508075688772 0 
n 62 0 14.25 1.7320508075688772 0 
n 428 0 20.75 14.722431864335457 0 
n 65 0 17.25 1.7320508075688772 0 
n 459 0 3.75 16.454482671904334 0 
n 365 0 5.75 12.990381056766578 0 
n 172 0 4.75 6.06217782649107 0 
n 168 0 0.75 6.06217782649107 0 
n 63 0 15.25 1.7320508075688772 0 
n 294 0 6.25 10.392304845413264 0 
n 179 0 11.75 6.06217782649107 0 
n 574 2 22.75 19.918584287042087 0 
n 224 0 8.75 7.794228634059947 0 
n 217 0 1.75 7.794228634059947 0 
n 467 0 11.75 16.454482671904334 0 
n 378 0 18.75 12.990381056766578 0 
n 317 0 5.75 11.258330249197702 0 
n 571 2 19.75 19.918584287042087 0 
n 203 0 11.25 6.928203230275509 0 
n 530 0 2.25 19.05255888325765 0 
n 349 0 13.25 12.12435565298214 0 
n 302 0 14.25 10.392304845413264 0 
n 113 0 17.25 3.4641016151377544 0 
n 454 0 22.25 15.588457268119894 0 
n 474 0 18.75 16.454482671904334 0 
n 291 0 3.25 10.392304845413264 0 
n 27 0 3.75 0.8660254037844386 0 
n 58 0 10.25 1.7320508075688772 0 
n 538 0 10.25 19.05255888325765 0 
n 231 0 15.75 7.794228634059947 0 
n 558 2 6.75 19.918584287042087 0 
n 162 0 18.25 5.196152422706632 0 
n 215 0 23.25 6.928203230275509 0 
n 170 0 2.75 6.06217782649107 0 
n 235 0 19.75 7.794228634059947 0 
n 547 0 19.25 19.05255888325765 0 
n 535 0 7.25 19.05255888325765 0 
n 248 0 8.25 8.660254037844386 0 
n 415 0 7.75 14.722431864335457 0 
n 402 0 18.25 13.856406460551018 0 
n 518 0 14.75 18.186533479473212 0 
n 132 0 12.75 4.330127018922193 0 
n 212 0 20.25 6.928203230275509 0 
n 407 0 23.25 13.856406460551018 0 
n 255 0 15.25 8.660254037844386 0 
n 278 0 14.75 9.526279441628825 0 
n 511 0 7.75 18.186533479473212 0 
n 490 0 10.25 17.32050807568877 0 
n 324 0 12.75 11.258330249197702 0 
n 28 0 4.75 0.8660254037844386 0 
n 89 0 17.75 2.598076211353316 0 
n 274 0 10.75 9.526279441628825 0 
n 368 0 8.75 12.990381056766578 0 
n 391 0 7.25 13.856406460551018 0 
n 306 0 18.25 10.392304845413264 0 
n 358 0 22.25 12.12435565298214 0 
n 346 0 10.25 12.12435565298214 0 
n 287 0 23.75 9.526279441628825 0 
n 185 0 17.75 6.06217782649107 0 
n 560 2 8.75 19.918584287042087 0 
n 99 0 3.25 3.4641016151377544 0 
n 555 2 3.75 19.918584287042087 0 
n 563 2 11.75 19.918584287042087 0 
n 70 0 22.25 1.7320508075688772 0 
n 331 0 19.75 11.258330249197702 0 
n 472 0 16.75 16.454482671904334 0 
n 423 0 15.75 14.722431864335457 0 
n 53 0 5.25 1.7320508075688772 0 
n 228 0 12.75 7.794228634059947 0 
n 326 0 14.75 11.258330249197702 0 
n 355 0 19.25 12.12435565298214 0 
n 282 0 18.75 9.526279441628825 0 
n 45 0 21.75 0.8660254037844386 0 
n 373 0 13.75 12.990381056766578 0 
n 69 0 21.25 1.7320508075688772 0 
n 129 0 9.75 4.330127018922193 0 
n 483 0 3.25 17.32050807568877 0 
n 533 0 5.25 19.05255888325765 0 
n 150 0 6.25 5.196152422706632 0 
n 572 2 20.75 19.918584287042087 0 
n 186 0 18.75 6.06217782649107 0 
n 447 0 15.25 15.588457268119894 0 
n 377 0 17.75 12.990381056766578 0 
n 481 0 1.25 17.32050807568877 0 
n 431 0 23.75 14.722431864335457 0 
n 332 0 20.75 11.258330249197702 0 
n 517 0 13.75 18.186533479473212 0 
n 43 0 19.75 0.8660254037844386 0 
n 100 0 4.25 3.4641016151377544 0 
n 507 0 3.75 18.186533479473212 0 
n 361 0 1.75 12.990381056766578 0 
n 21 2 21.25 0.0 0 
n 275 0 11.75 9.526279441628825 0 
n 430 0 22.75 14.722431864335457 0 
n 263 0 23.25 8.660254037844386 0 
n 352 0 16.25 12.12435565298214 0 
n 334 0 22.75 11.258330249197702 0 
n 449 0 17.25 15.588457268119894 0 
n 17 2 17.25 0.0 0 
n 295 0 7.25 10.392304845413264 0 
n 90 0 18.75 2.598076211353316 0 
n 375 0 15.75 12.990381056766578 0 
n 4 2 4.25 0.0 0 
n 515 0 11.75 18.186533479473212 0 
n 227 0 11.75 7.794228634059947 0 
n 553 2 1.75 19.918584287042087 0 
n 497 0 17.25 17.32050807568877 0 
n 316 0 4.75 11.258330249197702 0 
n 360 0 0.75 12.990381056766578 0 
n 422 0 14.75 14.722431864335457 0 
n 412 0 4.75 14.722431864335457 0 
n 44 0 20.75 0.8660254037844386 0 
n 195 0 3.25 6.928203230275509 0 
n 444 0 12.25 15.588457268119894 0 
n 531 0 3.25 19.05255888325765 0 
n 216 0 0.75 7.794228634059947 0 
n 79 0 7.75 2.598076211353316 0 
n 29 0 5.75 0.8660254037844386 0 
n 141 0 21.75 4.330127018922193 0 
n 491 0 11.25 17.32050807568877 0 
n 261 0 21.25 8.660254037844386 0 
n 135 0 15.75 4.330127018922193 0 
n 49 0 1.25 1.7320508075688772 0 
n 354 0 18.25 12.12435565298214 0 
n 191 0 23.75 6.06217782649107 0 
n 482 0 2.25 17.32050807568877 0 
n 520 0 16.75 18.186533479473212 0 
n 433 0 1.25 15.588457268119894 0 
n 569 2 17.75 19.918584287042087 0 
n 152 0 8.25 5.196152422706632 0 
n 337 0 1.25 12.12435565298214 0 
n 25 0 1.75 0.8660254037844386 0 
n 392 0 8.25 13.856406460551018 0 
n 6 2 6.25 0.0 0 
n 244 0 4.25 8.660254037844386 0 
n 388 0 4.25 13.856406460551018 0 
n 35 0 11.75 0.8660254037844386 0 
n 293 0 5.25 10.392304845413264 0 
n 32 0 8.75 0.8660254037844386 0 
n 267 0 3.75 9.526279441628825 0 
n 22 2 22.25 0.0 0 
n 455 0 23.25 15.588457268119894 0 
n 125 0 5.75 4.330127018922193 0 
n 75 0 3.75 2.598076211353316 0 
n 151 0 7.25 5.196152422706632 0 
n 479 0 23.75 16.454482671904334 0 
n 226 0 10.75 7.794228634059947 0 
n 551 0 23.25 19.05255888325765 0 
n 556 2 4.75 19.918584287042087 0 
n 403 0 19.25 13.856406460551018 0 
n 485 0 5.25 17.32050807568877 0 
n 462 0 6.75 16.454482671904334 0 
n 434 0 2.25 15.588457268119894 0 
n 442 0 10.25 15.588457268119894 0 
n 134 0 14.75 4.330127018922193 0 
n 139 0 19.75 4.330127018922193 0 
n 315 0 3.75 11.258330249197702 0 
n 12 2 12.25 0.0 0 
n 419 0 11.75 14.722431864335457 0 
n 189 0 21.75 6.06217782649107 0 
n 505 0 1.75 18.186533479473212 0 
n 445 0 13.25 15.588457268119894 0 
n 200 0 8.25 6.928203230275509 0 
n 401 0 17.25 13.856406460551018 0 
n 542 0 14.25 19.05255888325765 0 
n 34 0 10.75 0.8660254037844386 0 
n 61 0 13.25 1.7320508075688772 0 
n 492 0 12.25 17.32050807568877 0 
n 565 2 13.75 19.918584287042087 0 
n 155 0 11.25 5.196152422706632 0 
n 523 0 19.75 18.186533479473212 0 
n 256 0 16.25 8.660254037844386 0 
n 383 0 23.75 12.990381056766578 0 
n 338 0 2.25 12.12435565298214 0 
n 318 0 6.75 11.258330249197702 0 
n 126 0 6.75 4.330127018922193 0 
n 273 0 9.75 9.526279441628825 0 
n 133 0 13.75 4.330127018922193 0 
n 201 0 9.25 6.928203230275509 0 
n 371 0 11.75 12.990381056766578 0 
n 303 0 15.25 10.392304845413264 0 
n 330 0 18.75 11.258330249197702 0 
n 101 0 5.25 3.4641016151377544 0 
n 258 0 18.25 8.660254037844386 0 
n 270 0 6.75 9.526279441628825 0 
n 9 2 9.25 0.0 0 
n 68 0 20.25 1.7320508075688772 0 
n 154 0 10.25 5.196152422706632 0 
n 450 0 18.25 15.588457268119894 0 
n 2 2 2.25 0.0 0 
n 146 0 2.25 5.196152422706632 0 
n 366 0 6.75 12.990381056766578 0 
n 320 0 8.75 11.258330249197702 0 
n 342 0 6.25 12.12435565298214 0 
n 561 2 9.75 19.918584287042087 0 
n 522 0 18.75 18.186533479473212 0 
n 437 0 5.25 15.588457268119894 0 
n 298 0 10.25 10.392304845413264 0 
n 336 0 0.25 12.12435565298214 0 
n 509 0 5.75 18.186533479473212 0 
n 202 0 10.25 6.928203230275509 0 
n 374 0 14.75 12.990381056766578 0 
n 314 0 2.75 11.258330249197702 0 
n 414 0 6.75 14.722431864335457 0 
n 504 0 0.75 18.186533479473212 0 
n 198 0 6.25 6.928203230275509 0 
n 184 0 16.75 6.06217782649107 0 
n 165 0 21.25 5.196152422706632 0 
n 88 0 16.75 2.598076211353316 0 
n 108 0 12.25 3.4641016151377544 0 
n 107 0 11.25 3.4641016151377544 0 
n 253 0 13.25 8.660254037844386 0 
n 10 2 10.25 0.0 0 
n 3 2 3.25 0.0 0 
n 443 0 11.25 15.588457268119894 0 
n 223 0 7.75 7.794228634059947 0 
n 76 0 4.75 2.598076211353316 0 
n 188 0 20.75 6.06217782649107 0 
n 140 0 20.75 4.330127018922193 0 
n 503 0 23.25 17.32050807568877 0 
n 238 0 22.75 7.794228634059947 0 
n 142 0 22.75 4.330127018922193 0 
n 313 0 1.75 11.258330249197702 0 
n 283 0 19.75 9.526279441628825 0 
n 74 0 2.75 2.598076211353316 0 
n 559 2 7.75 19.918584287042087 0 
n 284 0 20.75 9.526279441628825 0 
n 280 0 16.75 9.526279441628825 0 
n 161 0 17.25 5.196152422706632 0 
n 72 0 0.75 2.598076211353316 0 
n 251 0 11.25 8.660254037844386 0 
n 213 0 21.25 6.928203230275509 0 
n 33 0 9.75 0.8660254037844386 0 
n 471 0 15.75 16.454482671904334 0 
n 473 0 17.75 16.454482671904334 0 
n 116 0 20.25 3.4641016151377544 0 
n 80 0 8.75 2.598076211353316 0 
n 411 0 3.75 14.722431864335457 0 
n 94 0 22.75 2.598076211353316 0 
n 310 0 22.25 10.392304845413264 0 
n 85 0 13.75 2.598076211353316 0 
n 432 0 0.25 15.588457268119894 0 
n 557 2 5.75 19.918584287042087 0 
n 105 0 9.25 3.4641016151377544 0 
n 380 0 20.75 12.990381056766578 0 
n 436 0 4.25 15.588457268119894 0 
n 242 0 2.25 8.660254037844386 0 
n 425 0 17.75 14.722431864335457 0 
n 55 0 7.25 1.7320508075688772 0 
n 550 0 22.25 19.05255888325765 0 
n 487 0 7.25 17.32050807568877 0 
n 301 0 13.25 10.392304845413264 0 
n 370 0 10.75 12.990381056766578 0 
n 163 0 19.25 5.196152422706632 0 
n 566 2 14.75 19.918584287042087 0 
n 424 0 16.75 14.722431864335457 0 
n 166 0 22.25 5.196152422706632 0 
n 232 0 16.75 7.794228634059947 0 
n 109 0 13.25 3.4641016151377544 0 
n 60 0 12.25 1.7320508075688772 0 
n 175 0 7.75 6.06217782649107 0 
n 181 0 13.75 6.06217782649107 0 
n 54 0 6.25 1.7320508075688772 0 
n 102 0 6.25 3.4641016151377544 0 
n 289 0 1.25 10.392304845413264 0 
n 233 0 17.75 7.794228634059947 0 
n 327 0 15.75 11.258330249197702 0 
n 143 0 23.75 4.330127018922193 0 
n 230 0 14.75 7.794228634059947 0 
n 123 0 3.75 4.330127018922193 0 
n 174 0 6.75 6.06217782649107 0 
n 119 0 23.25 3.4641016151377544 0 
n 350 0 14.25 12.12435565298214 0 
n 19 2 19.25 0.0 0 
n 468 0 12.75 16.454482671904334 0 
n 246 0 6.25 8.660254037844386 0 
n 38 0 14.75 0.8660254037844386 0 
n 136 0 16.75 4.330127018922193 0 
n 541 0 13.25 19.05255888325765 0 
n 236 0 20.75 7.794228634059947 0 
n 440 0 8.25 15.588457268119894 0 
n 305 0 17.25 10.392304845413264 0 
n 177 0 9.75 6.06217782649107 0 
n 114 0 18.25 3.4641016151377544 0 
n 435 0 3.25 15.588457268119894 0 
n 484 0 4.25 17.32050807568877 0 
n 510 0 6.75 18.186533479473212 0 
n 329 0 17.75 11.258330249197702 0 
n 549 0 21.25 19.05255888325765 0 
n 290 0 2.25 10.392304845413264 0 
n 122 0 2.75 4.330127018922193 0 
n 222 0 6.75 7.794228634059947 0 
n 421 0 13.75 14.722431864335457 0 
n 148 0 4.25 5.196152422706632 0 
n 46 0 22.75 0.8660254037844386 0 
n 164 0 20.25 5.196152422706632 0 
n 469 0 13.75 16.454482671904334 0 
n 153 0 9.25 5.196152422706632 0 
n 111 0 15.25 3.4641016151377544 0 
n 439 0 7.25 15.588457268119894 0 
n 575 2 23.75 19.918584287042087 0 
n 508 0 4.75 18.186533479473212 0 
n 309 0 21.25 10.392304845413264 0 
n 24 0 0.75 0.8660254037844386 0 
n 296 0 8.25 10.392304845413264 0 
n 225 0 9.75 7.794228634059947 0 
n 192 0 0.25 6.928203230275509 0 
n 394 0 10.25 13.856406460551018 0 
n 56 0 8.25 1.7320508075688772 0 
n 351 0 15.25 12.12435565298214 0 
n 465 0 9.75 16.454482671904334 0 
n 266 0 2.75 9.526279441628825 0 
n 18 2 18.25 0.0 0 
n 167 0 23.25 5.196152422706632 0 
n 95 0 23.75 2.598076211353316 0 
n 87 0 15.75 2.598076211353316 0 
n 395 0 11.25 13.856406460551018 0 
n 211 0 19.25 6.928203230275509 0 
n 103 0 7.25 3.4641016151377544 0 
n 489 0 9.25 17.32050807568877 0 
n 362 0 2.75 12.990381056766578 0 
n 322 0 10.75 11.258330249197702 0 
n 173 0 5.75 6.06217782649107 0 
n 199 0 7.25 6.928203230275509 0 
n 14 2 14.25 0.0 0 
n 376 0 16.75 12.990381056766578 0 
n 386 0 2.25 13.856406460551018 0 
n 16 2 16.25 0.0 0 
n 156 0 12.25 5.196152422706632 0 
n 243 0 3.25 8.660254037844386 0 
n 359 0 23.25 12.12435565298214 0 
n 319 0 7.75 11.258330249197702 0 
n 525 0 21.75 18.186533479473212 0 
n 333 0 21.75 11.258330249197702 0 
n 110 0 14.25 3.4641016151377544 0 
n 276 0 12.75 9.526279441628825 0 
n 564 2 12.75 19.918584287042087 0 
n 343 0 7.25 12.12435565298214 0 
n 335 0 23.75 11.258330249197702 0 
