b 2028 800 1 1 1 1 0 1
f 0 0.001 0 1 
f 1 0.001 2 3 
f 2 0.001 4 5 
f 3 0.001 6 7 
f 4 0.001 8 9 
f 5 0.001 10 1600 11 
f 6 0.001 12 13 
f 7 0.001 14 1602 15 
f 8 0.001 16 17 
f 9 0.001 18 19 
f 10 0.001 20 1604 21 
f 11 0.001 22 23 
f 12 0.001 24 1605 25 
f 13 0.001 26 27 
f 14 0.001 28 29 
f 15 0.001 30 31 
f 16 0.001 32 1608 1606 33 
f 17 0.001 34 35 
f 18 0.001 36 1610 37 
f 19 0.001 38 1616 1612 1614 39 
f 20 0.001 40 41 
f 21 0.001 42 43 
f 22 0.001 44 45 
f 23 0.001 46 1618 1620 47 
f 24 0.001 48 49 
f 25 0.001 50 1622 1624 51 
f 26 0.001 52 53 
f 27 0.001 54 1626 55 
f 28 0.001 56 57 
f 29 0.001 58 59 
f 30 0.001 60 1628 1630 61 
f 31 0.001 62 63 
f 32 0.001 64 65 
f 33 0.001 66 1632 67 
f 34 0.001 68 69 
f 35 0.001 70 1636 1634 71 
f 36 0.001 72 73 
f 37 0.001 74 75 
f 38 0.001 76 77 
f 39 0.001 78 1638 79 
f 40 0.001 80 81 
f 41 0.001 82 1640 1642 83 
f 42 0.001 84 85 
f 43 0.001 86 87 
f 44 0.001 88 89 
f 45 0.001 90 91 
f 46 0.001 92 93 
f 47 0.001 94 95 
f 48 0.001 96 97 
f 49 0.001 98 99 
f 50 0.001 100 101 
f 51 0.001 102 1644 103 
f 52 0.001 104 1646 1648 105 
f 53 0.001 106 1650 107 
f 54 0.001 108 109 
f 55 0.001 110 1652 111 
f 56 0.001 112 113 
f 57 0.001 114 115 
f 58 0.001 116 1654 117 
f 59 0.001 118 1656 119 
f 60 0.001 120 121 
f 61 0.001 122 1658 123 
f 62 0.001 124 1660 125 
f 63 0.001 126 1662 127 
f 64 0.001 128 129 
f 65 0.001 130 131 
f 66 0.001 132 133 
f 67 0.001 134 135 
f 68 0.001 136 1664 137 
f 69 0.001 138 139 
f 70 0.001 140 141 
f 71 0.001 142 143 
f 72 0.001 144 145 
f 73 0.001 146 147 
f 74 0.001 148 1611 149 
f 75 0.001 150 151 
f 76 0.001 152 153 
f 77 0.001 154 155 
f 78 0.001 156 1666 157 
f 79 0.001 158 1668 159 
f 80 0.001 160 1672 1670 161 
f 81 0.001 162 1674 163 
f 82 0.001 164 165 
f 83 0.001 166 167 
f 84 0.001 168 169 
f 85 0.001 170 171 
f 86 0.001 172 173 
f 87 0.001 174 175 
f 88 0.001 176 177 
f 89 0.001 178 179 
f 90 0.001 180 1676 1678 181 
f 91 0.001 182 1680 1684 1682 183 
f 92 0.001 184 1688 1686 185 
f 93 0.001 186 1690 187 
f 94 0.001 188 1692 1694 189 
f 95 0.001 190 1696 191 
f 96 0.001 192 1698 193 
f 97 0.001 194 195 
f 98 0.001 196 197 
f 99 0.001 198 199 
f 100 0.001 200 201 
f 101 0.001 202 1700 203 
f 102 0.001 204 205 
f 103 0.001 206 207 
f 104 0.001 208 209 
f 105 0.001 210 211 
f 106 0.001 212 213 
f 107 0.001 214 215 
f 108 0.001 216 217 
f 109 0.001 218 219 
f 110 0.001 220 221 
f 111 0.001 222 223 
f 112 0.001 224 225 
f 113 0.001 226 1693 227 
f 114 0.001 228 1704 1702 229 
f 115 0.001 230 1706 1708 231 
f 116 0.001 232 1710 233 
f 117 0.001 234 235 
f 118 0.001 236 1712 237 
f 119 0.001 238 1714 1716 239 
f 120 0.001 240 241 
f 121 0.001 242 243 
f 122 0.001 244 1718 245 
f 123 0.001 246 247 
f 124 0.001 248 1720 249 
f 125 0.001 250 251 
f 126 0.001 252 1724 1722 253 
f 127 0.001 254 255 
f 128 0.001 256 1726 257 
f 129 0.001 258 259 
f 130 0.001 260 1728 261 
f 131 0.001 262 263 
f 132 0.001 264 265 
f 133 0.001 266 1730 267 
f 134 0.001 268 269 
f 135 0.001 270 271 
f 136 0.001 272 273 
f 137 0.001 274 275 
f 138 0.001 276 277 
f 139 0.001 278 279 
f 140 0.001 280 281 
f 141 0.001 282 1732 283 
f 142 0.001 284 1734 1736 285 
f 143 0.001 286 1738 287 
f 144 0.001 288 1740 289 
f 145 0.001 290 1742 291 
f 146 0.001 292 293 
f 147 0.001 294 295 
f 148 0.001 296 1677 297 
f 149 0.001 298 299 
f 150 0.001 300 1744 301 
f 151 0.001 302 1746 303 
f 152 0.001 304 305 
f 153 0.001 306 307 
f 154 0.001 308 309 
f 155 0.001 310 311 
f 156 0.001 312 313 
f 157 0.001 314 1750 1748 315 
f 158 0.001 316 317 
f 159 0.001 318 319 
f 160 0.001 320 1752 321 
f 161 0.001 322 1703 323 
f 162 0.001 324 1754 325 
f 163 0.001 326 1756 1735 327 
f 164 0.001 328 329 
f 165 0.001 330 1613 331 
f 166 0.001 332 333 
f 167 0.001 334 1647 335 
f 168 0.001 336 337 
f 169 0.001 338 339 
f 170 0.001 340 341 
f 171 0.001 342 343 
f 172 0.001 344 1758 345 
f 173 0.001 346 347 
f 174 0.001 348 1629 349 
f 175 0.001 350 351 
f 176 0.001 352 353 
f 177 0.001 354 355 
f 178 0.001 356 357 
f 179 0.001 358 359 
f 180 0.001 360 361 
f 181 0.001 362 363 
f 182 0.001 364 1762 1760 365 
f 183 0.001 366 367 
f 184 0.001 368 369 
f 185 0.001 370 371 
f 186 0.001 372 1764 373 
f 187 0.001 374 1766 375 
f 188 0.001 376 1639 377 
f 189 0.001 378 1635 379 
f 190 0.001 380 1770 1768 381 
f 191 0.001 382 1723 383 
f 192 0.001 384 385 
f 193 0.001 386 1747 387 
f 194 0.001 388 389 
f 195 0.001 390 391 
f 196 0.001 392 393 
f 197 0.001 394 395 
f 198 0.001 396 397 
f 199 0.001 398 1772 399 
f 200 0.001 400 1651 401 
f 201 0.001 402 403 
f 202 0.001 404 405 
f 203 0.001 406 407 
f 204 0.001 408 409 
f 205 0.001 410 1774 411 
f 206 0.001 412 413 
f 207 0.001 414 1776 415 
f 208 0.001 416 1695 417 
f 209 0.001 418 1778 419 
f 210 0.001 420 1701 421 
f 211 0.001 422 1780 423 
f 212 0.001 424 425 
f 213 0.001 426 427 
f 214 0.001 428 429 
f 215 0.001 430 431 
f 216 0.001 432 433 
f 217 0.001 434 1615 1782 435 
f 218 0.001 436 1784 1786 437 
f 219 0.001 438 439 
f 220 0.001 440 1659 441 
f 221 0.001 442 1788 443 
f 222 0.001 444 445 
f 223 0.001 446 1790 447 
f 224 0.001 448 1792 449 
f 225 0.001 450 1794 451 
f 226 0.001 452 1623 1669 453 
f 227 0.001 454 455 
f 228 0.001 456 457 
f 229 0.001 458 1796 459 
f 230 0.001 460 1657 461 
f 231 0.001 462 1798 463 
f 232 0.001 464 1737 465 
f 233 0.001 466 467 
f 234 0.001 468 1802 1800 469 
f 235 0.001 470 471 
f 236 0.001 472 1804 473 
f 237 0.001 474 1767 475 
f 238 0.001 476 477 
f 239 0.001 478 1806 479 
f 240 0.001 480 481 
f 241 0.001 482 1808 483 
f 242 0.001 484 1810 1661 485 
f 243 0.001 486 487 
f 244 0.001 488 1812 489 
f 245 0.001 490 1814 491 
f 246 0.001 492 493 
f 247 0.001 494 495 
f 248 0.001 496 497 
f 249 0.001 498 499 
f 250 0.001 500 1816 501 
f 251 0.001 502 503 
f 252 0.001 504 505 
f 253 0.001 506 507 
f 254 0.001 508 509 
f 255 0.001 510 511 
f 256 0.001 512 513 
f 257 0.001 514 515 
f 258 0.001 516 517 
f 259 0.001 518 519 
f 260 0.001 520 521 
f 261 0.001 522 523 
f 262 0.001 524 1637 525 
f 263 0.001 526 527 
f 264 0.001 528 529 
f 265 0.001 530 531 
f 266 0.001 532 1817 533 
f 267 0.001 534 1818 535 
f 268 0.001 536 537 
f 269 0.001 538 1820 539 
f 270 0.001 540 541 
f 271 0.001 542 543 
f 272 0.001 544 545 
f 273 0.001 546 547 
f 274 0.001 548 1822 549 
f 275 0.001 550 551 
f 276 0.001 552 1824 553 
f 277 0.001 554 555 
f 278 0.001 556 557 
f 279 0.001 558 559 
f 280 0.001 560 1826 1797 561 
f 281 0.001 562 563 
f 282 0.001 564 1733 565 
f 283 0.001 566 1828 1681 567 
f 284 0.001 568 569 
f 285 0.001 570 571 
f 286 0.001 572 573 
f 287 0.001 574 575 
f 288 0.001 576 1830 577 
f 289 0.001 578 1832 579 
f 290 0.001 580 1809 581 
f 291 0.001 582 1836 1834 583 
f 292 0.001 584 1761 585 
f 293 0.001 586 1838 1840 587 
f 294 0.001 588 589 
f 295 0.001 590 591 
f 296 0.001 592 1663 593 
f 297 0.001 594 1844 1842 595 
f 298 0.001 596 597 
f 299 0.001 598 599 
f 300 0.001 600 601 
f 301 0.001 602 1846 1848 603 
f 302 0.001 604 1843 1850 605 
f 303 0.001 606 607 
f 304 0.001 608 1852 609 
f 305 0.001 610 1633 611 
f 306 0.001 612 613 
f 307 0.001 614 1854 615 
f 308 0.001 616 1856 1858 617 
f 309 0.001 618 1833 1743 619 
f 310 0.001 620 1860 621 
f 311 0.001 622 1831 623 
f 312 0.001 624 625 
f 313 0.001 626 627 
f 314 0.001 628 1862 629 
f 315 0.001 630 1864 631 
f 316 0.001 632 633 
f 317 0.001 634 1866 635 
f 318 0.001 636 1619 1799 637 
f 319 0.001 638 639 
f 320 0.001 640 641 
f 321 0.001 642 643 
f 322 0.001 644 1868 645 
f 323 0.001 646 647 
f 324 0.001 648 1870 649 
f 325 0.001 650 1759 651 
f 326 0.001 652 1872 1667 653 
f 327 0.001 654 1874 655 
f 328 0.001 656 657 
f 329 0.001 658 659 
f 330 0.001 660 1876 661 
f 331 0.001 662 663 
f 332 0.001 664 665 
f 333 0.001 666 1880 1878 1627 667 
f 334 0.001 668 669 
f 335 0.001 670 671 
f 336 0.001 672 673 
f 337 0.001 674 1789 1727 675 
f 338 0.001 676 677 
f 339 0.001 678 679 
f 340 0.001 680 681 
f 341 0.001 682 683 
f 342 0.001 684 685 
f 343 0.001 686 687 
f 344 0.001 688 1865 689 
f 345 0.001 690 691 
f 346 0.001 692 693 
f 347 0.001 694 695 
f 348 0.001 696 697 
f 349 0.001 698 699 
f 350 0.001 700 701 
f 351 0.001 702 703 
f 352 0.001 704 1882 705 
f 353 0.001 706 707 
f 354 0.001 708 709 
f 355 0.001 710 1884 711 
f 356 0.001 712 1863 713 
f 357 0.001 714 715 
f 358 0.001 716 717 
f 359 0.001 718 1731 719 
f 360 0.001 720 1886 721 
f 361 0.001 722 723 
f 362 0.001 724 725 
f 363 0.001 726 727 
f 364 0.001 728 1819 729 
f 365 0.001 730 731 
f 366 0.001 732 733 
f 367 0.001 734 1888 735 
f 368 0.001 736 1641 737 
f 369 0.001 738 739 
f 370 0.001 740 1675 741 
f 371 0.001 742 743 
f 372 0.001 744 745 
f 373 0.001 746 747 
f 374 0.001 748 1890 1801 749 
f 375 0.001 750 751 
f 376 0.001 752 753 
f 377 0.001 754 755 
f 378 0.001 756 757 
f 379 0.001 758 759 
f 380 0.001 760 761 
f 381 0.001 762 1699 1867 763 
f 382 0.001 764 1653 765 
f 383 0.001 766 767 
f 384 0.001 768 1857 1892 769 
f 385 0.001 770 1894 771 
f 386 0.001 772 773 
f 387 0.001 774 1896 775 
f 388 0.001 776 777 
f 389 0.001 778 1721 779 
f 390 0.001 780 1898 781 
f 391 0.001 782 1813 1757 783 
f 392 0.001 784 1853 785 
f 393 0.001 786 787 
f 394 0.001 788 789 
f 395 0.001 790 1879 791 
f 396 0.001 792 1900 793 
f 397 0.001 794 795 
f 398 0.001 796 797 
f 399 0.001 798 799 
f 400 0.001 800 1671 801 
f 401 0.001 802 1902 803 
f 402 0.001 804 1904 805 
f 403 0.001 806 1906 807 
f 404 0.001 808 809 
f 405 0.001 810 811 
f 406 0.001 812 1785 813 
f 407 0.001 814 815 
f 408 0.001 816 1908 817 
f 409 0.001 818 1910 819 
f 410 0.001 820 1912 821 
f 411 0.001 822 1835 1914 823 
f 412 0.001 824 825 
f 413 0.001 826 827 
f 414 0.001 828 1901 829 
f 415 0.001 830 1916 1787 831 
f 416 0.001 832 1920 1918 833 
f 417 0.001 834 835 
f 418 0.001 836 837 
f 419 0.001 838 839 
f 420 0.001 840 841 
f 421 0.001 842 843 
f 422 0.001 844 845 
f 423 0.001 846 1922 847 
f 424 0.001 848 1707 1924 849 
f 425 0.001 850 851 
f 426 0.001 852 1645 1673 853 
f 427 0.001 854 855 
f 428 0.001 856 1617 857 
f 429 0.001 858 1691 859 
f 430 0.001 860 861 
f 431 0.001 862 1883 863 
f 432 0.001 864 1926 865 
f 433 0.001 866 867 
f 434 0.001 868 869 
f 435 0.001 870 871 
f 436 0.001 872 1928 873 
f 437 0.001 874 1930 875 
f 438 0.001 876 1931 877 
f 439 0.001 878 879 
f 440 0.001 880 881 
f 441 0.001 882 883 
f 442 0.001 884 1919 1932 885 
f 443 0.001 886 887 
f 444 0.001 888 1934 889 
f 445 0.001 890 891 
f 446 0.001 892 1936 893 
f 447 0.001 894 895 
f 448 0.001 896 897 
f 449 0.001 898 899 
f 450 0.001 900 1940 1938 901 
f 451 0.001 902 903 
f 452 0.001 904 905 
f 453 0.001 906 1827 907 
f 454 0.001 908 909 
f 455 0.001 910 911 
f 456 0.001 912 913 
f 457 0.001 914 1905 915 
f 458 0.001 916 917 
f 459 0.001 918 919 
f 460 0.001 920 1871 921 
f 461 0.001 922 923 
f 462 0.001 924 925 
f 463 0.001 926 927 
f 464 0.001 928 1942 929 
f 465 0.001 930 931 
f 466 0.001 932 1877 933 
f 467 0.001 934 935 
f 468 0.001 936 937 
f 469 0.001 938 1807 939 
f 470 0.001 940 941 
f 471 0.001 942 1795 943 
f 472 0.001 944 1927 945 
f 473 0.001 946 947 
f 474 0.001 948 949 
f 475 0.001 950 1815 1741 1944 951 
f 476 0.001 952 1939 953 
f 477 0.001 954 1946 955 
f 478 0.001 956 1779 957 
f 479 0.001 958 959 
f 480 0.001 960 961 
f 481 0.001 962 963 
f 482 0.001 964 1829 965 
f 483 0.001 966 967 
f 484 0.001 968 1948 1739 969 
f 485 0.001 970 971 
f 486 0.001 972 1950 973 
f 487 0.001 974 1952 975 
f 488 0.001 976 1915 977 
f 489 0.001 978 1954 979 
f 490 0.001 980 981 
f 491 0.001 982 983 
f 492 0.001 984 1839 985 
f 493 0.001 986 987 
f 494 0.001 988 989 
f 495 0.001 990 991 
f 496 0.001 992 1956 993 
f 497 0.001 994 995 
f 498 0.001 996 1958 997 
f 499 0.001 998 1960 999 
f 500 0.001 1000 1859 1001 
f 501 0.001 1002 1003 
f 502 0.001 1004 1005 
f 503 0.001 1006 1007 
f 504 0.001 1008 1009 
f 505 0.001 1010 1011 
f 506 0.001 1012 1895 1013 
f 507 0.001 1014 1015 
f 508 0.001 1016 1017 
f 509 0.001 1018 1019 
f 510 0.001 1020 1021 
f 511 0.001 1022 1607 1023 
f 512 0.001 1024 1025 
f 513 0.001 1026 1962 1027 
f 514 0.001 1028 1665 1945 1029 
f 515 0.001 1030 1031 
f 516 0.001 1032 1887 1033 
f 517 0.001 1034 1035 
f 518 0.001 1036 1964 1037 
f 519 0.001 1038 1705 1039 
f 520 0.001 1040 1655 1643 1041 
f 521 0.001 1042 1966 1875 1881 1043 
f 522 0.001 1044 1970 1968 1897 1045 
f 523 0.001 1046 1047 
f 524 0.001 1048 1049 
f 525 0.001 1050 1773 1051 
f 526 0.001 1052 1053 
f 527 0.001 1054 1055 
f 528 0.001 1056 1763 1609 1057 
f 529 0.001 1058 1603 1059 
f 530 0.001 1060 1061 
f 531 0.001 1062 1063 
f 532 0.001 1064 1065 
f 533 0.001 1066 1837 1067 
f 534 0.001 1068 1069 
f 535 0.001 1070 1071 
f 536 0.001 1072 1073 
f 537 0.001 1074 1075 
f 538 0.001 1076 1077 
f 539 0.001 1078 1079 
f 540 0.001 1080 1081 
f 541 0.001 1082 1083 
f 542 0.001 1084 1972 1085 
f 543 0.001 1086 1087 
f 544 0.001 1088 1089 
f 545 0.001 1090 1091 
f 546 0.001 1092 1093 
f 547 0.001 1094 1095 
f 548 0.001 1096 1947 1097 
f 549 0.001 1098 1974 1099 
f 550 0.001 1100 1976 1101 
f 551 0.001 1102 1103 
f 552 0.001 1104 1105 
f 553 0.001 1106 1107 
f 554 0.001 1108 1715 1719 1109 
f 555 0.001 1110 1111 
f 556 0.001 1112 1113 
f 557 0.001 1114 1717 1115 
f 558 0.001 1116 1117 
f 559 0.001 1118 1978 1791 1119 
f 560 0.001 1120 1121 
f 561 0.001 1122 1980 1123 
f 562 0.001 1124 1125 
f 563 0.001 1126 1982 1127 
f 564 0.001 1128 1129 
f 565 0.001 1130 1131 
f 566 0.001 1132 1133 
f 567 0.001 1134 1851 1135 
f 568 0.001 1136 1729 1137 
f 569 0.001 1138 1139 
f 570 0.001 1140 1141 
f 571 0.001 1142 1969 1709 1143 
f 572 0.001 1144 1781 1145 
f 573 0.001 1146 1984 1147 
f 574 0.001 1148 1986 1988 1149 
f 575 0.001 1150 1151 
f 576 0.001 1152 1769 1153 
f 577 0.001 1154 1929 1155 
f 578 0.001 1156 1745 1951 1157 
f 579 0.001 1158 1990 1159 
f 580 0.001 1160 1161 
f 581 0.001 1162 1163 
f 582 0.001 1164 1165 
f 583 0.001 1166 1167 
f 584 0.001 1168 1169 
f 585 0.001 1170 1171 
f 586 0.001 1172 1855 1173 
f 587 0.001 1174 1175 
f 588 0.001 1176 1992 1177 
f 589 0.001 1178 1687 1179 
f 590 0.001 1180 1181 
f 591 0.001 1182 1994 1183 
f 592 0.001 1184 1185 
f 593 0.001 1186 1601 1187 
f 594 0.001 1188 1923 1189 
f 595 0.001 1190 1191 
f 596 0.001 1192 1193 
f 597 0.001 1194 1996 1195 
f 598 0.001 1196 1197 
f 599 0.001 1198 1199 
f 600 0.001 1200 1201 
f 601 0.001 1202 1203 
f 602 0.001 1204 1845 1925 1823 1205 
f 603 0.001 1206 1963 1207 
f 604 0.001 1208 2000 1725 1998 1209 
f 605 0.001 1210 1985 2002 1211 
f 606 0.001 1212 1955 1213 
f 607 0.001 1214 1215 
f 608 0.001 1216 2004 1217 
f 609 0.001 1218 2006 1219 
f 610 0.001 1220 1893 1221 
f 611 0.001 1222 1223 
f 612 0.001 1224 1903 1225 
f 613 0.001 1226 1227 
f 614 0.001 1228 1229 
f 615 0.001 1230 1231 
f 616 0.001 1232 2008 1821 1233 
f 617 0.001 1234 1987 1235 
f 618 0.001 1236 1237 
f 619 0.001 1238 1239 
f 620 0.001 1240 1999 1241 
f 621 0.001 1242 1243 
f 622 0.001 1244 1245 
f 623 0.001 1246 1247 
f 624 0.001 1248 1249 
f 625 0.001 1250 1621 1251 
f 626 0.001 1252 1981 1697 1253 
f 627 0.001 1254 2005 1255 
f 628 0.001 1256 1257 
f 629 0.001 1258 2010 1259 
f 630 0.001 1260 1261 
f 631 0.001 1262 1263 
f 632 0.001 1264 1265 
f 633 0.001 1266 1793 1267 
f 634 0.001 1268 1269 
f 635 0.001 1270 2012 1271 
f 636 0.001 1272 1273 
f 637 0.001 1274 2014 1275 
f 638 0.001 1276 1277 
f 639 0.001 1278 1279 
f 640 0.001 1280 1281 
f 641 0.001 1282 1283 
f 642 0.001 1284 1911 1285 
f 643 0.001 1286 1287 
f 644 0.001 1288 1783 1289 
f 645 0.001 1290 1869 1291 
f 646 0.001 1292 1293 
f 647 0.001 1294 2016 1295 
f 648 0.001 1296 1825 1297 
f 649 0.001 1298 1299 
f 650 0.001 1300 1301 
f 651 0.001 1302 1303 
f 652 0.001 1304 1305 
f 653 0.001 1306 1307 
f 654 0.001 1308 1965 1309 
f 655 0.001 1310 1311 
f 656 0.001 1312 1313 
f 657 0.001 1314 1967 1847 1315 
f 658 0.001 1316 1317 
f 659 0.001 1318 1319 
f 660 0.001 1320 2018 2001 1765 1321 
f 661 0.001 1322 2011 1323 
f 662 0.001 1324 2020 1325 
f 663 0.001 1326 1327 
f 664 0.001 1328 1329 
f 665 0.001 1330 2022 1713 1331 
f 666 0.001 1332 1333 
f 667 0.001 1334 1335 
f 668 0.001 1336 1337 
f 669 0.001 1338 1339 
f 670 0.001 1340 2021 1341 
f 671 0.001 1342 2024 1953 1343 
f 672 0.001 1344 1899 1683 1345 
f 673 0.001 1346 1347 
f 674 0.001 1348 1771 1649 1349 
f 675 0.001 1350 1711 1351 
f 676 0.001 1352 1805 1353 
f 677 0.001 1354 1907 1355 
f 678 0.001 1356 1979 1357 
f 679 0.001 1358 1949 1997 1359 
f 680 0.001 1360 1755 2026 1361 
f 681 0.001 1362 1685 1363 
f 682 0.001 1364 1365 
f 683 0.001 1366 1367 
f 684 0.001 1368 2009 1369 
f 685 0.001 1370 1371 
f 686 0.001 1372 1995 1937 1373 
f 687 0.001 1374 1375 
f 688 0.001 1376 1377 
f 689 0.001 1378 1379 
f 690 0.001 1380 1957 1381 
f 691 0.001 1382 1383 
f 692 0.001 1384 1385 
f 693 0.001 1386 1387 
f 694 0.001 1388 1891 1389 
f 695 0.001 1390 2013 1391 
f 696 0.001 1392 1393 
f 697 0.001 1394 1395 
f 698 0.001 1396 1993 1397 
f 699 0.001 1398 1399 
f 700 0.001 1400 1401 
f 701 0.001 1402 1933 1403 
f 702 0.001 1404 1405 
f 703 0.001 1406 1407 
f 704 0.001 1408 1409 
f 705 0.001 1410 1411 
f 706 0.001 1412 1975 1413 
f 707 0.001 1414 1415 
f 708 0.001 1416 1417 
f 709 0.001 1418 1419 
f 710 0.001 1420 1421 
f 711 0.001 1422 2025 1423 
f 712 0.001 1424 1425 
f 713 0.001 1426 1803 1427 
f 714 0.001 1428 1429 
f 715 0.001 1430 1431 
f 716 0.001 1432 2023 1433 
f 717 0.001 1434 1625 1435 
f 718 0.001 1436 1679 1437 
f 719 0.001 1438 1439 
f 720 0.001 1440 1961 1441 
f 721 0.001 1442 1443 
f 722 0.001 1444 2017 1445 
f 723 0.001 1446 1447 
f 724 0.001 1448 1449 
f 725 0.001 1450 1973 1451 
f 726 0.001 1452 2027 1631 1453 
f 727 0.001 1454 1455 
f 728 0.001 1456 1457 
f 729 0.001 1458 1459 
f 730 0.001 1460 1921 1461 
f 731 0.001 1462 1749 2019 1463 
f 732 0.001 1464 1465 
f 733 0.001 1466 2015 1467 
f 734 0.001 1468 1469 
f 735 0.001 1470 1471 
f 736 0.001 1472 1473 
f 737 0.001 1474 1475 
f 738 0.001 1476 1477 
f 739 0.001 1478 1479 
f 740 0.001 1480 1481 
f 741 0.001 1482 1483 
f 742 0.001 1484 1485 
f 743 0.001 1486 1909 1487 
f 744 0.001 1488 1489 
f 745 0.001 1490 1491 
f 746 0.001 1492 1689 1913 1493 
f 747 0.001 1494 1753 1495 
f 748 0.001 1496 1989 1497 
f 749 0.001 1498 1991 1499 
f 750 0.001 1500 1501 
f 751 0.001 1502 2007 1503 
f 752 0.001 1504 1505 
f 753 0.001 1506 1983 1507 
f 754 0.001 1508 1861 1509 
f 755 0.001 1510 1849 1511 
f 756 0.001 1512 1513 
f 757 0.001 1514 1515 
f 758 0.001 1516 1517 
f 759 0.001 1518 1519 
f 760 0.001 1520 1811 1873 1521 
f 761 0.001 1522 1943 1523 
f 762 0.001 1524 1525 
f 763 0.001 1526 1527 
f 764 0.001 1528 1529 
f 765 0.001 1530 1531 
f 766 0.001 1532 1533 
f 767 0.001 1534 1535 
f 768 0.001 1536 1537 
f 769 0.001 1538 1841 1539 
f 770 0.001 1540 1541 
f 771 0.001 1542 1543 
f 772 0.001 1544 1935 1545 
f 773 0.001 1546 1547 
f 774 0.001 1548 1549 
f 775 0.001 1550 1959 1551 
f 776 0.001 1552 1777 1553 
f 777 0.001 1554 1555 
f 778 0.001 1556 1557 
f 779 0.001 1558 1559 
f 780 0.001 1560 1775 1561 
f 781 0.001 1562 1563 
f 782 0.001 1564 1971 1565 
f 783 0.001 1566 1567 
f 784 0.001 1568 1569 
f 785 0.001 1570 1885 1571 
f 786 0.001 1572 1573 
f 787 0.001 1574 1575 
f 788 0.001 1576 1577 
f 789 0.001 1578 1579 
f 790 0.001 1580 1941 1581 
f 791 0.001 1582 1977 1583 
f 792 0.001 1584 1751 1585 
f 793 0.001 1586 1587 
f 794 0.001 1588 1917 1589 
f 795 0.001 1590 1591 
f 796 0.001 1592 1593 
f 797 0.001 1594 1595 
f 798 0.001 1596 2003 1597 
f 799 0.001 1598 1889 1599 
n 0 1 0.0253707 0.0505074 0.420225
n 1 1 -0.0252808 0.289622 -0.0148146
n 2 2 0.196324 0 0.791202
n 3 1 0.625522 0.0702257 0.802491
n 4 2 0.0490663 0 0.0196061
n 5 1 0.320715 0.252326 0.322224
n 6 1 -0.0956188 0.789953 1.20635
n 7 1 0.142469 0.716582 0.773991
n 8 2 0.539909 1 0.919063
n 9 1 0.662593 0.665816 0.647764
n 10 1 1.01875 0.103229 0.759913
n 11 1 0.827386 0.555623 0.672037
n 12 1 1.07188 0.867048 0.762052
n 13 1 0.67309 0.79153 0.471775
n 14 1 0.65709 0.556852 -0.0675118
n 15 1 0.502048 0.199714 0.244603
n 16 1 0.196417 0.807709 0.440996
n 17 1 0.241522 0.921329 -0.0427986
n 18 1 0.311536 0.223961 0.414024
n 19 1 0.77985 0.0626868 0.353412
n 20 1 0.303764 0.5717 0.222727
n 21 1 0.0321051 0.153672 0.244061
n 22 1 0.653638 0.821749 1.06579
n 23 1 0.602888 0.933625 0.582148
n 24 1 0.0856246 0.203821 0.602414
n 25 1 0.222607 0.451869 0.191672
n 26 1 0.249992 0.170001 0.136773
n 27 1 0.0548811 0.345188 0.561322
n 28 2 -0.037921 1 0.0938224
n 29 1 0.120886 0.776215 0.314307
n 30 1 -0.039474 0.824257 0.695133
n 31 1 0.306287 0.506554 0.863997
n 32 1 0.905346 0.767465 0.0996353
n 33 2 0.918102 1 0.238079
n 34 1 0.265533 0.464441 0.180416
n 35 2 0.42229 0 0.170582
n 36 1 0.362879 0.120308 0.741358
n 37 1 0.832877 0.251874 0.845249
n 38 2 0.479096 1 0.0767565
n 39 1 0.60396 0.581683 0.309069
n 40 1 0.359332 0.220831 -0.0312423
n 41 1 0.141022 0.384261 0.386648
n 42 1 0.209309 0.0755356 0.685244
n 43 1 -0.0388923 0.124355 0.255112
n 44 1 0.145329 0.609356 0.277641
n 45 1 -0.116308 0.280802 0.547083
n 46 1 -0.0247244 0.357847 0.31086
n 47 1 0.443002 0.322703 0.481147
n 48 1 -0.121646 0.343466 0.874785
n 49 1 0.287059 0.351143 0.588599
n 50 1 0.469769 0.285322 0.575103
n 51 2 0.794194 0 0.450945
n 52 1 0.604377 0.245348 0.396485
n 53 2 0.675838 0 0.620174
n 54 1 0.361326 0.804151 0.869354
n 55 2 0.796775 1 0.783225
n 56 1 0.391383 0.0502198 0.317105
n 57 2 -0.00403464 0 0.299084
n 58 1 0.575609 0.160262 -0.125498
n 59 1 0.606766 0.245535 0.365174
n 60 1 0.985228 0.583914 0.400969
n 61 1 0.660547 0.656151 0.772944
n 62 1 0.963126 0.685729 0.950534
n 63 1 0.894695 0.203123 0.84372
n 64 1 0.702732 0.0114385 0.658011
n 65 1 0.967054 0.213395 0.286059
n 66 2 0.866083 0 0.0919513
n 67 1 1.06919 0.455278 0.112301
n 68 1 0.321175 0.310675 0.827095
n 69 1 -0.112139 0.108123 0.969266
n 70 1 0.218126 0.506223 0.727462
n 71 1 -0.132498 0.834609 0.592456
n 72 1 0.195407 0.997274 0.518072
n 73 1 0.633701 0.914159 0.294485
n 74 2 0.911235 0 0.0298776
n 75 1 0.896971 0.243844 0.276043
n 76 2 0.839197 0 0.0303584
n 77 1 1.11554 0.270359 0.267858
n 78 1 0.827891 0.470114 0.607708
n 79 1 1.08886 0.759049 0.295594
n 80 1 0.482687 0.224263 0.904615
n 81 1 0.965232 0.251922 1.02866
n 82 1 1.06278 0.383175 0.153399
n 83 1 0.601169 0.282942 -0.0074304
n 84 1 0.32705 0.99934 0.555063
n 85 1 0.613506 0.615231 0.415763
n 86 1 0.0347996 0.526821 0.800644
n 87 1 0.232332 0.170851 0.512084
n 88 2 0.439365 1 0.644615
n 89 1 0.599927 0.821385 0.981474
n 90 1 0.357407 0.350353 0.167709
n 91 1 0.672592 0.722184 0.274488
n 92 1 0.767148 0.446333 0.828522
n 93 1 0.971216 0.118837 0.512131
n 94 1 0.487875 0.607436 0.532777
n 95 1 0.719459 0.601751 0.0908065
n 96 1 0.845455 0.492955 0.565831
n 97 1 0.357441 0.529958 0.468496
n 98 1 0.563928 0.776869 0.514444
n 99 1 0.231117 0.867792 0.874959
n 100 1 0.457527 0.409066 0.408985
n 101 1 -0.0387923 0.358078 0.417226
n 102 2 0.954051 1 0.739886
n 103 1 0.662494 0.936629 0.893341
n 104 1 0.804397 0.390551 0.369339
n 105 1 0.395018 0.606373 0.182708
n 106 2 0.302925 1 0.371648
n 107 1 0.54761 0.696812 0.481316
n 108 2 0.867724 1 0.509727
n 109 1 0.968085 0.550009 0.417405
n 110 1 0.619651 0.307922 1.05774
n 111 1 0.242955 0.547454 0.834743
n 112 2 0.169809 0 0.927408
n 113 1 -0.0501855 0.0804271 1.01881
n 114 1 0.325911 0.840761 0.49838
n 115 1 0.644478 0.782545 0.118739
n 116 2 0.909595 0 0.710535
n 117 1 0.76173 0.389716 0.973925
n 118 1 0.889095 0.640984 0.533634
n 119 1 0.437031 0.790874 0.68254
n 120 1 0.338342 0.718801 0.25125
n 121 2 0.210173 1 0.0164432
n 122 1 0.376565 0.45819 0.286761
n 123 1 0.0966553 0.374338 0.691261
n 124 1 0.922091 0.390777 1.10098
n 125 1 0.589514 0.313369 0.737106
n 126 1 0.16618 0.768114 1.00414
n 127 1 -0.0274803 0.385783 0.748559
n 128 2 0.157234 1 0.638392
n 129 1 0.309024 0.795172 0.726553
n 130 2 0.609707 0 0.777745
n 131 1 0.470251 0.324395 0.810199
n 132 1 0.428631 0.884134 0.628257
n 133 1 0.553973 0.401923 0.65588
n 134 1 0.23075 0.142615 0.389418
n 135 1 0.717982 0.0597598 0.458274
n 136 1 -0.119171 0.147894 0.263376
n 137 1 0.358741 0.164813 0.405908
n 138 1 0.413255 0.983458 0.39707
n 139 1 0.747684 0.720102 0.136682
n 140 1 0.731872 0.625823 0.0620343
n 141 1 1.02868 0.868375 0.381528
n 142 1 0.525621 0.112381 0.678077
n 143 1 0.0535748 0.260334 0.612633
n 144 1 0.687761 0.156865 0.902218
n 145 2 0.966098 0 0.731937
n 146 1 0.445069 0.387852 0.268103
n 147 1 0.0910384 0.0368866 0.290167
n 148 1 0.41862 0.123718 0.753198
n 149 1 0.268516 0.5977 0.795757
n 150 1 0.024922 0.27965 0.639377
n 151 2 0.0113696 -3.72529e-09 0.496081
n 152 1 0.721787 0.506079 0.573022
n 153 1 0.718386 0.0707245 0.329187
n 154 1 0.365352 0.568147 0.395205
n 155 1 0.138786 0.672647 -0.0369393
n 156 1 0.575095 0.141192 0.173328
n 157 1 0.148952 0.320662 -0.0142707
n 158 1 0.174969 0.399545 0.210299
n 159 2 0.299576 0 0.409644
n 160 1 0.918268 0.962326 0.808069
n 161 1 0.74624 0.497715 0.867604
n 162 1 0.863164 0.929718 0.416326
n 163 1 0.953698 0.789768 0.886665
n 164 1 0.430642 0.457543 0.88668
n 165 1 0.113837 0.0770574 0.824498
n 166 1 0.0439996 0.0325713 1.17538
n 167 1 0.0741322 0.305643 0.758815
n 168 2 0.720616 0 0.649936
n 169 1 0.712009 0.154104 0.445441
n 170 1 1.00753 0.935498 0.507901
n 171 1 0.61542 0.711139 0.29598
n 172 1 0.658036 0.700317 0.648137
n 173 1 0.659296 0.238282 0.45966
n 174 1 0.642863 0.263365 0.144846
n 175 2 0.726772 0 0.250904
n 176 1 0.202084 0.837097 0.341867
n 177 1 0.384426 0.573585 0.724377
n 178 1 0.442574 0.689612 0.497102
n 179 1 0.276688 0.79104 0.0375423
n 180 1 0.122091 0.850062 0.222199
n 181 1 0.620461 0.875123 0.221608
n 182 1 0.130518 0.216554 0.0223938
n 183 1 -0.0147795 0.600713 0.305787
n 184 1 0.35034 0.0625394 1.01063
n 185 1 0.479487 0.54242 0.965494
n 186 1 0.422703 0.333578 0.123575
n 187 1 0.684057 0.102183 0.480158
n 188 1 0.364337 0.501948 0.371637
n 189 1 0.369117 0.0674414 0.616958
n 190 1 0.879055 0.656563 1.04119
n 191 1 0.903899 0.288719 0.704923
n 192 1 0.730794 0.269255 0.448346
n 193 1 1.09209 0.187318 0.78264
n 194 1 0.245206 0.577236 0.934938
n 195 1 0.70984 0.44317 1.058
n 196 1 0.576291 0.297785 0.833885
n 197 1 0.436054 0.62325 0.482591
n 198 2 0.760936 0 0.624839
n 199 1 0.816302 0.241913 0.493459
n 200 1 1.11327 0.800883 1.01561
n 201 1 0.793417 0.880451 0.640955
n 202 1 0.568423 0.618525 0.199623
n 203 1 0.517061 0.783121 0.667887
n 204 1 0.707457 0.983841 0.411447
n 205 1 0.548941 0.608442 0.699456
n 206 1 0.373651 0.237587 0.371042
n 207 1 -0.031608 0.517705 0.29167
n 208 1 0.59897 0.898638 0.604019
n 209 2 0.525011 1 0.296372
n 210 1 0.7271 0.473132 0.597161
n 211 1 0.629169 0.00196323 0.72911
n 212 1 0.216357 0.398809 0.584264
n 213 1 0.680509 0.22971 0.654759
n 214 1 0.628149 0.444947 0.20677
n 215 1 0.929287 0.524265 0.596675
n 216 1 0.596307 0.877614 0.876452
n 217 1 0.828636 0.564316 0.565215
n 218 1 0.46013 0.127203 -0.182442
n 219 2 0.276747 0 0.132816
n 220 1 0.81241 0.158072 0.855395
n 221 1 0.445709 0.4954 0.882621
n 222 1 0.427001 0.147611 0.762642
n 223 1 0.799542 0.322605 1.04476
n 224 1 0.0435866 0.646661 0.653312
n 225 2 0.0459776 1 0.841898
n 226 1 0.178076 0.703152 0.629815
n 227 1 0.417128 0.371675 0.343496
n 228 1 0.0956758 0.0808049 0.857874
n 229 1 0.0412309 0.544951 1.03282
n 230 1 0.843716 0.227011 0.721061
n 231 1 1.05749 0.656279 0.583104
n 232 1 0.310783 0.303601 0.519958
n 233 1 -0.0508191 0.435753 0.837418
n 234 1 0.711763 0.816223 0.60408
n 235 1 0.662212 0.349392 0.773237
n 236 1 0.782291 0.742319 0.697245
n 237 1 0.722997 0.995307 0.271237
n 238 1 0.530782 0.888231 0.778327
n 239 1 0.519776 0.566704 0.396881
n 240 2 0.22694 0 0.312889
n 241 1 -0.0546663 0.140237 0.401172
n 242 1 0.343946 0.686763 0.450175
n 243 1 0.43117 0.945258 0.867995
n 244 1 0.37373 0.902125 0.434286
n 245 1 0.667922 0.697079 0.781285
n 246 1 0.992217 0.173968 0.679879
n 247 1 0.923774 0.645929 0.533014
n 248 1 0.242625 0.425128 0.743452
n 249 1 -0.145731 0.731828 0.679302
n 250 1 0.0835828 0.421649 0.451259
n 251 1 0.468657 0.737201 0.417404
n 252 1 0.860887 0.635037 0.453168
n 253 1 1.05254 0.244262 0.209106
n 254 1 0.443348 0.513866 0.679573
n 255 1 0.00348087 0.383392 0.875772
n 256 1 0.951015 0.656575 0.662844
n 257 2 0.672393 1 0.519171
n 258 1 1.17291 0.0420222 0.0345653
n 259 1 0.769337 0.250333 0.241291
n 260 1 0.709026 0.244624 0.708486
n 261 1 0.608927 0.710965 0.561833
n 262 1 0.967927 0.861386 0.0793651
n 263 1 0.567724 0.563364 0.0747275
n 264 1 0.719458 0.64309 0.558171
n 265 1 0.907799 0.68012 0.0975656
n 266 1 1.07548 0.557289 1.00129
n 267 1 0.806588 0.842883 0.692851
n 268 1 0.842928 0.928643 0.732514
n 269 1 0.780522 0.639418 1.13433
n 270 1 0.802592 0.243882 0.787618
n 271 2 0.447886 0 0.85235
n 272 1 0.453296 0.196653 0.520655
n 273 1 0.307998 0.234527 0.996528
n 274 1 0.640885 0.42622 0.52982
n 275 1 0.572082 0.693927 0.114368
n 276 1 0.932715 0.311757 0.727131
n 277 1 0.998033 0.804844 0.767129
n 278 1 0.81552 0.512298 0.533572
n 279 1 0.94211 0.055267 0.378334
n 280 1 -0.185242 0.180501 0.208816
n 281 2 0.101426 0 0.303837
n 282 1 0.247512 0.927876 0.481549
n 283 1 0.0471063 0.592098 0.171562
n 284 1 1.10808 0.427159 0.554044
n 285 1 0.63642 0.515622 0.417263
n 286 1 0.361917 0.934467 0.223815
n 287 1 0.188013 0.753107 0.654938
n 288 1 0.0481197 0.394837 0.082579
n 289 2 0.086606 0 0.322843
n 290 1 0.407294 0.60474 0.0666508
n 291 1 0.213634 0.186922 0.258811
n 292 1 0.280209 0.298981 0.384598
n 293 1 0.0112382 0.170435 0.784762
n 294 1 0.228229 0.794474 0.904876
n 295 1 0.706198 0.908364 0.817837
n 296 2 0.379286 1 0.0979868
n 297 1 0.397918 0.681859 0.392619
n 298 1 0.0503985 0.189055 0.648324
n 299 1 0.0601126 0.294275 0.16064
n 300 1 0.555832 0.855306 0.537997
n 301 1 0.757041 0.824597 0.0823952
n 302 1 0.96421 0.0944476 0.531512
n 303 1 0.88855 0.511119 0.795446
n 304 1 0.52804 0.30431 0.0286236
n 305 2 0.661371 -7.45058e-09 0.213189
n 306 1 0.84414 0.529073 0.760821
n 307 1 0.769725 0.34605 0.3026
n 308 2 0.579173 0 0.276795
n 309 1 0.402861 0.166992 0.210512
n 310 1 0.908205 0.37677 -0.116629
n 311 1 0.600876 0.466348 0.266158
n 312 1 0.901914 0.143753 0.449119
n 313 1 0.976444 0.0893761 0.939516
n 314 1 -0.0865216 0.711344 0.259548
n 315 1 0.272536 0.382204 0.367925
n 316 1 0.71075 0.637381 0.728058
n 317 1 0.413221 0.566485 1.12233
n 318 1 0.645354 0.0212133 0.624485
n 319 1 0.225232 0.0413401 0.892989
n 320 1 0.466033 0.575997 0.00493477
n 321 1 0.761353 0.566561 0.407052
n 322 1 -0.00948579 0.316171 0.373992
n 323 1 0.0572755 0.53996 -0.0669873
n 324 2 0.419204 1 0.78178
n 325 1 0.890286 0.852311 0.781074
n 326 1 -0.0546771 0.138249 0.502379
n 327 1 0.167969 0.578684 0.576185
n 328 1 0.455341 0.919861 0.17207
n 329 2 0.903574 1 -0.0117977
n 330 1 0.451025 0.573142 0.457269
n 331 1 0.598703 0.866077 0.0812608
n 332 1 0.0965847 0.30575 0.785275
n 333 2 0.158996 0 0.653051
n 334 1 0.681717 0.243123 0.618233
n 335 1 0.869913 0.479274 0.220972
n 336 1 0.0532407 0.685152 -0.071201
n 337 1 0.143599 0.969967 0.328445
n 338 1 0.778141 0.345291 -0.0227417
n 339 1 0.324027 0.389687 0.179274
n 340 1 0.653692 0.284515 0.788731
n 341 1 0.273009 0.477761 1.04707
n 342 1 0.533376 0.697662 0.831141
n 343 2 0.213826 1 0.644677
n 344 1 0.767643 0.704736 0.982333
n 345 1 0.39349 0.37554 1.00765
n 346 1 0.0934141 0.389575 0.617802
n 347 1 0.324124 0.57232 1.02076
n 348 1 0.325779 0.821983 0.654725
n 349 1 -0.0404025 0.581946 0.415362
n 350 1 0.992952 0.121644 0.364942
n 351 2 0.929017 0 0.588971
n 352 1 0.206409 0.389365 0.176858
n 353 1 0.192987 0.862038 0.336235
n 354 1 0.592948 0.276204 0.92395
n 355 2 0.839704 0 0.946607
n 356 2 0.815865 0 0.421786
n 357 1 0.738896 0.0464701 0.667669
n 358 1 0.6471 0.397592 0.902996
n 359 1 1.10693 0.376281 0.710374
n 360 1 -0.0406266 0.440196 0.151087
n 361 1 0.449836 0.530247 0.132708
n 362 1 0.524121 0.528003 0.254831
n 363 1 0.347435 0.381985 -0.188409
n 364 1 -0.208248 0.752882 0.0543085
n 365 1 0.247806 0.707007 0.251568
n 366 1 0.468218 0.138582 0.258824
n 367 2 0.508127 0 0.0326135
n 368 1 0.115959 0.50571 0.841508
n 369 1 -0.0901345 0.0884325 1.02152
n 370 1 0.407598 0.392439 0.994808
n 371 1 0.711067 0.717291 0.76814
n 372 1 0.695646 0.473818 0.545221
n 373 1 1.15634 0.599889 0.400752
n 374 1 0.358975 0.751901 0.391257
n 375 1 -0.122531 0.651361 0.475186
n 376 1 0.146793 0.489358 0.218019
n 377 1 -0.143495 0.683785 0.574295
n 378 1 0.0525194 0.521193 0.698473
n 379 1 0.467572 0.798178 0.695059
n 380 1 0.497332 0.804759 0.330515
n 381 1 0.686757 0.353919 0.231202
n 382 1 0.206402 0.699851 0.582135
n 383 1 -0.156534 0.470229 0.328063
n 384 1 0.472808 0.358339 0.340653
n 385 1 0.371518 0.0773322 -0.0590677
n 386 1 -0.0433671 0.129434 0.555689
n 387 1 0.19402 0.0457574 0.124821
n 388 1 0.564719 0.854446 0.376616
n 389 1 0.569117 0.542607 0.766151
n 390 2 0.580902 1 0.568983
n 391 1 0.403579 0.8161 0.424277
n 392 1 0.177841 0.638312 1.16981
n 393 1 -0.119854 0.482775 0.800775
n 394 1 1.11255 0.129921 0.808945
n 395 1 0.692642 0.172411 1.07517
n 396 1 1.05185 0.725825 0.0721802
n 397 1 0.781911 0.804049 0.484508
n 398 1 -0.120679 0.388394 0.313766
n 399 1 0.359971 0.477607 0.413857
n 400 1 0.135194 0.930535 0.193759
n 401 1 0.501625 0.937102 0.532412
n 402 1 0.370138 0.253919 0.554595
n 403 1 0.858683 0.152601 0.546831
n 404 1 0.0928737 0.500862 0.355972
n 405 1 0.014079 0.21197 0.755138
n 406 1 0.611461 0.0246215 0.366965
n 407 1 0.831354 0.117706 -0.0711943
n 408 1 0.130936 0.104343 -0.0377792
n 409 2 0.255948 0 0.169634
n 410 1 0.29626 0.317699 0.77702
n 411 1 0.656009 0.631934 0.921375
n 412 1 0.275062 0.591868 0.0660662
n 413 1 0.555101 0.200621 0.198372
n 414 1 0.0351719 0.757869 0.658452
n 415 2 0.204099 1 0.756003
n 416 1 0.431416 0.481239 0.59606
n 417 1 0.281032 0.0935766 0.320192
n 418 2 0.580541 1 0.62683
n 419 1 0.738009 0.688064 0.82508
n 420 1 0.699893 0.635238 0.210715
n 421 1 0.229263 0.650722 0.375849
n 422 1 0.524582 0.650243 0.090928
n 423 1 0.149798 0.3618 0.250109
n 424 1 0.161859 0.0856805 0.184491
n 425 1 0.369818 0.533831 0.2546
n 426 1 0.475307 0.718883 0.832833
n 427 1 0.589037 0.245294 0.94137
n 428 1 0.821077 0.71257 0.342539
n 429 1 0.854034 0.539325 -0.12426
n 430 1 0.371476 0.0716584 0.36306
n 431 1 0.615831 0.256703 -0.0307035
n 432 1 1.15084 0.330873 0.716033
n 433 1 0.789923 0.417854 1.04946
n 434 1 0.46702 0.388113 0.463775
n 435 1 0.660388 0.753497 0.184303
n 436 1 0.86451 0.483361 1.02292
n 437 1 0.986941 0.897256 0.772515
n 438 1 0.185886 0.671221 0.634853
n 439 1 -0.163198 0.494012 0.325437
n 440 1 0.36934 0.598161 0.329619
n 441 1 0.135411 0.250526 0.600594
n 442 1 0.180222 0.537867 0.605241
n 443 1 -0.141452 0.912057 0.679458
n 444 1 0.845088 0.377675 0.351039
n 445 1 0.753108 0.134457 0.776934
n 446 2 1.06758 0 0.145121
n 447 1 0.796262 0.249303 -0.0817325
n 448 2 0.0268383 0 0.225226
n 449 1 0.356834 0.312183 0.381773
n 450 2 0.851147 0 0.628216
n 451 1 0.86258 0.260637 0.635333
n 452 1 0.552207 0.29436 0.656545
n 453 1 0.221478 0.23662 0.287377
n 454 1 0.320836 0.514032 0.610892
n 455 1 0.404581 0.0999386 0.345346
n 456 1 0.306947 0.673047 -0.117291
n 457 1 0.448901 0.900655 0.303476
n 458 1 0.813648 0.551756 0.100742
n 459 1 1.12546 0.20348 -0.0738369
n 460 1 0.406073 0.98638 0.588733
n 461 1 0.559218 0.541605 0.755234
n 462 1 0.463271 0.352309 0.466988
n 463 1 -0.00977452 0.365695 0.308716
n 464 1 0.50702 0.490549 0.464321
n 465 1 0.984954 0.557302 0.337341
n 466 2 0.261441 0 1.02739
n 467 1 0.25124 0.330009 0.915682
n 468 1 0.909194 0.938856 -0.0984549
n 469 1 0.579065 0.789597 0.244674
n 470 2 0.142419 1 0.135451
n 471 1 0.0553464 0.958875 -0.109283
n 472 1 1.04456 0.706886 -0.130555
n 473 2 0.877337 1 0.104664
n 474 1 0.187115 0.520483 -0.0180503
n 475 1 0.172547 0.718987 0.439536
n 476 1 0.259321 0.202675 -0.0490243
n 477 2 0.09105 0 0.014839
n 478 1 1.1465 0.876588 0.26886
n 479 1 0.730808 0.830997 0.541109
n 480 1 0.624746 0.647735 -0.017341
n 481 1 0.221673 0.811738 0.226864
n 482 1 0.853343 0.338079 0.227705
n 483 1 0.87828 0.821879 0.108056
n 484 1 0.435574 0.48706 1.01556
n 485 1 0.858842 0.286818 0.843086
n 486 1 0.84479 0.762136 -0.134169
n 487 1 0.826676 0.540928 0.312754
n 488 2 0.767821 -3.72529e-09 0.624475
n 489 1 1.05278 0.199919 0.561261
n 490 1 -0.185019 0.387166 0.0484617
n 491 1 0.215896 0.0905147 0.0647905
n 492 1 0.832365 0.624027 0.079117
n 493 2 0.631959 1 0.00916709
n 494 2 0.823961 0 0.0559132
n 495 1 0.626365 0.269294 0.0568847
n 496 1 0.516836 0.663061 0.109894
n 497 1 0.08973 0.860007 -0.0568218
n 498 1 -0.0168318 0.00414654 0.386278
n 499 2 0.307211 0 0.632949
n 500 1 0.061661 0.63662 0.809749
n 501 1 0.523433 0.456243 0.752905
n 502 2 0.9547 -1.86265e-09 0.106272
n 503 1 0.822995 0.104253 -0.165844
n 504 1 0.465483 0.343326 0.673206
n 505 1 0.064787 0.338152 0.970555
n 506 1 0.236839 0.0735248 0.125879
n 507 1 0.53929 0.454212 0.238135
n 508 1 0.774973 0.65182 1.07698
n 509 1 1.07424 0.555484 0.689478
n 510 1 0.483199 0.888309 0.789077
n 511 2 0.299608 1 1.07021
n 512 1 0.359707 0.510837 -0.173131
n 513 1 0.466031 0.681019 0.283743
n 514 1 0.315564 0.381034 0.635557
n 515 1 0.73589 0.322349 0.373101
n 516 1 1.1344 0.322402 0.303368
n 517 1 0.675154 0.452489 0.448883
n 518 1 0.148483 0.7888 0.924579
n 519 1 0.323874 0.333985 1.03127
n 520 1 0.0779847 0.324638 0.886663
n 521 1 0.384426 0.694564 1.02176
n 522 1 0.180194 0.719935 0.0146917
n 523 1 0.662621 0.846223 0.0324812
n 524 1 0.194862 0.525407 0.684118
n 525 1 -0.0697908 0.794924 1.01019
n 526 1 0.423643 0.806545 0.964912
n 527 1 0.200526 0.481633 0.658885
n 528 1 0.137508 0.761478 0.102053
n 529 2 0.326908 1 0.143695
n 530 1 -0.170226 0.881613 0.0352539
n 531 1 0.313038 0.810587 0.137292
n 532 1 0.195619 0.598422 1.01932
n 533 1 0.123479 0.593796 0.525583
n 534 1 0.401702 0.262273 1.15355
n 535 1 0.405254 0.30676 0.656551
n 536 1 0.331857 0.423496 0.692192
n 537 2 0.233774 0 0.917829
n 538 1 0.548659 0.8414 0.529924
n 539 2 0.467234 1 0.718646
n 540 1 0.912184 0.0739101 0.989526
n 541 1 0.442919 0.117423 0.825518
n 542 1 0.131582 0.675087 0.314005
n 543 2 0.240389 1 0.169622
n 544 1 0.582478 0.400564 0.525039
n 545 1 0.510876 0.893486 0.555061
n 546 2 0.24987 1 0.453775
n 547 1 0.590865 0.715881 0.262861
n 548 1 0.199722 0.368374 0.534698
n 549 1 0.161633 0.586889 0.98169
n 550 2 0.502305 1.86265e-09 0.772727
n 551 1 0.599271 0.079028 1.13656
n 552 1 0.105626 0.807587 0.0770538
n 553 1 0.580701 0.891819 -0.0502664
n 554 1 0.795784 0.218214 0.823584
n 555 2 0.685095 0 0.908627
n 556 2 0.769854 0 -0.0676778
n 557 1 0.645165 0.395377 0.209149
n 558 1 0.494434 0.48492 0.598389
n 559 1 0.710577 0.60032 1.03309
n 560 1 0.805596 0.174148 0.840243
n 561 1 1.05976 0.502117 1.11744
n 562 1 0.135751 0.88762 0.515495
n 563 1 0.205851 0.542403 0.162066
n 564 1 -0.0927576 0.625129 0.587914
n 565 1 0.246048 0.844053 0.294172
n 566 1 0.0963984 0.123356 0.0119868
n 567 1 0.126856 0.591694 0.181493
n 568 1 1.00866 0.531544 0.627231
n 569 1 0.697681 0.163927 0.496265
n 570 2 0.0252582 -1.86265e-09 0.939778
n 571 1 -0.0852965 0.248109 0.864619
n 572 1 0.833257 0.88605 0.256288
n 573 1 0.983605 0.864545 0.731613
n 574 1 -0.133616 0.438892 0.215552
n 575 1 0.328786 0.626352 0.222167
n 576 1 0.456403 0.00692806 0.576051
n 577 1 0.682961 0.265399 0.937804
n 578 1 0.173549 0.302424 0.244111
n 579 2 0.415485 0 0.29282
n 580 1 0.466843 0.364361 0.272758
n 581 1 0.946238 0.471886 0.185468
n 582 1 0.726814 0.821061 0.39817
n 583 1 0.31397 0.879361 0.672327
n 584 1 0.181411 0.680645 0.231533
n 585 2 0.179109 1 0.147825
n 586 1 1.05083 0.22344 0.200699
n 587 1 0.810458 0.249035 0.637236
n 588 1 0.22618 0.277731 0.465898
n 589 1 0.0768804 0.729639 0.31593
n 590 1 0.0672289 0.882148 0.680859
n 591 1 0.132049 0.462544 0.943026
n 592 1 0.0101997 0.488778 0.894068
n 593 1 0.133137 0.539112 0.413075
n 594 1 0.0979364 0.444895 0.666017
n 595 1 -0.060743 0.91798 0.669434
n 596 1 0.241451 0.368075 0.914631
n 597 1 0.216072 0.715878 0.557714
n 598 1 0.860065 0.0406278 0.853643
n 599 1 0.676345 0.0147522 0.390417
n 600 1 0.919799 0.267355 0.235722
n 601 1 0.486236 0.439957 0.41245
n 602 1 0.625918 0.587695 0.717229
n 603 1 0.478488 0.186179 0.97423
n 604 1 1.10108 0.869478 0.812165
n 605 1 0.765709 0.779074 0.453897
n 606 1 -0.11932 0.925987 0.466463
n 607 1 0.326895 0.946258 0.68891
n 608 2 0.274009 1 1.06817
n 609 1 0.167979 0.692632 0.865804
n 610 1 0.801522 0.21044 0.039869
n 611 2 0.944371 0 0.120386
n 612 1 0.221987 0.495883 0.186198
n 613 1 0.321414 0.0283706 0.0428537
n 614 1 0.916802 0.0944264 0.144817
n 615 1 0.579884 0.462145 0.128385
n 616 1 0.203142 0.347018 0.102479
n 617 1 0.386794 0.449664 0.554958
n 618 1 0.255022 0.199196 0.274209
n 619 1 0.00444412 0.47438 -0.0581845
n 620 2 0.479706 1 0.787066
n 621 1 0.821885 0.68984 0.87936
n 622 1 0.472714 0.0388689 0.650632
n 623 1 0.861469 0.274634 0.444998
n 624 1 0.383439 0.659763 0.785842
n 625 1 0.738218 0.867693 1.0685
n 626 1 0.827661 0.0938244 0.598435
n 627 1 0.703413 0.345437 1.01105
n 628 1 0.145971 0.857943 0.306503
n 629 1 -0.0391192 0.966073 0.757114
n 630 2 0.358855 1 0.130027
n 631 1 0.57393 0.685835 -0.0190147
n 632 1 0.399021 0.801161 0.266211
n 633 2 0.530973 1 0.485271
n 634 1 0.108805 0.306417 0.296707
n 635 1 0.0590505 0.233267 0.787802
n 636 1 0.225113 0.210541 0.490109
n 637 1 0.43327 0.610133 0.275637
n 638 1 0.200231 0.247636 0.807769
n 639 2 -0.123673 0 0.61118
n 640 1 0.682349 0.678572 0.212739
n 641 1 1.10683 0.531476 -0.00447924
n 642 1 0.78562 0.396661 0.759803
n 643 2 0.887583 0 0.542086
n 644 2 0.499311 0 0.270918
n 645 1 0.475237 0.0661686 0.610994
n 646 1 0.506073 0.799512 0.225335
n 647 1 0.0316317 0.743698 0.0811436
n 648 2 0.710455 0 0.700079
n 649 1 0.74326 0.375364 0.67809
n 650 1 0.684269 0.862701 0.935715
n 651 1 0.525427 0.397599 1.02203
n 652 1 0.714683 0.480301 -0.0934622
n 653 1 0.475816 0.131538 0.171694
n 654 1 0.443417 0.555514 1.05898
n 655 1 0.588617 0.771363 0.633157
n 656 2 0.697159 0 0.910206
n 657 1 0.754241 0.370685 0.96033
n 658 1 0.438395 0.789467 0.639071
n 659 1 0.247391 0.794939 0.178107
n 660 1 0.518554 0.520706 0.832263
n 661 1 0.117507 0.78032 0.976355
n 662 1 0.203706 0.405727 0.89243
n 663 1 -0.0158237 0.853161 0.867709
n 664 1 0.4513 0.152648 0.546922
n 665 1 -0.0432211 0.21853 0.557384
n 666 1 0.475392 0.480897 0.67662
n 667 1 0.508789 0.93829 0.873286
n 668 1 0.306759 0.121716 -0.0850222
n 669 1 0.0918345 0.372871 0.288783
n 670 1 0.461084 0.0990321 0.391395
n 671 2 0.38963 1.86265e-09 0.100655
n 672 1 0.949386 0.193048 0.614438
n 673 1 0.609983 0.114084 0.971609
n 674 2 1.03456 1 0.7783
n 675 1 0.821567 0.731707 0.583206
n 676 1 0.71408 0.301536 0.111538
n 677 1 0.917301 0.09648 0.518545
n 678 1 0.482428 0.10854 0.940189
n 679 1 0.548173 0.0300812 0.451801
n 680 1 0.676798 0.645183 0.499794
n 681 1 0.772049 0.625797 0.989235
n 682 1 0.231923 0.590915 0.905346
n 683 1 0.465408 0.30195 0.572202
n 684 1 1.12729 0.60656 0.594252
n 685 1 0.7061 0.848041 0.478977
n 686 1 -0.174621 0.450246 0.582351
n 687 1 0.323466 0.420777 0.57588
n 688 1 0.589137 0.868065 -0.121298
n 689 1 0.405983 0.593354 0.252854
n 690 1 0.683159 0.266698 1.10466
n 691 1 0.524708 0.677927 0.870598
n 692 1 0.640655 0.192292 0.757607
n 693 1 0.404541 0.444181 0.397325
n 694 1 0.651217 0.543692 0.59544
n 695 1 0.419834 0.133423 0.430691
n 696 1 0.213148 0.509489 0.336987
n 697 1 -0.138099 0.193553 0.176328
n 698 1 0.0875112 0.1927 1.04674
n 699 1 0.352802 0.162123 0.625213
n 700 1 0.837744 0.844734 1.05472
n 701 1 0.996722 0.639546 0.628543
n 702 1 0.504951 0.893784 1.07729
n 703 1 0.707242 0.892085 0.621139
n 704 1 0.582925 0.707395 0.145337
n 705 1 0.68375 0.976488 0.553289
n 706 1 0.945261 0.909936 0.426181
n 707 2 0.803251 1 0.223419
n 708 1 0.0636699 0.671093 0.720967
n 709 1 0.303411 0.703666 0.284545
n 710 1 0.324439 0.491886 -0.112147
n 711 1 0.159068 0.873034 0.164221
n 712 1 0.109745 0.869267 0.391752
n 713 1 0.292644 0.886494 -0.0722011
n 714 1 0.655893 0.148306 0.645047
n 715 1 1.0422 0.462605 0.613663
n 716 1 0.50064 0.542043 0.502091
n 717 2 0.491254 1 0.304632
n 718 1 0.713873 0.807455 0.826985
n 719 1 1.17723 0.688547 0.684998
n 720 1 0.326916 0.181416 0.882714
n 721 1 -0.116301 0.410612 0.877304
n 722 1 0.135485 0.195148 0.867094
n 723 2 0.189735 0 0.677159
n 724 1 0.670027 0.752512 0.0815009
n 725 1 1.15482 0.640793 0.12013
n 726 1 0.326847 0.84271 0.48629
n 727 1 -0.130836 0.792871 0.678758
n 728 1 0.0331747 0.278191 0.550075
n 729 1 0.480852 0.304547 0.768916
n 730 1 0.496281 0.461204 -0.0821245
n 731 1 0.809816 0.168327 0.172671
n 732 1 0.515629 0.309305 0.947502
n 733 1 0.746387 0.466554 0.533951
n 734 1 0.176484 0.0665066 0.312451
n 735 1 -0.153105 0.421457 0.192526
n 736 1 0.934981 0.330267 0.12067
n 737 1 1.05153 0.77632 -0.0702581
n 738 1 0.346542 0.531296 0.407636
n 739 1 0.135172 0.263449 0.771753
n 740 1 0.870953 0.737928 0.639131
n 741 2 0.952359 1 0.667125
n 742 2 0.113719 1 0.481605
n 743 1 0.36682 0.667502 0.648765
n 744 1 0.182932 0.499437 0.821237
n 745 1 0.312201 0.0198726 0.77319
n 746 1 0.431592 0.479261 0.500937
n 747 1 0.45282 0.970656 0.416788
n 748 1 0.418018 0.890856 -0.057862
n 749 1 0.734469 0.776486 0.31062
n 750 1 0.787044 0.848491 -0.168318
n 751 1 0.912313 0.778327 0.309579
n 752 1 0.557015 0.108632 0.171918
n 753 1 0.828758 0.525421 0.209912
n 754 1 0.907197 0.462195 0.575272
n 755 1 0.663335 0.663631 0.189323
n 756 1 0.798374 0.06557 0.287201
n 757 1 1.1181 0.0166523 0.66718
n 758 1 0.610039 0.127525 1.0882
n 759 1 0.971 0.215535 0.755086
n 760 2 0.341632 1 -0.0113306
n 761 1 0.248007 0.711599 0.241882
n 762 2 0.191837 0 0.800009
n 763 1 0.0267925 0.292714 0.763585
n 764 1 0.249573 0.622479 0.770868
n 765 1 0.430357 0.276525 1.08173
n 766 2 0.827559 0 0.993307
n 767 1 1.00443 0.455985 0.932916
n 768 1 0.224635 0.767212 0.194222
n 769 1 0.203222 0.278142 0.0975155
n 770 1 0.861834 0.703763 0.535858
n 771 2 1.05962 1 0.441019
n 772 1 0.294406 0.0771087 0.912826
n 773 1 0.462707 0.546533 0.895037
n 774 1 0.679746 0.422307 0.617231
n 775 1 1.13818 0.615071 0.658258
n 776 1 -0.083168 0.396274 0.473332
n 777 1 0.405737 0.336859 0.553599
n 778 1 0.189906 0.417198 0.354738
n 779 1 0.134491 0.523805 0.839057
n 780 1 0.0308649 0.472024 0.365598
n 781 1 0.123289 0.692201 -0.0725576
n 782 1 0.28742 0.157764 0.844017
n 783 1 -0.0579995 0.185119 0.484937
n 784 1 0.230701 0.986486 0.00574905
n 785 1 0.514378 0.732483 0.328256
n 786 2 0.593622 0 0.0549439
n 787 1 0.370355 0.157926 0.156847
n 788 1 0.25632 0.177107 -0.0284779
n 789 1 -0.0907059 0.172674 0.330067
n 790 1 0.475217 0.771926 1.11108
n 791 1 0.516674 0.826585 0.616817
n 792 1 0.846744 0.041365 0.655818
n 793 1 0.805438 0.437826 0.355628
n 794 1 1.08055 0.312926 0.280052
n 795 1 0.885243 0.506717 0.696347
n 796 1 0.342124 0.774116 0.0220676
n 797 1 0.190978 0.593713 0.46208
n 798 1 0.0688484 0.622211 0.274786
n 799 1 0.150856 0.715301 0.758118
n 800 1 0.866395 0.885797 0.891211
n 801 1 0.771468 0.42869 0.715021
n 802 1 0.335367 0.345345 1.0074
n 803 1 0.420137 0.591358 0.581616
n 804 1 0.775161 0.0136588 1.06919
n 805 1 0.687047 0.23634 0.63141
n 806 1 0.880988 0.673191 1.06115
n 807 1 0.830328 0.252165 0.798149
n 808 1 0.692541 0.961751 1.01179
n 809 1 0.255434 0.733759 0.9346
n 810 1 0.0937114 0.488897 0.204826
n 811 1 -0.0688235 0.871591 -0.0710887
n 812 1 0.975249 0.650895 -0.195638
n 813 1 0.742913 0.728982 0.239016
n 814 1 0.30945 0.684438 0.984707
n 815 1 0.312599 0.218584 0.805902
n 816 1 1.02007 0.0847719 0.770203
n 817 1 0.712284 0.469259 0.850433
n 818 1 0.994065 0.716453 0.0190978
n 819 1 0.900053 0.227799 -0.0180529
n 820 2 0.394623 0 0.0241596
n 821 1 0.392138 0.485903 -0.0199943
n 822 1 0.524637 0.798763 0.449166
n 823 2 0.719592 1 0.694009
n 824 2 0.911586 1 0.910177
n 825 1 0.892125 0.869094 0.629919
n 826 1 0.947221 0.824834 0.761364
n 827 1 0.994549 0.35292 0.606259
n 828 1 0.844972 0.197908 0.52922
n 829 1 0.39371 0.212758 0.741688
n 830 1 0.88937 0.508628 0.668669
n 831 1 0.948075 0.795421 1.07278
n 832 1 0.837076 0.329823 0.479531
n 833 1 0.496624 0.694291 0.495542
n 834 2 0.0953258 1 0.711584
n 835 1 0.232979 0.779656 0.612761
n 836 1 0.122829 0.861849 0.593719
n 837 2 0.140332 1 0.806146
n 838 1 0.447776 0.312334 0.119152
n 839 1 0.60504 0.135775 0.558579
n 840 2 0.379167 0 0.462095
n 841 1 0.636257 0.115473 0.344943
n 842 1 0.569118 0.942761 0.817509
n 843 1 0.758169 0.511442 0.982508
n 844 1 0.971686 0.448095 1.03721
n 845 1 0.703078 0.1013 0.79934
n 846 1 1.03429 0.656052 0.485644
n 847 1 0.853196 0.411077 0.880855
n 848 1 -0.0555136 0.544723 0.431561
n 849 1 0.147022 0.659174 0.873015
n 850 1 0.595215 0.370859 0.707824
n 851 1 0.175331 0.617878 0.599749
n 852 2 0.774788 1 0.804964
n 853 1 1.06362 0.859465 0.817183
n 854 1 0.125739 0.33101 0.739871
n 855 1 0.0271154 0.119054 0.299021
n 856 1 0.638903 0.782136 0.176347
n 857 2 0.255452 1 0.129784
n 858 1 0.472456 0.115831 0.371774
n 859 1 0.740458 0.460219 0.129755
n 860 1 0.614009 0.877823 0.668984
n 861 1 0.154478 0.771024 0.831546
n 862 1 0.642449 0.902348 0.414088
n 863 1 0.888892 0.46955 0.444951
n 864 1 0.539259 0.61443 0.595596
n 865 1 0.944809 0.840427 0.778504
n 866 1 0.60786 0.351232 0.913547
n 867 1 0.679474 0.534049 0.454798
n 868 1 -0.0435881 0.196834 0.164289
n 869 1 0.334502 0.505584 0.267838
n 870 2 0.0386198 1 0.360996
n 871 1 0.0457419 0.670462 0.156483
n 872 1 0.200078 0.694207 -0.0794331
n 873 1 0.406849 0.277764 0.101737
n 874 1 0.75827 0.0862475 -0.076196
n 875 1 0.641952 0.0167611 0.404057
n 876 1 0.623813 0.00776596 0.365538
n 877 1 0.885005 0.153166 -0.0340103
n 878 1 0.967841 0.122443 0.414816
n 879 1 0.495732 0.00328355 0.523969
n 880 1 0.868912 0.696973 0.488992
n 881 2 1.12443 1 0.771467
n 882 1 0.422559 0.722327 0.919508
n 883 2 0.51083 1 0.862416
n 884 1 0.704717 0.569097 0.457882
n 885 1 0.235209 0.582342 0.626371
n 886 2 0.0127899 0 0.203808
n 887 1 0.174868 0.429748 0.181195
n 888 1 0.468201 0.416912 0.478624
n 889 1 0.262105 0.184637 0.869231
n 890 1 0.496315 0.399194 0.985982
n 891 1 0.966814 0.283076 0.867034
n 892 1 0.949449 0.934449 1.01047
n 893 1 0.605685 0.901015 0.650319
n 894 1 0.0403601 0.602451 -0.105804
n 895 1 0.431627 0.706659 0.185833
n 896 1 0.542476 0.165879 0.725207
n 897 1 0.897947 0.46791 0.902462
n 898 1 0.18633 0.873354 0.542936
n 899 1 0.0126989 0.443529 0.727607
n 900 1 0.267997 0.449884 0.280071
n 901 1 0.586951 0.719241 0.553415
n 902 1 0.733067 0.434519 -0.0426919
n 903 1 0.252388 0.45409 0.0898421
n 904 1 0.233377 0.284925 0.75942
n 905 1 0.0333413 0.482325 1.17175
n 906 1 0.91756 0.297384 -0.19143
n 907 1 0.678189 0.0895981 0.193963
n 908 1 1.11606 0.056316 1.01269
n 909 1 0.702596 0.0534755 0.733326
n 910 1 0.54386 0.19589 0.778131
n 911 1 0.932315 0.246982 1.08715
n 912 1 0.771706 0.35191 0.69988
n 913 1 1.00486 0.332307 1.14062
n 914 2 0.880283 0 0.827005
n 915 1 0.51276 0.316055 0.850563
n 916 1 1.04048 0.0517859 -0.118716
n 917 1 0.765036 0.228178 0.258133
n 918 1 0.332107 0.740498 0.430001
n 919 1 -0.0340054 0.934847 0.152168
n 920 1 0.760246 0.364219 0.645128
n 921 1 0.538767 0.310135 1.089
n 922 1 0.245839 0.140929 0.385112
n 923 1 0.550836 0.173181 -0.00850873
n 924 1 0.0674065 0.636122 1.15997
n 925 1 0.0507782 0.258328 0.834402
n 926 1 0.684085 0.93339 0.438697
n 927 1 0.615037 0.974906 0.931149
n 928 1 0.680261 0.848279 0.724581
n 929 1 0.665706 0.349821 0.742728
n 930 1 0.7563 0.762735 0.991018
n 931 2 0.751958 1 0.799255
n 932 1 0.0400576 0.387058 0.90109
n 933 1 0.364516 0.765722 0.919574
n 934 1 0.301497 0.591205 0.128282
n 935 1 0.567117 0.287719 0.422125
n 936 1 1.18399 0.584593 0.265907
n 937 1 0.777002 0.390335 0.479512
n 938 1 0.704127 0.938049 0.427425
n 939 1 1.10121 0.663679 0.554092
n 940 1 0.994915 0.0781583 0.940386
n 941 1 0.901682 0.54946 0.805539
n 942 1 0.910394 0.125458 0.565105
n 943 1 0.588358 0.125076 0.946279
n 944 1 0.812267 0.821482 0.760028
n 945 1 1.1634 0.533686 0.55295
n 946 1 0.557701 0.266218 0.623894
n 947 2 0.229233 0 0.533053
n 948 1 0.562726 0.418411 0.734148
n 949 1 0.182216 0.710161 0.595963
n 950 1 0.275818 0.123071 -0.0555975
n 951 1 0.0425539 0.0197961 0.373265
n 952 1 0.493258 0.635929 0.467911
n 953 1 0.282642 0.845071 0.869036
n 954 1 0.997607 0.522295 0.980622
n 955 1 0.957781 0.0260243 0.947005
n 956 2 0.59077 1 0.618576
n 957 1 0.359792 0.823959 0.90897
n 958 1 0.517888 0.53194 0.0115187
n 959 1 1.00437 0.549291 0.121211
n 960 1 0.834019 0.396083 0.492908
n 961 2 0.983744 0 0.673473
n 962 1 0.408526 0.511245 0.645082
n 963 1 0.179099 0.740209 0.265687
n 964 1 1.10761 0.132477 1.02755
n 965 2 0.888825 0 0.778459
n 966 1 0.649658 0.260443 0.458381
n 967 1 0.649693 0.730105 0.289801
n 968 1 0.491826 0.618996 0.500084
n 969 1 0.117972 0.947928 0.467863
n 970 1 0.749514 0.700837 0.711272
n 971 1 1.21294 0.770472 0.882709
n 972 1 0.623667 0.786317 0.61015
n 973 1 0.316064 0.982921 0.269961
n 974 1 0.828911 0.510382 0.785713
n 975 1 0.50677 0.130781 0.75211
n 976 1 0.98441 0.816052 0.250606
n 977 1 0.622678 0.904625 0.582729
n 978 2 0.448032 1 0.20335
n 979 1 0.545534 0.737046 0.0932427
n 980 1 0.776999 0.070795 0.79126
n 981 1 1.06167 0.445037 0.958306
n 982 1 0.757375 0.853401 0.810583
n 983 1 0.909655 0.382073 0.750077
n 984 1 -0.0218818 0.337777 0.171278
n 985 2 0.109681 0 0.439147
n 986 1 0.560951 0.16694 0.00113912
n 987 1 0.83936 0.245449 0.407742
n 988 1 0.220436 0.180882 0.748035
n 989 1 -0.116259 0.544345 0.688598
n 990 2 0.237624 1 0.441399
n 991 1 0.508389 0.836106 0.162034
n 992 1 -0.0843351 0.665582 -0.0364337
n 993 1 0.386073 0.522793 0.0491723
n 994 1 0.929572 0.373158 0.375555
n 995 1 0.927965 0.806401 0.127967
n 996 1 0.969706 0.136466 0.663089
n 997 1 0.517448 0.296531 0.525821
n 998 1 0.832925 0.468628 0.0082067
n 999 1 0.858137 0.801874 0.378764
n 1000 1 0.609278 0.498965 0.184802
n 1001 1 0.332259 0.433909 0.594715
n 1002 1 1.12543 0.40378 0.546709
n 1003 1 0.689915 0.232564 0.373473
n 1004 1 0.563437 0.68148 0.184273
n 1005 1 0.504468 0.186669 0.210466
n 1006 1 0.812807 0.41271 0.261428
n 1007 1 0.453319 0.754626 0.207918
n 1008 1 0.496743 0.150267 0.532142
n 1009 1 0.821826 0.507083 0.405632
n 1010 1 0.69404 0.361888 0.754888
n 1011 1 0.339346 0.19542 1.06389
n 1012 1 0.944378 0.822496 0.481292
n 1013 1 0.705006 0.595318 0.855581
n 1014 1 0.918656 0.770328 0.450407
n 1015 1 1.05717 0.292524 0.489382
n 1016 1 0.270786 0.289148 0.359718
n 1017 1 0.475808 0.558863 -0.00664322
n 1018 1 0.66309 0.69292 0.688504
n 1019 1 0.501483 0.365874 0.348026
n 1020 1 0.58596 0.307955 -0.172201
n 1021 1 0.684086 0.0692499 0.254873
n 1022 1 0.912434 0.71162 0.197508
n 1023 2 0.904231 1 0.0482497
n 1024 1 0.076649 0.204515 0.763865
n 1025 1 -0.0144946 0.0469402 1.22848
n 1026 1 0.531743 0.911593 0.563064
n 1027 1 0.0350111 0.879443 0.528068
n 1028 1 0.406436 0.211694 0.420743
n 1029 2 0.00669362 0 0.304252
n 1030 1 0.917353 0.356886 0.293386
n 1031 1 0.60983 0.283312 0.679415
n 1032 1 0.400091 0.289258 0.872571
n 1033 1 -0.0152569 0.0146884 0.905726
n 1034 2 0.879325 0 0.216566
n 1035 1 0.790117 0.450644 0.0625921
n 1036 1 0.415851 0.31627 0.196894
n 1037 1 0.858758 0.345787 -0.0310591
n 1038 1 -0.104921 0.484766 0.856056
n 1039 1 0.258361 0.250498 1.10535
n 1040 1 0.81033 0.250823 -0.122814
n 1041 1 0.965409 0.441729 0.311359
n 1042 1 0.650256 0.908146 0.685077
n 1043 1 0.43009 0.462064 0.724306
n 1044 1 0.00384486 0.688322 0.417915
n 1045 1 0.136512 0.498131 0.859761
n 1046 1 0.221421 0.515611 0.685767
n 1047 1 0.584969 0.74808 0.93635
n 1048 1 0.262037 0.258605 0.0565047
n 1049 1 0.497311 0.230313 0.495648
n 1050 1 -0.0646634 0.28392 0.63257
n 1051 1 0.332832 0.475937 0.399916
n 1052 1 0.211844 0.55566 0.10909
n 1053 1 0.695103 0.671666 0.153865
n 1054 1 1.0104 0.442676 0.126527
n 1055 1 0.646274 0.736046 -0.0476851
n 1056 1 0.538363 0.61397 -0.0602907
n 1057 1 0.962319 0.797314 0.128512
n 1058 1 0.349333 0.107774 0.137521
n 1059 1 0.687285 0.473698 0.107704
n 1060 1 0.723335 0.221101 0.170578
n 1061 1 0.59594 0.496571 0.566669
n 1062 1 0.50344 0.46729 0.505512
n 1063 1 0.510114 0.828091 0.850156
n 1064 1 1.08955 0.658282 0.88072
n 1065 1 0.620367 0.524869 0.985951
n 1066 2 0.799258 1 0.573774
n 1067 1 0.633041 0.74973 0.356645
n 1068 1 0.922616 0.895839 0.734498
n 1069 1 0.756849 0.560227 1.06448
n 1070 1 0.253008 0.317285 0.535435
n 1071 1 -0.018187 0.708112 0.384739
n 1072 1 0.34745 0.90706 0.704712
n 1073 1 0.277764 0.794498 1.18583
n 1074 1 1.13938 0.579245 0.53877
n 1075 1 0.683726 0.413006 0.421519
n 1076 1 0.749405 0.483496 0.428205
n 1077 1 0.658622 0.409242 0.913226
n 1078 1 0.233546 0.314893 0.477416
n 1079 1 -0.0130197 0.720362 0.32314
n 1080 1 0.484246 0.738651 0.180161
n 1081 2 0.48671 1 -0.02753
n 1082 1 0.0609312 0.471332 0.168975
n 1083 1 0.19092 0.632246 0.62308
n 1084 1 0.466764 0.999524 0.895785
n 1085 1 0.557112 0.508789 0.899963
n 1086 2 0.517372 0 -0.012819
n 1087 1 0.247859 0.279131 0.0237224
n 1088 1 0.303429 0.120849 0.896241
n 1089 1 0.710725 0.121978 0.607954
n 1090 1 0.374262 0.170939 1.12492
n 1091 1 0.175938 0.535406 0.847731
n 1092 1 0.149121 0.424006 -0.0702704
n 1093 1 0.571993 0.462906 0.191773
n 1094 1 0.280098 0.640595 0.589141
n 1095 1 -0.117494 0.428307 0.375002
n 1096 2 0.813215 0 1.06677
n 1097 1 1.07633 0.204577 0.869082
n 1098 1 0.675259 0.822907 0.914757
n 1099 1 0.228378 0.601174 0.926269
n 1100 1 0.787187 0.0313971 0.330888
n 1101 1 0.615156 0.444269 0.552119
n 1102 2 0.0830944 0 0.349584
n 1103 1 0.122988 0.211027 0.165795
n 1104 1 -0.0213093 0.618833 0.612867
n 1105 1 0.340654 0.466281 0.920619
n 1106 2 0.208525 1 0.728862
n 1107 1 0.231485 0.746539 0.563483
n 1108 1 0.527335 0.555597 0.915473
n 1109 1 0.526454 0.868476 0.526749
n 1110 1 -0.0239748 0.561107 0.726449
n 1111 1 0.459039 0.444495 0.680626
n 1112 1 0.676922 0.324512 1.13213
n 1113 1 1.01744 0.327099 0.767379
n 1114 1 0.576172 0.447775 0.512694
n 1115 1 0.41161 0.81424 0.216681
n 1116 2 1.00437 0 0.0512847
n 1117 1 0.962623 0.378432 0.19037
n 1118 1 0.573298 0.0870315 1.05262
n 1119 1 0.977082 0.315735 0.869174
n 1120 1 0.721855 0.365925 0.149991
n 1121 1 0.476926 0.0277389 0.423195
n 1122 1 0.400217 0.642658 0.831776
n 1123 1 0.0642216 0.29421 0.710564
n 1124 1 0.257357 0.23743 0.47422
n 1125 2 0.246795 0 0.657517
n 1126 1 0.86074 0.304629 0.107751
n 1127 1 0.413284 0.144427 0.259801
n 1128 1 0.218248 0.507955 0.319813
n 1129 1 0.079511 0.62772 -0.144309
n 1130 1 0.155279 0.981524 0.631966
n 1131 1 -0.0849777 0.544304 0.621174
n 1132 1 0.568062 0.710394 0.458919
n 1133 1 0.383553 0.74293 0.921411
n 1134 1 0.793755 0.75683 0.741127
n 1135 1 0.827251 0.830479 0.24873
n 1136 1 0.518368 0.234892 0.949622
n 1137 1 0.74087 0.439084 0.552382
n 1138 1 0.295158 0.890945 0.21576
n 1139 1 -0.104654 0.937829 0.510638
n 1140 1 0.882193 0.375825 0.152519
n 1141 1 0.890321 0.64704 0.5713
n 1142 1 0.0750789 0.492619 0.587707
n 1143 1 -0.00320388 0.985435 0.590051
n 1144 1 0.179571 0.362928 0.253492
n 1145 1 0.114418 0.759324 -0.0425257
n 1146 1 0.0644953 0.377233 0.512664
n 1147 1 0.33783 0.258275 0.112491
n 1148 1 0.975008 0.514581 0.454435
n 1149 1 0.920272 0.500343 0.95022
n 1150 1 0.668456 0.469916 0.222578
n 1151 1 0.385988 0.588211 0.616557
n 1152 1 0.464411 0.136892 0.209015
n 1153 1 0.812352 0.492812 0.244493
n 1154 1 0.320454 0.329855 1.1313
n 1155 1 0.700421 0.300833 0.809143
n 1156 1 0.63765 0.838295 0.456534
n 1157 1 0.150396 0.944285 0.475246
n 1158 1 0.250295 0.961498 0.759464
n 1159 1 0.628694 0.713208 0.969624
n 1160 1 0.439199 0.114028 0.142362
n 1161 1 0.570568 0.371536 0.549096
n 1162 1 0.479245 0.660837 0.773715
n 1163 1 0.89217 0.923378 0.87152
n 1164 1 1.11623 0.396845 0.100712
n 1165 1 0.671108 0.323638 0.314031
n 1166 1 0.467841 0.461521 0.224782
n 1167 1 0.962479 0.489619 0.284323
n 1168 1 0.600518 0.560121 0.368068
n 1169 1 0.611237 0.0858341 0.522788
n 1170 1 -0.0929368 0.767273 0.854653
n 1171 1 0.188758 0.618141 0.470715
n 1172 1 0.971316 0.270856 0.250493
n 1173 1 0.520856 0.370488 0.0603339
n 1174 1 0.288468 0.438926 0.71183
n 1175 1 -0.149605 0.584496 0.90131
n 1176 1 0.7918 0.0620219 -0.0561025
n 1177 1 0.836721 0.296337 0.382167
n 1178 1 0.528965 0.535997 -0.156838
n 1179 1 0.317068 0.330447 0.245468
n 1180 1 0.974256 0.769884 0.57446
n 1181 2 0.827033 1 0.326085
n 1182 1 0.625899 0.814804 0.799908
n 1183 1 0.961011 0.909528 0.442517
n 1184 1 0.789411 0.758708 0.332756
n 1185 1 0.603787 0.295521 0.334361
n 1186 1 0.850826 0.0815628 0.932096
n 1187 1 0.864916 0.505117 0.668648
n 1188 1 0.733682 0.476998 0.213786
n 1189 1 0.98468 0.581833 0.632129
n 1190 1 0.35332 0.527118 0.482497
n 1191 1 0.0580854 0.412273 0.868047
n 1192 2 0.258147 1 0.11889
n 1193 1 0.462619 0.618819 0.296062
n 1194 1 0.648263 0.586018 0.251967
n 1195 1 0.291211 0.760024 0.554021
n 1196 2 0.832532 0 0.322342
n 1197 1 0.924321 0.308647 0.310679
n 1198 1 -0.055295 0.102686 0.342258
n 1199 2 0.22245 0 -0.0501697
n 1200 1 0.350235 0.151825 0.608158
n 1201 1 0.5371 0.417271 0.229184
n 1202 1 0.46859 0.210204 0.0663806
n 1203 1 0.735546 0.607435 0.2076
n 1204 1 -0.105336 0.812254 0.589028
n 1205 1 0.196887 0.45831 0.768987
n 1206 1 0.290102 0.488181 0.691043
n 1207 1 0.263594 0.957557 0.523755
n 1208 1 0.948591 0.649521 0.278329
n 1209 1 0.752081 0.488616 0.707858
n 1210 1 0.231526 0.398125 0.317113
n 1211 2 0.135782 0 0.214664
n 1212 1 0.477023 0.750343 0.161168
n 1213 2 0.514832 1 0.132214
n 1214 2 0.0732754 1 0.232403
n 1215 1 -0.0567428 0.720444 0.371785
n 1216 2 0.225516 1 0.367521
n 1217 1 -0.140629 0.731322 0.386739
n 1218 1 0.131874 0.916157 0.711995
n 1219 1 0.00215542 0.825176 1.18517
n 1220 1 -0.239576 0.403353 0.0777141
n 1221 1 0.245018 0.286754 0.101667
n 1222 1 0.778214 0.777909 0.0245571
n 1223 2 0.965279 1 0.0586464
n 1224 1 0.420052 0.25555 0.548887
n 1225 1 0.351691 0.560375 0.938001
n 1226 1 0.749695 0.685885 0.26561
n 1227 1 1.12716 0.952008 0.454557
n 1228 1 0.803535 0.503632 0.749748
n 1229 1 0.352373 0.32965 0.626526
n 1230 1 0.539616 0.939546 0.338216
n 1231 1 0.413623 0.817331 -0.128892
n 1232 1 0.221547 0.943387 0.708035
n 1233 2 0.706382 1 0.67419
n 1234 1 0.921796 0.23292 0.678148
n 1235 1 0.982265 0.72325 0.607997
n 1236 1 0.452049 0.409003 0.828659
n 1237 2 0.616537 0 0.955209
n 1238 1 1.13687 0.619503 0.29118
n 1239 1 0.847816 0.317919 0.0182451
n 1240 1 0.977824 0.560032 0.470701
n 1241 1 0.493851 0.65728 0.39781
n 1242 1 -0.00355422 0.250467 0.674848
n 1243 1 0.145896 0.722069 0.609596
n 1244 1 0.576275 0.530636 0.71837
n 1245 1 0.645234 0.96595 0.952352
n 1246 2 0.31674 1 0.751185
n 1247 1 0.297917 0.660973 0.658641
n 1248 1 -0.0280636 0.633227 0.226653
n 1249 1 0.311358 0.272749 0.164611
n 1250 1 0.139922 0.480923 0.471636
n 1251 1 0.499315 0.149162 0.372779
n 1252 1 1.17903 0.267145 0.668972
n 1253 1 0.790072 0.487957 0.890222
n 1254 1 0.167591 0.677638 0.464915
n 1255 2 0.145469 1 0.353969
n 1256 1 0.544094 0.483912 0.297862
n 1257 1 0.340981 0.935339 0.360786
n 1258 1 0.201423 0.297764 0.490737
n 1259 1 -0.179988 0.406317 0.187847
n 1260 1 0.527147 0.452386 0.592241
n 1261 1 0.730446 0.848042 0.366127
n 1262 2 0.176346 1 0.172257
n 1263 1 -0.00363406 0.760791 0.36065
n 1264 1 0.364483 0.0296837 0.834849
n 1265 1 0.0834897 0.0580555 0.423463
n 1266 1 0.137618 0.275238 0.428131
n 1267 1 0.523657 0.117639 0.154018
n 1268 1 0.594976 0.314985 0.667761
n 1269 1 0.852737 0.228111 1.08611
n 1270 2 0.0834039 1 0.129476
n 1271 1 0.0980745 0.93367 0.375159
n 1272 2 0.700006 0 0.0988206
n 1273 1 1.12239 0.0988856 0.325534
n 1274 1 0.345496 0.531641 0.819135
n 1275 1 0.642486 0.342119 0.465753
n 1276 1 0.577035 0.504203 1.10477
n 1277 1 1.00141 0.650734 0.886971
n 1278 1 0.548977 0.72109 0.455635
n 1279 2 0.847676 1 0.66439
n 1280 1 0.256838 0.579729 -0.0284073
n 1281 1 0.150131 0.195193 0.27117
n 1282 1 0.489928 0.341249 0.0730506
n 1283 2 0.683236 0 0.186371
n 1284 1 0.752909 0.809375 0.755896
n 1285 1 1.01733 0.520488 1.06513
n 1286 2 0.511787 1 0.856912
n 1287 1 0.734493 0.637958 0.848103
n 1288 1 0.55448 0.623679 0.0346231
n 1289 1 0.670672 0.696131 0.514468
n 1290 1 0.542762 0.248134 0.38069
n 1291 2 0.481575 0 0.445627
n 1292 1 0.815949 0.604342 0.200079
n 1293 1 0.629656 0.179743 0.384503
n 1294 1 0.551268 0.266514 0.523415
n 1295 1 0.140092 0.372851 0.261444
n 1296 1 0.325171 0.845593 0.0117032
n 1297 1 0.523161 0.946092 0.458582
n 1298 1 0.920654 0.0843005 0.420804
n 1299 1 1.02475 0.336972 0.838324
n 1300 1 -0.101048 0.128623 0.918473
n 1301 1 0.109387 0.406884 0.561697
n 1302 1 0.800542 0.64696 0.732335
n 1303 2 0.966827 1 0.743166
n 1304 1 0.987927 0.829913 0.0874887
n 1305 2 0.890631 1 0.282728
n 1306 1 0.183504 0.346298 -0.0013963
n 1307 1 0.00751548 0.376341 0.464572
n 1308 1 0.861448 0.20859 0.194762
n 1309 1 0.491883 0.442777 -0.0451937
n 1310 1 0.546667 0.82423 1.12546
n 1311 2 0.681397 1 0.730109
n 1312 1 0.431614 0.130753 0.253702
n 1313 1 0.0793456 0.409421 0.471077
n 1314 1 0.522767 0.995818 0.655857
n 1315 1 0.631829 0.516175 0.739817
n 1316 1 0.69345 0.802183 0.648706
n 1317 1 0.393201 0.900489 1.03495
n 1318 2 0.573434 0 0.788008
n 1319 1 0.550833 0.205238 0.507665
n 1320 1 0.913682 0.746149 0.179429
n 1321 1 0.910006 0.456991 0.586092
n 1322 1 0.241345 0.277975 0.580645
n 1323 1 0.0345282 0.383514 0.138956
n 1324 1 0.189054 0.828858 0.359543
n 1325 1 -0.15326 0.955631 0.699765
n 1326 1 0.791147 0.981016 0.639681
n 1327 1 0.669392 0.702846 1.03566
n 1328 1 1.19653 0.434182 0.474596
n 1329 1 0.713209 0.340922 0.556501
n 1330 1 1.09962 0.763461 0.0791965
n 1331 1 0.727183 0.950455 0.353648
n 1332 1 0.994874 0.316774 0.229602
n 1333 1 0.776311 0.537338 0.62022
n 1334 1 0.163572 0.625498 0.565917
n 1335 2 0.172966 1 0.490673
n 1336 1 0.227293 0.621468 -0.0249817
n 1337 1 0.356767 0.542594 0.45043
n 1338 2 0.728654 0 0.67558
n 1339 1 1.08451 0.307277 0.573781
n 1340 2 0.957282 1 0.714198
n 1341 1 0.929047 0.831413 0.478499
n 1342 2 0.782568 0 0.804671
n 1343 1 0.607035 0.306725 0.759104
n 1344 1 1.09911 0.573042 0.28921
n 1345 1 0.792641 0.267138 0.0412214
n 1346 1 0.123124 0.788484 0.691907
n 1347 2 0.149219 1 0.84764
n 1348 1 0.887491 0.69197 0.429203
n 1349 1 0.470907 0.518667 0.216073
n 1350 1 0.0321863 0.667275 0.682923
n 1351 1 0.208266 0.201514 0.650312
n 1352 1 0.765913 0.585449 0.282513
n 1353 2 0.911489 1 0.0519387
n 1354 1 0.819961 0.594504 0.903274
n 1355 1 0.967297 0.140056 1.04739
n 1356 2 0.872684 0 0.949043
n 1357 1 0.669867 0.164994 1.00745
n 1358 1 0.778995 0.779659 0.711374
n 1359 1 0.34378 0.718491 0.475054
n 1360 1 0.764089 0.931113 0.807624
n 1361 1 0.74111 0.514172 0.534434
n 1362 1 0.137286 0.175844 0.392744
n 1363 1 0.0283343 0.499643 0.0290335
n 1364 1 0.378804 0.313116 0.988755
n 1365 2 0.313953 0 0.803725
n 1366 1 0.729355 0.0334897 0.33674
n 1367 2 0.472773 0 0.656764
n 1368 2 0.415197 1 0.694691
n 1369 1 0.455116 0.518705 0.707365
n 1370 1 0.457431 0.190087 0.748225
n 1371 1 0.274321 0.190348 1.21241
n 1372 1 0.728953 0.823467 0.664335
n 1373 2 0.725256 1 0.8925
n 1374 1 0.16985 0.730865 0.691333
n 1375 1 -0.0930858 0.753335 1.11484
n 1376 1 0.39773 0.417888 0.832323
n 1377 1 0.134948 0.496683 0.415505
n 1378 1 -0.158034 0.772406 0.539597
n 1379 1 0.317668 0.909787 0.601525
n 1380 1 0.164607 0.933667 0.271498
n 1381 1 0.162286 0.536952 -0.0311777
n 1382 1 0.469455 0.261099 0.783338
n 1383 1 -0.0070989 0.119328 0.825746
n 1384 1 0.17978 0.380831 0.576947
n 1385 1 0.471359 0.744254 0.398324
n 1386 1 0.104362 0.377927 0.409707
n 1387 1 0.119975 0.571531 0.869353
n 1388 1 0.348646 0.4384 -0.0398603
n 1389 1 0.561575 0.86636 0.103363
n 1390 1 0.216234 0.727644 0.163564
n 1391 2 0.0725232 1 0.24922
n 1392 1 0.795097 0.959414 0.852549
n 1393 1 0.631712 0.514967 1.00994
n 1394 1 0.475771 0.868538 0.292725
n 1395 1 0.937579 0.942917 0.466511
n 1396 1 0.629757 0.215063 0.355466
n 1397 1 1.09634 0.388627 0.389725
n 1398 1 0.244561 0.338687 0.50161
n 1399 1 0.729328 0.238946 0.437939
n 1400 1 0.109448 0.292605 0.132615
n 1401 1 0.135636 0.157246 0.612191
n 1402 1 0.456505 0.273749 0.754399
n 1403 1 0.522943 0.670569 0.459237
n 1404 1 0.603021 0.411447 0.484584
n 1405 1 1.05074 0.22825 0.362154
n 1406 2 0.138511 0 0.901834
n 1407 1 0.283883 0.20599 0.593315
n 1408 1 0.201175 0.259149 0.440573
n 1409 2 0.420501 0 0.301955
n 1410 1 0.737347 0.834488 0.992409
n 1411 1 0.837869 0.372485 0.83288
n 1412 1 0.431761 0.708727 0.96272
n 1413 1 0.690931 0.785203 0.543217
n 1414 2 0.889479 3.72529e-09 0.810578
n 1415 1 1.08708 0.2216 0.663802
n 1416 1 0.259213 0.190104 0.411028
n 1417 1 0.598292 0.445693 0.148919
n 1418 1 0.253714 0.894011 -0.131793
n 1419 1 0.00378451 0.835146 0.296075
n 1420 2 0.507567 0 0.186755
n 1421 1 0.481854 0.358368 0.176251
n 1422 1 0.68693 0.172473 0.890251
n 1423 2 0.782991 0 0.705723
n 1424 1 0.470369 0.724235 0.599579
n 1425 2 0.455304 1 0.586413
n 1426 2 0.665381 1 -0.00660633
n 1427 1 0.968888 0.696078 0.0950955
n 1428 2 0.472782 1 0.53037
n 1429 1 0.254552 0.77037 0.602704
n 1430 1 0.959553 0.106418 0.526141
n 1431 2 0.755566 0 0.744649
n 1432 2 0.730457 1 0.272243
n 1433 1 0.942817 0.692439 0.430918
n 1434 2 0.681253 3.72529e-09 0.218678
n 1435 1 0.653793 0.14267 0.564438
n 1436 1 0.551532 0.392365 0.251411
n 1437 1 0.615448 0.886259 0.220041
n 1438 1 0.858052 0.572666 0.544547
n 1439 2 0.715641 1 0.485322
n 1440 1 0.862446 0.465273 0.165733
n 1441 1 0.755157 0.831116 -0.156212
n 1442 1 0.29201 0.212263 0.0351265
n 1443 1 0.292912 0.575092 0.377699
n 1444 1 -0.113192 0.0255046 0.311471
n 1445 1 0.204643 0.408391 0.274332
n 1446 1 0.856343 0.810026 0.844523
n 1447 1 0.797137 0.328749 0.962286
n 1448 1 0.593256 0.186464 0.683198
n 1449 1 0.559171 0.59988 0.960554
n 1450 1 0.629441 0.617985 0.934526
n 1451 1 0.187594 0.470779 0.755352
n 1452 1 0.45972 0.696509 0.543954
n 1453 1 0.93514 0.599905 0.660764
n 1454 1 0.864122 0.31691 0.352453
n 1455 1 0.475625 0.61103 0.24492
n 1456 1 0.784195 0.437573 0.107641
n 1457 1 0.553886 0.0403955 -0.0878294
n 1458 1 0.765748 0.43312 0.393028
n 1459 1 1.16582 0.211337 0.193636
n 1460 1 0.64192 0.501938 0.468205
n 1461 1 0.640826 0.943799 0.700064
n 1462 1 0.162885 0.841573 -0.019987
n 1463 1 -0.0975563 0.62826 0.348346
n 1464 1 0.0818366 0.68333 0.331912
n 1465 1 0.0522658 0.571484 0.817316
n 1466 1 0.410984 0.487481 0.582335
n 1467 1 0.814322 0.231481 0.43817
n 1468 1 0.456081 0.71077 0.675251
n 1469 1 0.363893 0.256882 0.86096
n 1470 1 0.0284096 0.61727 0.170443
n 1471 1 0.384915 0.96435 0.208402
n 1472 1 0.677291 0.476927 1.07277
n 1473 1 0.288488 0.630278 0.800156
n 1474 1 0.143012 0.246766 0.489871
n 1475 2 0.0646735 0 0.738534
n 1476 1 0.796292 0.204586 0.440735
n 1477 2 0.79627 3.72529e-09 0.151591
n 1478 1 0.699348 0.627951 0.865362
n 1479 1 1.0726 0.957176 0.829346
n 1480 1 0.574547 0.0931511 0.219147
n 1481 1 0.433808 0.185544 0.688889
n 1482 1 0.293698 0.0663667 0.422076
n 1483 1 0.0393067 0.391737 0.702112
n 1484 1 0.755774 0.847149 1.0983
n 1485 1 0.796746 0.837418 0.601082
n 1486 1 0.934774 0.381568 1.00573
n 1487 1 0.867063 0.0932021 0.604152
n 1488 1 0.93006 0.811173 0.728695
n 1489 1 0.494766 0.934174 0.939386
n 1490 1 0.716954 0.533049 1.07778
n 1491 1 0.952848 0.478153 0.641495
n 1492 1 0.320221 0.113346 -0.0733663
n 1493 1 0.577307 0.448858 0.191849
n 1494 1 0.417072 0.674286 0.137731
n 1495 1 0.831569 0.483686 0.339882
n 1496 1 1.08687 0.398908 0.755606
n 1497 1 0.685563 0.693869 0.724741
n 1498 1 0.307317 0.876976 1.12576
n 1499 1 0.453714 0.861993 0.648951
n 1500 2 0.438332 0 0.341402
n 1501 1 0.653002 0.413795 0.172621
n 1502 2 0.147125 1 0.173936
n 1503 1 -0.0606156 0.720007 -0.022015
n 1504 1 1.00488 0.590971 0.763998
n 1505 1 0.626473 0.460257 1.06186
n 1506 1 0.580764 0.183207 0.223139
n 1507 1 0.415997 0.503045 -0.12263
n 1508 1 0.631231 0.973783 0.339421
n 1509 1 0.52557 0.95303 0.826664
n 1510 1 0.596928 0.518647 0.781197
n 1511 1 0.69443 0.604907 0.299477
n 1512 1 0.18649 0.00154287 0.696169
n 1513 1 0.160474 0.270501 1.11568
n 1514 1 1.0913 0.705076 -0.0121933
n 1515 1 0.729246 0.948178 0.230333
n 1516 1 -0.0167731 0.795403 0.374748
n 1517 1 0.141144 0.694691 -0.0877676
n 1518 1 0.0764693 0.131886 0.637878
n 1519 1 0.562097 0.0827231 0.741562
n 1520 1 0.333235 0.269646 0.958982
n 1521 1 0.78215 0.486127 0.934228
n 1522 1 0.568766 0.454813 0.824114
n 1523 1 0.940729 0.353567 0.507264
n 1524 2 0.979464 1 0.697236
n 1525 1 0.640485 0.723347 0.457904
n 1526 1 0.925584 0.673797 0.923425
n 1527 1 0.916078 0.181539 1.00462
n 1528 1 0.668454 0.31057 0.0769557
n 1529 1 0.191824 0.170052 0.0313514
n 1530 1 0.423147 0.675087 0.184706
n 1531 1 0.125819 0.421031 0.49463
n 1532 1 0.128976 0.100358 0.299413
n 1533 1 0.276034 0.134297 0.775043
n 1534 1 0.39154 0.692077 -0.121341
n 1535 1 0.386306 0.706325 0.377428
n 1536 1 0.0244531 0.739372 0.903073
n 1537 1 0.316727 0.372351 1.07299
n 1538 1 0.740662 0.579224 0.433059
n 1539 1 0.958592 0.132029 0.472094
n 1540 1 0.333283 0.111009 0.842066
n 1541 1 0.62776 0.404982 0.566632
n 1542 1 0.620931 0.0162417 0.101868
n 1543 1 0.67265 0.445121 0.351644
n 1544 1 0.592155 0.282828 0.660821
n 1545 1 0.15655 0.451508 0.485331
n 1546 1 0.445161 0.207094 0.74541
n 1547 1 0.696577 0.612391 0.598696
n 1548 1 0.78578 0.995211 0.28047
n 1549 1 0.704636 0.885838 -0.199587
n 1550 1 0.58185 0.271009 0.540233
n 1551 1 0.901 0.387636 0.905668
n 1552 1 0.0742561 0.88945 0.672006
n 1553 1 0.444765 0.768971 0.98379
n 1554 1 0.264366 0.709913 0.845111
n 1555 2 0.227649 1 0.842013
n 1556 1 0.35441 0.945941 0.666471
n 1557 1 0.00215839 0.943288 0.313041
n 1558 1 0.162232 0.591182 -0.134672
n 1559 1 0.104212 0.931349 0.225774
n 1560 1 0.347764 0.586124 1.0091
n 1561 1 0.773802 0.517226 0.758607
n 1562 1 0.347589 0.621841 0.0293035
n 1563 2 0.176788 1 0.0369296
n 1564 1 0.905232 0.287241 0.605938
n 1565 1 1.08091 0.744747 0.511987
n 1566 1 0.887696 0.333491 0.372711
n 1567 1 0.542241 0.15697 0.686561
n 1568 1 0.48647 0.246663 0.801529
n 1569 2 0.0927315 0 0.748035
n 1570 1 -0.0845226 0.626242 0.109696
n 1571 1 0.274152 0.966894 0.175345
n 1572 1 0.0719668 0.72818 0.0123303
n 1573 1 0.359749 0.62784 0.407443
n 1574 1 0.807871 0.553038 0.500837
n 1575 1 0.750804 0.277659 0.0886353
n 1576 2 0.845826 0 0.400608
n 1577 1 0.700708 0.457006 0.489929
n 1578 1 0.288027 0.439322 0.381694
n 1579 1 0.762266 0.286223 0.40737
n 1580 1 0.473191 0.613387 0.481744
n 1581 1 0.725781 0.996995 0.286695
n 1582 2 0.495108 0 0.717942
n 1583 1 0.739254 0.211499 0.392679
n 1584 2 0.960881 1 -0.081204
n 1585 1 0.918546 0.693839 0.277551
n 1586 2 0.049671 1 0.0321284
n 1587 1 0.0998086 0.856439 0.23671
n 1588 1 0.96633 0.78373 0.902461
n 1589 1 0.855037 0.404302 0.598076
n 1590 1 0.954732 0.498946 0.359945
n 1591 1 0.825111 0.293769 0.795952
n 1592 1 0.939774 0.427649 1.04508
n 1593 1 0.729866 0.732504 0.710415
n 1594 2 0.672999 0 0.204513
n 1595 1 0.476373 0.240631 0.164137
n 1596 1 0.140461 0.163314 0.245573
n 1597 2 0.436849 0 0.324312
n 1598 1 0.667613 0.788684 0.341975
n 1599 1 0.89513 0.367093 0.20234
n 1600 0 0.86299 0.471451 0.688387
n 1601 0 0.863814 0.47197 0.689265
n 1602 0 0.564329 0.343178 0.119225
n 1603 0 0.5656 0.341941 0.11844
n 1604 0 0.210508 0.428199 0.230051
n 1605 0 0.209794 0.428666 0.230094
n 1606 0 0.908746 0.829459 0.136545
n 1607 0 0.909082 0.829456 0.136519
n 1608 0 0.905648 0.772972 0.102914
n 1609 0 0.905584 0.772778 0.103246
n 1610 0 0.415331 0.134991 0.752952
n 1611 0 0.415108 0.134808 0.754194
n 1612 0 0.548512 0.767443 0.205907
n 1613 0 0.549375 0.768229 0.206858
n 1614 0 0.591478 0.623502 0.285845
n 1615 0 0.591117 0.622603 0.28442
n 1616 0 0.524912 0.846507 0.161999
n 1617 0 0.525034 0.846833 0.16252
n 1618 0 0.288908 0.334281 0.425046
n 1619 0 0.289214 0.333594 0.424063
n 1620 0 0.298682 0.333547 0.428604
n 1621 0 0.298985 0.33409 0.427883
n 1622 0 0.475794 0.280023 0.572797
n 1623 0 0.476476 0.281139 0.572012
n 1624 0 0.65954 0.118424 0.502477
n 1625 0 0.658682 0.117271 0.502885
n 1626 0 0.503031 0.867885 0.841326
n 1627 0 0.503601 0.867237 0.842735
n 1628 0 0.967958 0.587756 0.420755
n 1629 0 -0.0319512 0.587486 0.420887
n 1630 0 0.789572 0.627445 0.625125
n 1631 0 0.789977 0.629402 0.625097
n 1632 0 0.896998 0.0692994 0.0950488
n 1633 0 0.897425 0.0691591 0.0939248
n 1634 0 0.139972 0.57942 0.697369
n 1635 0 0.139912 0.579515 0.697754
n 1636 0 0.173912 0.547632 0.710438
n 1637 0 0.173481 0.547181 0.71046
n 1638 0 0.959355 0.615669 0.450476
n 1639 0 -0.0418207 0.615686 0.449508
n 1640 0 0.941078 0.356748 0.110996
n 1641 0 0.941707 0.356008 0.109651
n 1642 0 0.887105 0.345029 0.0921918
n 1643 0 0.887085 0.34531 0.0920756
n 1644 0 0.828416 0.972693 0.806011
n 1645 0 0.828851 0.973694 0.807251
n 1646 0 0.800613 0.392546 0.367613
n 1647 0 0.800547 0.392233 0.367396
n 1648 0 0.521672 0.539602 0.240448
n 1649 0 0.521049 0.539527 0.241727
n 1650 0 0.355462 0.934901 0.395196
n 1651 0 0.354403 0.934464 0.396351
n 1652 0 0.310813 0.504305 0.874912
n 1653 0 0.310776 0.50536 0.876107
n 1654 0 0.813199 0.254063 0.882244
n 1655 0 0.81236 0.253322 -0.11713
n 1656 0 0.47909 0.776928 0.668686
n 1657 0 0.478434 0.776223 0.667405
n 1658 0 0.250757 0.420502 0.468567
n 1659 0 0.249885 0.420641 0.467992
n 1660 0 0.733083 0.346785 0.894184
n 1661 0 0.732965 0.346368 0.894379
n 1662 0 0.0284922 0.496286 0.822427
n 1663 0 0.0285096 0.496275 0.822431
n 1664 0 0.315379 0.163278 0.392976
n 1665 0 0.315041 0.163293 0.394109
n 1666 0 0.50307 0.171525 0.141621
n 1667 0 0.503089 0.171358 0.141419
n 1668 0 0.225589 0.237235 0.291281
n 1669 0 0.225245 0.237278 0.291582
n 1670 0 0.836977 0.742777 0.836202
n 1671 0 0.836713 0.742864 0.836118
n 1672 0 0.908222 0.935196 0.811545
n 1673 0 0.908207 0.935082 0.810608
n 1674 0 0.908559 0.859545 0.652161
n 1675 0 0.908716 0.859501 0.652117
n 1676 0 0.387274 0.863397 0.221885
n 1677 0 0.38721 0.864697 0.223292
n 1678 0 0.613956 0.874796 0.221616
n 1679 0 0.613957 0.874743 0.220773
n 1680 0 0.106758 0.279374 0.0687356
n 1681 0 0.106551 0.279476 0.0684915
n 1682 0 0.0242317 0.49757 0.229698
n 1683 0 1.02429 0.498354 0.228662
n 1684 0 0.0645688 0.390921 0.151023
n 1685 0 0.0648794 0.391033 0.15103
n 1686 0 0.460006 0.470032 0.972302
n 1687 0 0.460779 0.469854 -0.0273815
n 1688 0 0.388067 0.202724 0.997444
n 1689 0 0.388581 0.202559 -0.00284483
n 1690 0 0.552115 0.219001 0.30014
n 1691 0 0.552335 0.218477 0.299639
n 1692 0 0.364986 0.442973 0.404934
n 1693 0 0.365584 0.443147 0.405232
n 1694 0 0.366399 0.314503 0.477468
n 1695 0 0.366715 0.31445 0.47737
n 1696 0 0.894513 0.427686 0.831959
n 1697 0 0.894455 0.4287 0.830847
n 1698 0 1.08542 0.18883 0.776471
n 1699 0 0.0853781 0.18881 0.776514
n 1700 0 0.561882 0.639486 0.259255
n 1701 0 0.561855 0.63978 0.259149
n 1702 0 0.0466845 0.498459 1.01529
n 1703 0 0.0448675 0.498368 0.0149713
n 1704 0 0.0608318 0.377853 0.969835
n 1705 0 0.060854 0.377864 0.969813
n 1706 0 1.0242 0.589433 0.604587
n 1707 0 0.0239097 0.589604 0.604675
n 1708 0 1.05074 0.642738 0.587456
n 1709 0 0.0512214 0.64281 0.588421
n 1710 0 0.148321 0.362975 0.662588
n 1711 0 0.14734 0.362674 0.661596
n 1712 0 0.733941 0.948612 0.349867
n 1713 0 0.733016 0.947527 0.349351
n 1714 0 0.52689 0.774541 0.64345
n 1715 0 0.526718 0.774543 0.643452
n 1716 0 0.520114 0.576577 0.408594
n 1717 0 0.518515 0.576172 0.408981
n 1718 0 0.526978 0.795315 0.615041
n 1719 0 0.526656 0.796586 0.616066
n 1720 0 0.147779 0.500031 0.727785
n 1721 0 0.147212 0.499332 0.727874
n 1722 0 0.918353 0.517863 0.379986
n 1723 0 -0.0817471 0.517545 0.380417
n 1724 0 0.881079 0.593865 0.427454
n 1725 0 0.880503 0.593769 0.427154
n 1726 0 0.855572 0.774217 0.613628
n 1727 0 0.855259 0.774146 0.614067
n 1728 0 0.679498 0.382191 0.665225
n 1729 0 0.678232 0.3816 0.664212
n 1730 0 0.879525 0.765416 0.776515
n 1731 0 0.879344 0.764991 0.776279
n 1732 0 0.168764 0.795934 0.359742
n 1733 0 0.169879 0.794836 0.36021
n 1734 0 1.09321 0.429948 0.549731
n 1735 0 0.0927661 0.429919 0.551255
n 1736 0 0.658867 0.511412 0.423772
n 1737 0 0.658872 0.511758 0.423976
n 1738 0 0.258289 0.826396 0.480718
n 1739 0 0.257375 0.825275 0.479878
n 1740 0 0.0829318 0.0376936 0.299906
n 1741 0 0.0825814 0.0375177 0.299673
n 1742 0 0.231333 0.225109 0.241249
n 1743 0 0.230847 0.225745 0.242142
n 1744 0 0.590994 0.84994 0.458379
n 1745 0 0.590682 0.848512 0.458337
n 1746 0 0.95794 0.128978 0.553385
n 1747 0 -0.0420884 0.128984 0.553368
n 1748 0 -0.0438639 0.67224 0.272424
n 1749 0 -0.0438682 0.672233 0.272417
n 1750 0 -0.0803511 0.705687 0.261411
n 1751 0 0.920333 0.706762 0.262408
n 1752 0 0.644796 0.570285 0.248344
n 1753 0 0.644418 0.569745 0.248608
n 1754 0 0.762084 0.892504 0.781266
n 1755 0 0.761934 0.892024 0.782012
n 1756 0 -0.0321465 0.182819 0.509848
n 1757 0 -0.0331158 0.183149 0.510805
n 1758 0 0.571756 0.532386 0.995585
n 1759 0 0.571569 0.532705 0.996958
n 1760 0 0.181212 0.713706 0.222764
n 1761 0 0.181173 0.713731 0.222861
n 1762 0 -0.153495 0.747374 0.0779915
n 1763 0 0.84689 0.747395 0.0771076
n 1764 0 0.911025 0.532758 0.47768
n 1765 0 0.91098 0.533634 0.478303
n 1766 0 0.172821 0.713032 0.423704
n 1767 0 0.17304 0.712266 0.424043
n 1768 0 0.683806 0.360943 0.232749
n 1769 0 0.683687 0.361197 0.231373
n 1770 0 0.595658 0.570739 0.278964
n 1771 0 0.595376 0.570447 0.279753
n 1772 0 0.322326 0.470619 0.406018
n 1773 0 0.32227 0.470834 0.406098
n 1774 0 0.562748 0.550472 0.883952
n 1775 0 0.562314 0.551427 0.882953
n 1776 0 0.11731 0.875602 0.705885
n 1777 0 0.116192 0.875814 0.707295
n 1778 0 0.583171 0.99479 0.630141
n 1779 0 0.582511 0.993706 0.628959
n 1780 0 0.176394 0.382269 0.238813
n 1781 0 0.176374 0.382379 0.238966
n 1782 0 0.609317 0.656994 0.258115
n 1783 0 0.608622 0.657439 0.258216
n 1784 0 0.919671 0.66984 0.910101
n 1785 0 0.918936 0.669822 -0.0902884
n 1786 0 0.921886 0.677329 0.90557
n 1787 0 0.923797 0.676816 0.905656
n 1788 0 -0.0862625 0.847857 0.666725
n 1789 0 0.913513 0.847526 0.667426
n 1790 0 0.821102 0.226478 -0.0609631
n 1791 0 0.821063 0.227366 0.940058
n 1792 0 0.263837 0.224206 0.337656
n 1793 0 0.264077 0.223612 0.338336
n 1794 0 0.856643 0.125296 0.631637
n 1795 0 0.855208 0.125392 0.630425
n 1796 0 0.966185 0.381383 0.0153394
n 1797 0 0.966177 0.381358 1.01538
n 1798 0 0.300822 0.356906 0.412636
n 1799 0 0.30107 0.356354 0.411848
n 1800 0 0.631358 0.81324 0.190321
n 1801 0 0.631322 0.813764 0.190515
n 1802 0 0.783055 0.881825 0.0326513
n 1803 0 0.783188 0.882032 0.0328696
n 1804 0 0.899155 0.961757 0.073975
n 1805 0 0.89805 0.961728 0.0732255
n 1806 0 0.839614 0.84293 0.46985
n 1807 0 0.840111 0.84409 0.470803
n 1808 0 0.859215 0.451998 0.199531
n 1809 0 0.859438 0.452417 0.201273
n 1810 0 0.611599 0.403785 0.943835
n 1811 0 0.611552 0.403859 0.943635
n 1812 0 1.02225 0.178503 0.568033
n 1813 0 0.0220973 0.178776 0.568202
n 1814 0 0.210678 0.0943759 0.0645779
n 1815 0 0.210526 0.0941633 0.0644442
n 1816 0 0.163382 0.596886 0.797227
n 1817 0 0.163174 0.596341 0.797263
n 1818 0 0.404717 0.300034 0.731694
n 1819 0 0.404714 0.300064 0.731697
n 1820 0 0.48012 0.974901 0.68878
n 1821 0 0.480354 0.973607 0.689969
n 1822 0 0.180609 0.478024 0.758997
n 1823 0 0.180265 0.477777 0.759089
n 1824 0 0.327741 0.846969 0.017527
n 1825 0 0.327754 0.846905 0.0175353
n 1826 0 0.861511 0.246299 0.901225
n 1827 0 0.86013 0.247532 -0.0989678
n 1828 0 0.0965364 0.125478 0.0127549
n 1829 0 1.09554 0.125165 1.0138
n 1830 0 0.49576 0.0518286 0.638893
n 1831 0 0.495241 0.0525309 0.638716
n 1832 0 0.244834 0.213317 0.258463
n 1833 0 0.243275 0.212096 0.258627
n 1834 0 0.568 0.843488 0.503634
n 1835 0 0.567993 0.843516 0.503617
n 1836 0 0.685545 0.826889 0.425576
n 1837 0 0.685062 0.828056 0.4246
n 1838 0 1.01946 0.226781 0.25767
n 1839 0 0.020907 0.22792 0.258398
n 1840 0 0.906531 0.238805 0.462762
n 1841 0 0.906552 0.238816 0.462773
n 1842 0 -0.0324136 0.833519 0.668824
n 1843 0 0.967235 0.833399 0.669184
n 1844 0 0.0265181 0.657821 0.667555
n 1845 0 0.0265275 0.657824 0.667546
n 1846 0 0.61892 0.568637 0.729427
n 1847 0 0.619809 0.569038 0.730563
n 1848 0 0.60198 0.522501 0.758958
n 1849 0 0.601446 0.522644 0.758876
n 1850 0 0.81059 0.791173 0.501843
n 1851 0 0.810021 0.792594 0.502017
n 1852 0 0.259892 0.959078 1.04123
n 1853 0 0.261103 0.959265 0.0403119
n 1854 0 0.699439 0.331661 0.134216
n 1855 0 0.6988 0.331131 0.135452
n 1856 0 0.206745 0.349032 0.111356
n 1857 0 0.206325 0.349016 0.11153
n 1858 0 0.376469 0.443894 0.52952
n 1859 0 0.376338 0.444261 0.52949
n 1860 0 0.530788 0.953699 0.800843
n 1861 0 0.531148 0.954125 0.80094
n 1862 0 0.124325 0.870588 0.359199
n 1863 0 0.122814 0.870498 0.3586
n 1864 0 0.519826 0.764866 0.0184779
n 1865 0 0.520479 0.765085 0.0189583
n 1866 0 0.0607493 0.235765 0.771035
n 1867 0 0.0593622 0.23495 0.770773
n 1868 0 0.48755 0.0323264 0.437061
n 1869 0 0.489445 0.0319151 0.437275
n 1870 0 0.741925 0.360092 0.678985
n 1871 0 0.743071 0.360025 0.679548
n 1872 0 0.685915 0.438298 -0.061528
n 1873 0 0.685408 0.439475 0.939563
n 1874 0 0.565797 0.73744 0.700081
n 1875 0 0.565963 0.737359 0.700096
n 1876 0 0.284761 0.67205 0.916263
n 1877 0 0.284498 0.672336 0.915016
n 1878 0 0.499033 0.804667 0.815832
n 1879 0 0.499976 0.804569 0.8159
n 1880 0 0.4818 0.568659 0.714355
n 1881 0 0.482545 0.568345 0.71496
n 1882 0 0.649839 0.885983 0.416081
n 1883 0 0.651322 0.886765 0.415199
n 1884 0 0.164032 0.861593 0.155924
n 1885 0 0.163751 0.86204 0.155138
n 1886 0 0.276458 0.207509 0.882098
n 1887 0 0.276467 0.207535 0.882439
n 1888 0 -0.112833 0.378086 0.20718
n 1889 0 0.888623 0.379151 0.206334
n 1890 0 0.549909 0.843188 0.0957154
n 1891 0 0.550035 0.843164 0.0956006
n 1892 0 0.204017 0.296304 0.101107
n 1893 0 0.204157 0.296586 0.0996476
n 1894 0 0.932421 0.809487 0.502011
n 1895 0 0.931331 0.810114 0.501693
n 1896 0 1.07392 0.58805 0.652507
n 1897 0 0.0741853 0.587483 0.652182
n 1898 0 0.0545859 0.528533 0.253144
n 1899 0 1.05455 0.528562 0.253151
n 1900 0 0.830346 0.198752 0.536649
n 1901 0 0.830128 0.198397 0.536209
n 1902 0 0.374759 0.459664 0.809544
n 1903 0 0.374275 0.459672 0.809453
n 1904 0 0.728427 0.131765 0.836998
n 1905 0 0.727838 0.131097 0.836776
n 1906 0 0.857619 0.478975 0.939832
n 1907 0 0.857428 0.478941 0.939922
n 1908 0 0.900128 0.234605 0.801468
n 1909 0 0.900307 0.23478 0.801312
n 1910 0 0.966786 0.574662 0.00831794
n 1911 0 0.967863 0.574534 1.00728
n 1912 0 0.393544 0.210998 0.00498631
n 1913 0 0.394966 0.210892 0.00374209
n 1914 0 0.627073 0.9045 0.577815
n 1915 0 0.627374 0.903475 0.578417
n 1916 0 0.894033 0.53141 0.700771
n 1917 0 0.892504 0.532038 0.700548
n 1918 0 0.611421 0.571395 0.490143
n 1919 0 0.611817 0.571717 0.49122
n 1920 0 0.641445 0.539254 0.488731
n 1921 0 0.641827 0.539644 0.487991
n 1922 0 0.975279 0.57622 0.614434
n 1923 0 0.974247 0.577475 0.614739
n 1924 0 0.0636314 0.612051 0.691253
n 1925 0 0.0649804 0.61279 0.690443
n 1926 0 0.852076 0.78875 0.73668
n 1927 0 0.85208 0.78885 0.736548
n 1928 0 0.382766 0.326268 0.0806361
n 1929 0 0.381647 0.325181 1.07941
n 1930 0 0.667433 0.0319828 0.298853
n 1931 0 0.667406 0.0320331 0.298853
n 1932 0 0.506612 0.574685 0.528975
n 1933 0 0.50701 0.575401 0.530026
n 1934 0 0.410844 0.352269 0.58733
n 1935 0 0.410934 0.353003 0.587813
n 1936 0 0.727697 0.912881 0.778148
n 1937 0 0.727099 0.912028 0.778798
n 1938 0 0.491167 0.638351 0.471328
n 1939 0 0.491297 0.637876 0.471645
n 1940 0 0.489149 0.636647 0.469599
n 1941 0 0.488734 0.636993 0.469742
n 1942 0 0.667985 0.427848 0.739888
n 1943 0 0.66784 0.427846 0.739719
n 1944 0 0.0701134 0.0319977 0.322596
n 1945 0 0.0694682 0.033244 0.322545
n 1946 0 0.965149 0.117835 0.953224
n 1947 0 0.964833 0.117886 0.952856
n 1948 0 0.373537 0.723072 0.489889
n 1949 0 0.373033 0.722602 0.490938
n 1950 0 0.490279 0.871572 0.462631
n 1951 0 0.49001 0.870411 0.462204
n 1952 0 0.626757 0.27217 0.764626
n 1953 0 0.626822 0.27215 0.76424
n 1954 0 0.496438 0.869453 0.148686
n 1955 0 0.495069 0.869505 0.147348
n 1956 0 0.162896 0.590536 0.00855804
n 1957 0 0.162596 0.589984 0.00928382
n 1958 0 0.586494 0.272094 0.546778
n 1959 0 0.586977 0.272882 0.546104
n 1960 0 0.838796 0.546224 0.0944901
n 1961 0 0.838709 0.546212 0.0945062
n 1962 0 0.267274 0.894476 0.544431
n 1963 0 0.267124 0.895039 0.546036
n 1964 0 0.666068 0.332946 0.0681136
n 1965 0 0.665953 0.332472 0.0678287
n 1966 0 0.576574 0.758857 0.698206
n 1967 0 0.576676 0.758732 0.697358
n 1968 0 0.0550423 0.614926 0.588427
n 1969 0 0.0556357 0.615021 0.588289
n 1970 0 0.0388393 0.638154 0.534463
n 1971 0 1.0398 0.637685 0.533973
n 1972 0 0.542349 0.588973 0.89928
n 1973 0 0.542373 0.588977 0.899219
n 1974 0 0.458572 0.715392 0.920339
n 1975 0 0.458029 0.716478 0.920202
n 1976 0 0.719199 0.194567 0.41832
n 1977 0 0.719714 0.194572 0.41871
n 1978 0 0.68632 0.151047 1.00128
n 1979 0 0.686819 0.151203 1.00257
n 1980 0 0.0882968 0.319178 0.719249
n 1981 0 1.08858 0.318496 0.720425
n 1982 0 0.571997 0.20125 0.205869
n 1983 0 0.572038 0.200146 0.204827
n 1984 0 0.212309 0.312903 0.296259
n 1985 0 0.211157 0.313423 0.295317
n 1986 0 0.954686 0.509295 0.638499
n 1987 0 0.955864 0.509168 0.638625
n 1988 0 0.942973 0.506248 0.744593
n 1989 0 0.942227 0.505221 0.744481
n 1990 0 0.394502 0.866875 0.839555
n 1991 0 0.395142 0.867988 0.839717
n 1992 0 0.835586 0.290416 0.371092
n 1993 0 0.835225 0.291494 0.370552
n 1994 0 0.728474 0.843799 0.690513
n 1995 0 0.728528 0.843751 0.690551
n 1996 0 0.368712 0.722255 0.488458
n 1997 0 0.368684 0.721991 0.488577
n 1998 0 0.867906 0.583455 0.454688
n 1999 0 0.86773 0.582154 0.45412
n 2000 0 0.912272 0.619782 0.357714
n 2001 0 0.912072 0.619515 0.357523
n 2002 0 0.171099 0.146856 0.252454
n 2003 0 0.170686 0.14666 0.253602
n 2004 0 0.149543 0.94425 0.371509
n 2005 0 0.149261 0.94474 0.372988
n 2006 0 0.0344117 0.8478 1.06751
n 2007 0 0.0342806 0.847908 0.0674956
n 2008 0 0.417905 0.966315 0.694328
n 2009 0 0.417988 0.966355 0.695577
n 2010 0 0.197808 0.298793 0.487866
n 2011 0 0.198004 0.300092 0.488084
n 2012 0 0.0899883 0.97023 0.239743
n 2013 0 0.0886005 0.969531 0.239637
n 2014 0 0.601513 0.368266 0.514506
n 2015 0 0.600739 0.367043 0.514511
n 2016 0 0.168278 0.365561 0.279402
n 2017 0 0.168717 0.365112 0.27853
n 2018 0 0.912283 0.636108 0.334187
n 2019 0 -0.0876703 0.636357 0.334365
n 2020 0 -0.055904 0.919576 0.603004
n 2021 0 0.943913 0.920176 0.602597
n 2022 0 0.783662 0.922098 0.312029
n 2023 0 0.784003 0.922449 0.312252
n 2024 0 0.736462 0.0805643 0.792702
n 2025 0 0.73772 0.0812817 0.792686
n 2026 0 0.747912 0.637596 0.615305
n 2027 0 0.748098 0.637911 0.614808
c 1600 1601 
c 1602 1603 
c 1604 1605 
c 1606 1607 
c 1608 1609 
c 1610 1611 
c 1612 1613 
c 1614 1615 
c 1616 1617 
c 1618 1619 
c 1620 1621 
c 1622 1623 
c 1624 1625 
c 1626 1627 
c 1628 1629 
c 1630 1631 
c 1632 1633 
c 1634 1635 
c 1636 1637 
c 1638 1639 
c 1640 1641 
c 1642 1643 
c 1644 1645 
c 1646 1647 
c 1648 1649 
c 1650 1651 
c 1652 1653 
c 1654 1655 
c 1656 1657 
c 1658 1659 
c 1660 1661 
c 1662 1663 
c 1664 1665 
c 1666 1667 
c 1668 1669 
c 1670 1671 
c 1672 1673 
c 1674 1675 
c 1676 1677 
c 1678 1679 
c 1680 1681 
c 1682 1683 
c 1684 1685 
c 1686 1687 
c 1688 1689 
c 1690 1691 
c 1692 1693 
c 1694 1695 
c 1696 1697 
c 1698 1699 
c 1700 1701 
c 1702 1703 
c 1704 1705 
c 1706 1707 
c 1708 1709 
c 1710 1711 
c 1712 1713 
c 1714 1715 
c 1716 1717 
c 1718 1719 
c 1720 1721 
c 1722 1723 
c 1724 1725 
c 1726 1727 
c 1728 1729 
c 1730 1731 
c 1732 1733 
c 1734 1735 
c 1736 1737 
c 1738 1739 
c 1740 1741 
c 1742 1743 
c 1744 1745 
c 1746 1747 
c 1748 1749 
c 1750 1751 
c 1752 1753 
c 1754 1755 
c 1756 1757 
c 1758 1759 
c 1760 1761 
c 1762 1763 
c 1764 1765 
c 1766 1767 
c 1768 1769 
c 1770 1771 
c 1772 1773 
c 1774 1775 
c 1776 1777 
c 1778 1779 
c 1780 1781 
c 1782 1783 
c 1784 1785 
c 1786 1787 
c 1788 1789 
c 1790 1791 
c 1792 1793 
c 1794 1795 
c 1796 1797 
c 1798 1799 
c 1800 1801 
c 1802 1803 
c 1804 1805 
c 1806 1807 
c 1808 1809 
c 1810 1811 
c 1812 1813 
c 1814 1815 
c 1816 1817 
c 1818 1819 
c 1820 1821 
c 1822 1823 
c 1824 1825 
c 1826 1827 
c 1828 1829 
c 1830 1831 
c 1832 1833 
c 1834 1835 
c 1836 1837 
c 1838 1839 
c 1840 1841 
c 1842 1843 
c 1844 1845 
c 1846 1847 
c 1848 1849 
c 1850 1851 
c 1852 1853 
c 1854 1855 
c 1856 1857 
c 1858 1859 
c 1860 1861 
c 1862 1863 
c 1864 1865 
c 1866 1867 
c 1868 1869 
c 1870 1871 
c 1872 1873 
c 1874 1875 
c 1876 1877 
c 1878 1879 
c 1880 1881 
c 1882 1883 
c 1884 1885 
c 1886 1887 
c 1888 1889 
c 1890 1891 
c 1892 1893 
c 1894 1895 
c 1896 1897 
c 1898 1899 
c 1900 1901 
c 1902 1903 
c 1904 1905 
c 1906 1907 
c 1908 1909 
c 1910 1911 
c 1912 1913 
c 1914 1915 
c 1916 1917 
c 1918 1919 
c 1920 1921 
c 1922 1923 
c 1924 1925 
c 1926 1927 
c 1928 1929 
c 1930 1931 
c 1932 1933 
c 1934 1935 
c 1936 1937 
c 1938 1939 
c 1940 1941 
c 1942 1943 
c 1944 1945 
c 1946 1947 
c 1948 1949 
c 1950 1951 
c 1952 1953 
c 1954 1955 
c 1956 1957 
c 1958 1959 
c 1960 1961 
c 1962 1963 
c 1964 1965 
c 1966 1967 
c 1968 1969 
c 1970 1971 
c 1972 1973 
c 1974 1975 
c 1976 1977 
c 1978 1979 
c 1980 1981 
c 1982 1983 
c 1984 1985 
c 1986 1987 
c 1988 1989 
c 1990 1991 
c 1992 1993 
c 1994 1995 
c 1996 1997 
c 1998 1999 
c 2000 2001 
c 2002 2003 
c 2004 2005 
c 2006 2007 
c 2008 2009 
c 2010 2011 
c 2012 2013 
c 2014 2015 
c 2016 2017 
c 2018 2019 
c 2020 2021 
c 2022 2023 
c 2024 2025 
c 2026 2027 
