b 2027 800 1 1 1 1 0 1
f 0 0.001 0 1600 1 
f 1 0.001 2 3 
f 2 0.001 4 1602 1604 5 
f 3 0.001 6 1606 7 
f 4 0.001 8 9 
f 5 0.001 10 1608 11 
f 6 0.001 12 1612 1610 13 
f 7 0.001 14 1614 15 
f 8 0.001 16 17 
f 9 0.001 18 19 
f 10 0.001 20 21 
f 11 0.001 22 1615 23 
f 12 0.001 24 25 
f 13 0.001 26 1617 1619 27 
f 14 0.001 28 1621 29 
f 15 0.001 30 31 
f 16 0.001 32 33 
f 17 0.001 34 1623 35 
f 18 0.001 36 37 
f 19 0.001 38 39 
f 20 0.001 40 41 
f 21 0.001 42 43 
f 22 0.001 44 45 
f 23 0.001 46 1625 1627 47 
f 24 0.001 48 49 
f 25 0.001 50 1629 51 
f 26 0.001 52 1631 53 
f 27 0.001 54 55 
f 28 0.001 56 57 
f 29 0.001 58 59 
f 30 0.001 60 61 
f 31 0.001 62 63 
f 32 0.001 64 1633 65 
f 33 0.001 66 67 
f 34 0.001 68 1637 1635 69 
f 35 0.001 70 1639 1641 71 
f 36 0.001 72 1645 1643 73 
f 37 0.001 74 1647 1649 75 
f 38 0.001 76 1651 77 
f 39 0.001 78 1653 1655 79 
f 40 0.001 80 81 
f 41 0.001 82 83 
f 42 0.001 84 85 
f 43 0.001 86 1657 87 
f 44 0.001 88 1659 1661 89 
f 45 0.001 90 91 
f 46 0.001 92 93 
f 47 0.001 94 95 
f 48 0.001 96 1665 1663 97 
f 49 0.001 98 99 
f 50 0.001 100 101 
f 51 0.001 102 103 
f 52 0.001 104 105 
f 53 0.001 106 107 
f 54 0.001 108 1667 109 
f 55 0.001 110 111 
f 56 0.001 112 113 
f 57 0.001 114 1669 115 
f 58 0.001 116 117 
f 59 0.001 118 119 
f 60 0.001 120 1675 1671 1673 121 
f 61 0.001 122 123 
f 62 0.001 124 125 
f 63 0.001 126 1678 127 
f 64 0.001 128 129 
f 65 0.001 130 131 
f 66 0.001 132 133 
f 67 0.001 134 135 
f 68 0.001 136 1680 137 
f 69 0.001 138 1682 139 
f 70 0.001 140 141 
f 71 0.001 142 1684 143 
f 72 0.001 144 145 
f 73 0.001 146 147 
f 74 0.001 148 149 
f 75 0.001 150 1686 1688 151 
f 76 0.001 152 1690 153 
f 77 0.001 154 1694 1692 155 
f 78 0.001 156 157 
f 79 0.001 158 159 
f 80 0.001 160 1696 161 
f 81 0.001 162 163 
f 82 0.001 164 1698 165 
f 83 0.001 166 1700 167 
f 84 0.001 168 169 
f 85 0.001 170 171 
f 86 0.001 172 173 
f 87 0.001 174 175 
f 88 0.001 176 1702 177 
f 89 0.001 178 1704 179 
f 90 0.001 180 181 
f 91 0.001 182 1708 1652 1706 183 
f 92 0.001 184 1710 1712 185 
f 93 0.001 186 1716 1714 187 
f 94 0.001 188 189 
f 95 0.001 190 191 
f 96 0.001 192 1718 193 
f 97 0.001 194 195 
f 98 0.001 196 1720 1715 197 
f 99 0.001 198 199 
f 100 0.001 200 1722 201 
f 101 0.001 202 203 
f 102 0.001 204 205 
f 103 0.001 206 1724 207 
f 104 0.001 208 209 
f 105 0.001 210 1726 211 
f 106 0.001 212 1644 1711 213 
f 107 0.001 214 1728 215 
f 108 0.001 216 1732 1730 217 
f 109 0.001 218 1734 219 
f 110 0.001 220 221 
f 111 0.001 222 1624 1736 223 
f 112 0.001 224 225 
f 113 0.001 226 1738 1740 1723 227 
f 114 0.001 228 229 
f 115 0.001 230 1744 1742 231 
f 116 0.001 232 233 
f 117 0.001 234 235 
f 118 0.001 236 1748 1746 237 
f 119 0.001 238 239 
f 120 0.001 240 241 
f 121 0.001 242 243 
f 122 0.001 244 245 
f 123 0.001 246 247 
f 124 0.001 248 249 
f 125 0.001 250 1750 251 
f 126 0.001 252 253 
f 127 0.001 254 255 
f 128 0.001 256 257 
f 129 0.001 258 259 
f 130 0.001 260 261 
f 131 0.001 262 263 
f 132 0.001 264 265 
f 133 0.001 266 267 
f 134 0.001 268 269 
f 135 0.001 270 1752 271 
f 136 0.001 272 1754 273 
f 137 0.001 274 275 
f 138 0.001 276 277 
f 139 0.001 278 1756 279 
f 140 0.001 280 281 
f 141 0.001 282 1758 283 
f 142 0.001 284 285 
f 143 0.001 286 287 
f 144 0.001 288 289 
f 145 0.001 290 1760 291 
f 146 0.001 292 293 
f 147 0.001 294 295 
f 148 0.001 296 297 
f 149 0.001 298 299 
f 150 0.001 300 1762 301 
f 151 0.001 302 303 
f 152 0.001 304 1764 305 
f 153 0.001 306 307 
f 154 0.001 308 309 
f 155 0.001 310 311 
f 156 0.001 312 313 
f 157 0.001 314 315 
f 158 0.001 316 317 
f 159 0.001 318 319 
f 160 0.001 320 321 
f 161 0.001 322 323 
f 162 0.001 324 325 
f 163 0.001 326 1768 1766 327 
f 164 0.001 328 329 
f 165 0.001 330 1770 1772 331 
f 166 0.001 332 333 
f 167 0.001 334 335 
f 168 0.001 336 337 
f 169 0.001 338 339 
f 170 0.001 340 341 
f 171 0.001 342 1776 1774 1747 343 
f 172 0.001 344 345 
f 173 0.001 346 1778 347 
f 174 0.001 348 349 
f 175 0.001 350 351 
f 176 0.001 352 1693 1780 353 
f 177 0.001 354 1784 1721 1782 355 
f 178 0.001 356 357 
f 179 0.001 358 359 
f 180 0.001 360 361 
f 181 0.001 362 363 
f 182 0.001 364 1786 365 
f 183 0.001 366 367 
f 184 0.001 368 1788 369 
f 185 0.001 370 1699 1616 371 
f 186 0.001 372 1626 373 
f 187 0.001 374 375 
f 188 0.001 376 1790 1792 377 
f 189 0.001 378 379 
f 190 0.001 380 1695 1794 381 
f 191 0.001 382 1611 383 
f 192 0.001 384 1796 385 
f 193 0.001 386 1798 1640 387 
f 194 0.001 388 1800 1802 389 
f 195 0.001 390 391 
f 196 0.001 392 1804 393 
f 197 0.001 394 395 
f 198 0.001 396 397 
f 199 0.001 398 399 
f 200 0.001 400 1806 401 
f 201 0.001 402 403 
f 202 0.001 404 405 
f 203 0.001 406 407 
f 204 0.001 408 409 
f 205 0.001 410 411 
f 206 0.001 412 413 
f 207 0.001 414 1808 415 
f 208 0.001 416 417 
f 209 0.001 418 419 
f 210 0.001 420 421 
f 211 0.001 422 423 
f 212 0.001 424 425 
f 213 0.001 426 427 
f 214 0.001 428 429 
f 215 0.001 430 431 
f 216 0.001 432 1767 433 
f 217 0.001 434 435 
f 218 0.001 436 437 
f 219 0.001 438 439 
f 220 0.001 440 441 
f 221 0.001 442 443 
f 222 0.001 444 445 
f 223 0.001 446 1810 1672 447 
f 224 0.001 448 449 
f 225 0.001 450 451 
f 226 0.001 452 453 
f 227 0.001 454 1814 1812 455 
f 228 0.001 456 457 
f 229 0.001 458 1731 459 
f 230 0.001 460 461 
f 231 0.001 462 463 
f 232 0.001 464 1816 465 
f 233 0.001 466 1818 467 
f 234 0.001 468 1634 469 
f 235 0.001 470 471 
f 236 0.001 472 473 
f 237 0.001 474 475 
f 238 0.001 476 477 
f 239 0.001 478 479 
f 240 0.001 480 1769 481 
f 241 0.001 482 1820 483 
f 242 0.001 484 485 
f 243 0.001 486 1822 487 
f 244 0.001 488 489 
f 245 0.001 490 491 
f 246 0.001 492 493 
f 247 0.001 494 1824 495 
f 248 0.001 496 1763 497 
f 249 0.001 498 499 
f 250 0.001 500 501 
f 251 0.001 502 503 
f 252 0.001 504 505 
f 253 0.001 506 507 
f 254 0.001 508 1622 509 
f 255 0.001 510 511 
f 256 0.001 512 1826 513 
f 257 0.001 514 1830 1828 515 
f 258 0.001 516 517 
f 259 0.001 518 1727 519 
f 260 0.001 520 1613 521 
f 261 0.001 522 523 
f 262 0.001 524 1832 1834 525 
f 263 0.001 526 527 
f 264 0.001 528 529 
f 265 0.001 530 1735 531 
f 266 0.001 532 1836 533 
f 267 0.001 534 1833 535 
f 268 0.001 536 1838 537 
f 269 0.001 538 539 
f 270 0.001 540 541 
f 271 0.001 542 1840 1842 543 
f 272 0.001 544 1844 545 
f 273 0.001 546 1618 547 
f 274 0.001 548 1759 549 
f 275 0.001 550 1846 551 
f 276 0.001 552 553 
f 277 0.001 554 555 
f 278 0.001 556 557 
f 279 0.001 558 559 
f 280 0.001 560 1848 1850 1628 561 
f 281 0.001 562 1614 1725 563 
f 282 0.001 564 565 
f 283 0.001 566 567 
f 284 0.001 568 1801 569 
f 285 0.001 570 571 
f 286 0.001 572 573 
f 287 0.001 574 1852 575 
f 288 0.001 576 1854 577 
f 289 0.001 578 1856 579 
f 290 0.001 580 1858 1860 581 
f 291 0.001 582 1674 583 
f 292 0.001 584 585 
f 293 0.001 586 587 
f 294 0.001 588 1862 589 
f 295 0.001 590 591 
f 296 0.001 592 1864 593 
f 297 0.001 594 595 
f 298 0.001 596 1668 597 
f 299 0.001 598 599 
f 300 0.001 600 1866 1868 601 
f 301 0.001 602 1870 1872 603 
f 302 0.001 604 605 
f 303 0.001 606 1874 607 
f 304 0.001 608 609 
f 305 0.001 610 1707 611 
f 306 0.001 612 613 
f 307 0.001 614 1876 1835 615 
f 308 0.001 616 1878 1880 617 
f 309 0.001 618 1882 1620 619 
f 310 0.001 620 621 
f 311 0.001 622 1884 623 
f 312 0.001 624 625 
f 313 0.001 626 1886 627 
f 314 0.001 628 1679 629 
f 315 0.001 630 1888 631 
f 316 0.001 632 633 
f 317 0.001 634 635 
f 318 0.001 636 637 
f 319 0.001 638 639 
f 320 0.001 640 641 
f 321 0.001 642 1890 643 
f 322 0.001 644 645 
f 323 0.001 646 1753 647 
f 324 0.001 648 1892 649 
f 325 0.001 650 651 
f 326 0.001 652 653 
f 327 0.001 654 1894 655 
f 328 0.001 656 657 
f 329 0.001 658 659 
f 330 0.001 660 661 
f 331 0.001 662 1898 1701 1896 663 
f 332 0.001 664 665 
f 333 0.001 666 667 
f 334 0.001 668 669 
f 335 0.001 670 671 
f 336 0.001 672 1743 673 
f 337 0.001 674 1855 675 
f 338 0.001 676 677 
f 339 0.001 678 679 
f 340 0.001 680 1900 681 
f 341 0.001 682 683 
f 342 0.001 684 685 
f 343 0.001 686 1897 687 
f 344 0.001 688 689 
f 345 0.001 690 691 
f 346 0.001 692 693 
f 347 0.001 694 1658 695 
f 348 0.001 696 1902 697 
f 349 0.001 698 699 
f 350 0.001 700 701 
f 351 0.001 702 703 
f 352 0.001 704 705 
f 353 0.001 706 707 
f 354 0.001 708 709 
f 355 0.001 710 711 
f 356 0.001 712 713 
f 357 0.001 714 715 
f 358 0.001 716 717 
f 359 0.001 718 1609 719 
f 360 0.001 720 1904 721 
f 361 0.001 722 723 
f 362 0.001 724 1813 725 
f 363 0.001 726 727 
f 364 0.001 728 1906 729 
f 365 0.001 730 1908 731 
f 366 0.001 732 1879 1912 1910 733 
f 367 0.001 734 1914 735 
f 368 0.001 736 737 
f 369 0.001 738 739 
f 370 0.001 740 1916 741 
f 371 0.001 742 1877 743 
f 372 0.001 744 745 
f 373 0.001 746 747 
f 374 0.001 748 749 
f 375 0.001 750 751 
f 376 0.001 752 1918 753 
f 377 0.001 754 1920 755 
f 378 0.001 756 757 
f 379 0.001 758 759 
f 380 0.001 760 761 
f 381 0.001 762 1922 763 
f 382 0.001 764 765 
f 383 0.001 766 767 
f 384 0.001 768 769 
f 385 0.001 770 1757 771 
f 386 0.001 772 1924 773 
f 387 0.001 774 775 
f 388 0.001 776 777 
f 389 0.001 778 1926 779 
f 390 0.001 780 781 
f 391 0.001 782 783 
f 392 0.001 784 1928 1755 785 
f 393 0.001 786 787 
f 394 0.001 788 1664 789 
f 395 0.001 790 1865 791 
f 396 0.001 792 793 
f 397 0.001 794 1930 795 
f 398 0.001 796 797 
f 399 0.001 798 799 
f 400 0.001 800 801 
f 401 0.001 802 803 
f 402 0.001 804 805 
f 403 0.001 806 807 
f 404 0.001 808 1681 809 
f 405 0.001 810 811 
f 406 0.001 812 1729 813 
f 407 0.001 814 815 
f 408 0.001 816 1841 817 
f 409 0.001 818 1891 819 
f 410 0.001 820 821 
f 411 0.001 822 1636 823 
f 412 0.001 824 825 
f 413 0.001 826 827 
f 414 0.001 828 1932 1685 829 
f 415 0.001 830 831 
f 416 0.001 832 833 
f 417 0.001 834 835 
f 418 0.001 836 837 
f 419 0.001 838 1934 1843 839 
f 420 0.001 840 1936 841 
f 421 0.001 842 843 
f 422 0.001 844 845 
f 423 0.001 846 847 
f 424 0.001 848 849 
f 425 0.001 850 1789 851 
f 426 0.001 852 853 
f 427 0.001 854 1853 855 
f 428 0.001 856 857 
f 429 0.001 858 859 
f 430 0.001 860 1775 861 
f 431 0.001 862 1937 863 
f 432 0.001 864 865 
f 433 0.001 866 867 
f 434 0.001 868 1939 869 
f 435 0.001 870 1941 871 
f 436 0.001 872 873 
f 437 0.001 874 1943 875 
f 438 0.001 876 877 
f 439 0.001 878 879 
f 440 0.001 880 881 
f 441 0.001 882 883 
f 442 0.001 884 885 
f 443 0.001 886 1821 887 
f 444 0.001 888 1642 1867 889 
f 445 0.001 890 1945 891 
f 446 0.001 892 1947 893 
f 447 0.001 894 1949 895 
f 448 0.001 896 897 
f 449 0.001 898 899 
f 450 0.001 900 901 
f 451 0.001 902 1951 903 
f 452 0.001 904 905 
f 453 0.001 906 907 
f 454 0.001 908 909 
f 455 0.001 910 911 
f 456 0.001 912 913 
f 457 0.001 914 915 
f 458 0.001 916 1630 917 
f 459 0.001 918 919 
f 460 0.001 920 921 
f 461 0.001 922 923 
f 462 0.001 924 925 
f 463 0.001 926 1953 1777 927 
f 464 0.001 928 929 
f 465 0.001 930 1955 1815 1739 931 
f 466 0.001 932 933 
f 467 0.001 934 935 
f 468 0.001 936 937 
f 469 0.001 938 939 
f 470 0.001 940 941 
f 471 0.001 942 1957 943 
f 472 0.001 944 1959 945 
f 473 0.001 946 947 
f 474 0.001 948 949 
f 475 0.001 950 1771 1961 951 
f 476 0.001 952 953 
f 477 0.001 954 955 
f 478 0.001 956 1893 957 
f 479 0.001 958 1827 959 
f 480 0.001 960 961 
f 481 0.001 962 1791 963 
f 482 0.001 964 965 
f 483 0.001 966 1666 967 
f 484 0.001 968 1963 969 
f 485 0.001 970 971 
f 486 0.001 972 1660 1783 973 
f 487 0.001 974 1654 975 
f 488 0.001 976 977 
f 489 0.001 978 979 
f 490 0.001 980 981 
f 491 0.001 982 1956 983 
f 492 0.001 984 1967 1965 985 
f 493 0.001 986 987 
f 494 0.001 988 989 
f 495 0.001 990 991 
f 496 0.001 992 1875 1933 1969 993 
f 497 0.001 994 1954 995 
f 498 0.001 996 997 
f 499 0.001 998 1948 1797 999 
f 500 0.001 1000 1001 
f 501 0.001 1002 1003 
f 502 0.001 1004 1971 1005 
f 503 0.001 1006 1007 
f 504 0.001 1008 1009 
f 505 0.001 1010 1011 
f 506 0.001 1012 1013 
f 507 0.001 1014 1973 1015 
f 508 0.001 1016 1017 
f 509 0.001 1018 1019 
f 510 0.001 1020 1021 
f 511 0.001 1022 1863 1023 
f 512 0.001 1024 1025 
f 513 0.001 1026 1027 
f 514 0.001 1028 1923 1029 
f 515 0.001 1030 1031 
f 516 0.001 1032 1033 
f 517 0.001 1034 1975 1035 
f 518 0.001 1036 1977 1037 
f 519 0.001 1038 1039 
f 520 0.001 1040 1041 
f 521 0.001 1042 1809 1043 
f 522 0.001 1044 1981 1749 1979 1045 
f 523 0.001 1046 1047 
f 524 0.001 1048 1049 
f 525 0.001 1050 1983 1051 
f 526 0.001 1052 1053 
f 527 0.001 1054 1905 1055 
f 528 0.001 1056 1938 1785 1057 
f 529 0.001 1058 1059 
f 530 0.001 1060 1061 
f 531 0.001 1062 1911 1063 
f 532 0.001 1064 1065 
f 533 0.001 1066 1067 
f 534 0.001 1068 1069 
f 535 0.001 1070 1071 
f 536 0.001 1072 1073 
f 537 0.001 1074 1779 1075 
f 538 0.001 1076 1607 1077 
f 539 0.001 1078 1079 
f 540 0.001 1080 1817 1985 1921 1081 
f 541 0.001 1082 1083 
f 542 0.001 1084 1085 
f 543 0.001 1086 1087 
f 544 0.001 1088 1089 
f 545 0.001 1090 1091 
f 546 0.001 1092 1909 1093 
f 547 0.001 1094 1095 
f 548 0.001 1096 1097 
f 549 0.001 1098 1987 1099 
f 550 0.001 1100 1989 1915 1101 
f 551 0.001 1102 1103 
f 552 0.001 1104 1974 1952 1105 
f 553 0.001 1106 1823 1107 
f 554 0.001 1108 1109 
f 555 0.001 1110 1991 1111 
f 556 0.001 1112 1113 
f 557 0.001 1114 1115 
f 558 0.001 1116 1807 1117 
f 559 0.001 1118 1119 
f 560 0.001 1120 1993 1121 
f 561 0.001 1122 1123 
f 562 0.001 1124 1125 
f 563 0.001 1126 1127 
f 564 0.001 1128 1976 1129 
f 565 0.001 1130 1995 1997 1131 
f 566 0.001 1132 1133 
f 567 0.001 1134 1135 
f 568 0.001 1136 1137 
f 569 0.001 1138 1139 
f 570 0.001 1140 1141 
f 571 0.001 1142 1999 1709 1143 
f 572 0.001 1144 1145 
f 573 0.001 1146 1147 
f 574 0.001 1148 1966 1149 
f 575 0.001 1150 1151 
f 576 0.001 1152 1153 
f 577 0.001 1154 1155 
f 578 0.001 1156 1980 1157 
f 579 0.001 1158 1159 
f 580 0.001 1160 1161 
f 581 0.001 1162 1163 
f 582 0.001 1164 1925 1847 1871 1703 1913 1165 
f 583 0.001 1166 1167 
f 584 0.001 1168 1169 
f 585 0.001 1170 1825 1171 
f 586 0.001 1172 1173 
f 587 0.001 1174 1942 1175 
f 588 0.001 1176 1717 1177 
f 589 0.001 1178 2001 1179 
f 590 0.001 1180 1181 
f 591 0.001 1182 1183 
f 592 0.001 1184 2003 1185 
f 593 0.001 1186 1837 1187 
f 594 0.001 1188 1189 
f 595 0.001 1190 1191 
f 596 0.001 1192 2005 1193 
f 597 0.001 1194 2007 1195 
f 598 0.001 1196 1197 
f 599 0.001 1198 1199 
f 600 0.001 1200 1201 
f 601 0.001 1202 1203 
f 602 0.001 1204 1849 1205 
f 603 0.001 1206 1697 1207 
f 604 0.001 1208 1209 
f 605 0.001 1210 1211 
f 606 0.001 1212 1213 
f 607 0.001 1214 1215 
f 608 0.001 1216 1217 
f 609 0.001 1218 1219 
f 610 0.001 1220 2009 1221 
f 611 0.001 1222 1223 
f 612 0.001 1224 1225 
f 613 0.001 1226 1227 
f 614 0.001 1228 2011 1229 
f 615 0.001 1230 1231 
f 616 0.001 1232 1233 
f 617 0.001 1234 1968 1235 
f 618 0.001 1236 1237 
f 619 0.001 1238 2006 1239 
f 620 0.001 1240 1241 
f 621 0.001 1242 1243 
f 622 0.001 1244 2013 1245 
f 623 0.001 1246 1741 1978 1247 
f 624 0.001 1248 1996 1803 1249 
f 625 0.001 1250 1251 
f 626 0.001 1252 1819 1253 
f 627 0.001 1254 1255 
f 628 0.001 1256 1257 
f 629 0.001 1258 1259 
f 630 0.001 1260 1261 
f 631 0.001 1262 2015 1982 1263 
f 632 0.001 1264 1960 1265 
f 633 0.001 1266 1901 1267 
f 634 0.001 1268 1962 1269 
f 635 0.001 1270 1271 
f 636 0.001 1272 1988 1273 
f 637 0.001 1274 1705 1733 1275 
f 638 0.001 1276 1859 1277 
f 639 0.001 1278 1279 
f 640 0.001 1280 1281 
f 641 0.001 1282 1283 
f 642 0.001 1284 1285 
f 643 0.001 1286 1287 
f 644 0.001 1288 1917 1289 
f 645 0.001 1290 1291 
f 646 0.001 1292 1293 
f 647 0.001 1294 1295 
f 648 0.001 1296 1638 1297 
f 649 0.001 1298 1299 
f 650 0.001 1300 1301 
f 651 0.001 1302 2017 1303 
f 652 0.001 1304 1305 
f 653 0.001 1306 1307 
f 654 0.001 1308 1603 1309 
f 655 0.001 1310 1311 
f 656 0.001 1312 1313 
f 657 0.001 1314 1632 1605 1315 
f 658 0.001 1316 1317 
f 659 0.001 1318 1811 1319 
f 660 0.001 1320 1907 1321 
f 661 0.001 1322 1323 
f 662 0.001 1324 1325 
f 663 0.001 1326 1327 
f 664 0.001 1328 1687 1964 1329 
f 665 0.001 1330 1931 1331 
f 666 0.001 1332 1648 1333 
f 667 0.001 1334 1335 
f 668 0.001 1336 1337 
f 669 0.001 1338 1745 1339 
f 670 0.001 1340 1341 
f 671 0.001 1342 1646 1343 
f 672 0.001 1344 1345 
f 673 0.001 1346 1970 1347 
f 674 0.001 1348 1349 
f 675 0.001 1350 1351 
f 676 0.001 1352 1353 
f 677 0.001 1354 1355 
f 678 0.001 1356 1357 
f 679 0.001 1358 1950 1359 
f 680 0.001 1360 1361 
f 681 0.001 1362 1773 1363 
f 682 0.001 1364 1839 1365 
f 683 0.001 1366 1845 1367 
f 684 0.001 1368 1369 
f 685 0.001 1370 1793 1371 
f 686 0.001 1372 1373 
f 687 0.001 1374 1375 
f 688 0.001 1376 1601 1377 
f 689 0.001 1378 1379 
f 690 0.001 1380 1381 
f 691 0.001 1382 1383 
f 692 0.001 1384 1385 
f 693 0.001 1386 1387 
f 694 0.001 1388 1919 1389 
f 695 0.001 1390 1391 
f 696 0.001 1392 1861 1765 1393 
f 697 0.001 1394 1795 1395 
f 698 0.001 1396 1397 
f 699 0.001 1398 1399 
f 700 0.001 1400 1401 
f 701 0.001 1402 1403 
f 702 0.001 1404 1405 
f 703 0.001 1406 1761 1407 
f 704 0.001 1408 1409 
f 705 0.001 1410 1887 1411 
f 706 0.001 1412 1873 1413 
f 707 0.001 1414 1415 
f 708 0.001 1416 1869 1417 
f 709 0.001 1418 2019 1419 
f 710 0.001 1420 1676 1421 
f 711 0.001 1422 1881 2012 1423 
f 712 0.001 1424 1713 1656 1425 
f 713 0.001 1426 1427 
f 714 0.001 1428 1984 1429 
f 715 0.001 1430 1431 
f 716 0.001 1432 1889 1935 1433 
f 717 0.001 1434 1885 1435 
f 718 0.001 1436 2021 1437 
f 719 0.001 1438 1883 1439 
f 720 0.001 1440 1986 1441 
f 721 0.001 1442 1443 
f 722 0.001 1444 1445 
f 723 0.001 1446 1927 1447 
f 724 0.001 1448 1449 
f 725 0.001 1450 1929 1451 
f 726 0.001 1452 1851 1453 
f 727 0.001 1454 1455 
f 728 0.001 1456 1958 1457 
f 729 0.001 1458 1459 
f 730 0.001 1460 1461 
f 731 0.001 1462 1463 
f 732 0.001 1464 1465 
f 733 0.001 1466 1467 
f 734 0.001 1468 1946 2023 1751 1469 
f 735 0.001 1470 2002 1471 
f 736 0.001 1472 1473 
f 737 0.001 1474 1857 1475 
f 738 0.001 1476 1670 1477 
f 739 0.001 1478 1479 
f 740 0.001 1480 1481 
f 741 0.001 1482 1483 
f 742 0.001 1484 2016 1485 
f 743 0.001 1486 1487 
f 744 0.001 1488 2020 1489 
f 745 0.001 1490 1491 
f 746 0.001 1492 1493 
f 747 0.001 1494 1495 
f 748 0.001 1496 1497 
f 749 0.001 1498 1499 
f 750 0.001 1500 1899 1501 
f 751 0.001 1502 1503 
f 752 0.001 1504 2025 2000 1505 
f 753 0.001 1506 1507 
f 754 0.001 1508 1994 1509 
f 755 0.001 1510 2022 1511 
f 756 0.001 1512 1513 
f 757 0.001 1514 1515 
f 758 0.001 1516 1944 1517 
f 759 0.001 1518 1737 1519 
f 760 0.001 1520 1521 
f 761 0.001 1522 1523 
f 762 0.001 1524 1972 1781 1525 
f 763 0.001 1526 1683 1527 
f 764 0.001 1528 2004 1529 
f 765 0.001 1530 1531 
f 766 0.001 1532 1829 1533 
f 767 0.001 1534 1535 
f 768 0.001 1536 1537 
f 769 0.001 1538 2008 1539 
f 770 0.001 1540 1719 2026 1541 
f 771 0.001 1542 1677 1543 
f 772 0.001 1544 2010 1689 1903 1545 
f 773 0.001 1546 1547 
f 774 0.001 1548 1549 
f 775 0.001 1550 1799 1662 1551 
f 776 0.001 1552 1553 
f 777 0.001 1554 1895 1555 
f 778 0.001 1556 1691 1557 
f 779 0.001 1558 1559 
f 780 0.001 1560 1561 
f 781 0.001 1562 1563 
f 782 0.001 1564 1998 1565 
f 783 0.001 1566 1805 1567 
f 784 0.001 1568 1650 1569 
f 785 0.001 1570 1990 1571 
f 786 0.001 1572 1573 
f 787 0.001 1574 2024 1940 2014 1575 
f 788 0.001 1576 1577 
f 789 0.001 1578 1579 
f 790 0.001 1580 1581 
f 791 0.001 1582 1583 
f 792 0.001 1584 1787 1992 1585 
f 793 0.001 1586 1587 
f 794 0.001 1588 2018 1589 
f 795 0.001 1590 1591 
f 796 0.001 1592 1831 1593 
f 797 0.001 1594 1595 
f 798 0.001 1596 1597 
f 799 0.001 1598 1599 
n 0 1 -0.0668477 0.124107 1.00559
n 1 1 0.0669826 0.386087 0.602528
n 2 1 0.619695 0.340949 0.0595633
n 3 1 0.518444 0.748906 0.328487
n 4 1 0.0810567 0.77132 0.884292
n 5 1 0.45623 0.591019 0.609087
n 6 1 0.600084 0.764902 1.18477
n 7 1 0.470191 0.494901 0.785736
n 8 1 1.11145 0.220148 0.80059
n 9 1 0.671166 0.336157 0.596396
n 10 1 0.854973 0.335954 0.764619
n 11 1 0.914225 0.652324 0.383305
n 12 1 0.622055 0.190108 0.768829
n 13 1 0.995406 0.29776 1.08191
n 14 2 0.381 0 0.599461
n 15 1 0.331182 0.288419 0.742154
n 16 1 0.585143 0.242741 0.787244
n 17 1 1.07176 0.350816 0.810052
n 18 1 0.205648 0.00709465 0.496286
n 19 1 0.431431 0.422877 0.654868
n 20 1 0.235641 0.338664 0.70934
n 21 1 0.268162 0.749395 0.990841
n 22 1 0.931448 0.2424 0.473935
n 23 1 0.95334 0.390661 -0.00202745
n 24 1 0.971635 0.498635 0.0293711
n 25 1 0.490713 0.484899 0.161758
n 26 1 0.156947 0.526403 0.32991
n 27 1 0.300363 0.24638 0.717234
n 28 1 0.734394 0.433596 0.627385
n 29 1 0.290586 0.370893 0.846711
n 30 1 -0.0238795 0.388219 0.167449
n 31 1 0.424099 0.607996 0.171246
n 32 1 0.746286 0.862751 0.523703
n 33 2 0.90818 1 0.294654
n 34 1 -0.184334 0.904077 0.895374
n 35 1 0.220249 0.780195 0.630861
n 36 1 0.494371 0.554325 0.736787
n 37 2 0.300977 1 0.643945
n 38 1 0.953498 0.137205 0.486227
n 39 1 0.669389 0.241005 0.0893539
n 40 1 0.513263 0.255056 0.327387
n 41 1 0.237269 0.652581 0.205722
n 42 1 -0.105997 0.720027 0.153616
n 43 1 0.361623 0.579809 0.256918
n 44 1 -0.0307763 0.436298 0.541212
n 45 1 0.0743083 0.89894 0.695875
n 46 1 0.809403 0.4723 0.34054
n 47 1 0.818014 0.548523 -0.152529
n 48 1 0.118659 0.712648 -0.0620728
n 49 1 0.129462 0.329266 0.257149
n 50 1 0.563977 0.737891 0.487405
n 51 1 0.385524 0.64299 0.0311709
n 52 1 0.284758 0.673204 0.468978
n 53 1 0.68587 0.522104 0.213479
n 54 2 0.272966 1 0.695019
n 55 1 0.521585 0.661852 0.795904
n 56 2 0.569021 1.86265e-09 0.386926
n 57 1 0.937146 0.0706038 0.566601
n 58 1 0.645738 0.740241 0.686003
n 59 1 1.12782 0.868455 0.673511
n 60 1 0.919972 0.866798 0.226203
n 61 1 0.548691 0.9933 0.534665
n 62 1 0.970711 0.547056 0.550551
n 63 1 0.816021 0.786223 0.140831
n 64 1 0.56101 0.297326 0.612766
n 65 1 0.943669 0.0399245 0.803339
n 66 1 0.729964 0.806594 0.262673
n 67 1 1.17291 0.876244 0.0437019
n 68 1 0.459572 0.162336 0.865393
n 69 1 0.853983 0.465861 0.829148
n 70 1 0.519027 0.601174 1.21594
n 71 1 0.609415 0.410074 0.763934
n 72 2 0.141012 1 0.507366
n 73 1 0.0830087 0.799128 0.815977
n 74 2 0.774815 0 0.213137
n 75 1 1.00517 0.274743 0.0398152
n 76 1 0.725971 0.277668 0.13474
n 77 1 1.16478 0.0874042 0.277037
n 78 1 0.741402 0.986108 0.537311
n 79 1 1.13372 0.857636 0.817641
n 80 2 0.573639 1 0.968332
n 81 1 0.607167 0.610575 0.918237
n 82 1 0.51122 0.920943 0.105349
n 83 2 0.749205 1 0.109498
n 84 1 0.108416 0.693699 0.457344
n 85 1 0.302419 0.728157 -0.00110623
n 86 1 0.893521 0.518329 0.826716
n 87 1 0.507176 0.528179 1.14238
n 88 1 0.526662 0.319889 0.237005
n 89 1 0.982624 0.467423 0.0979602
n 90 1 0.535877 0.369712 0.876314
n 91 1 1.00912 0.239094 0.786981
n 92 1 0.526165 0.435111 0.118033
n 93 1 0.0813811 0.412645 -0.107053
n 94 1 0.396453 0.66125 0.424915
n 95 2 0.40893 1 0.4839
n 96 1 1.05333 0.749952 0.973497
n 97 1 0.751018 0.784417 0.577993
n 98 1 -0.0903055 0.812392 0.396417
n 99 1 0.282874 0.654599 0.687689
n 100 1 0.530994 0.608936 0.238227
n 101 1 0.0971086 0.54178 0.00108936
n 102 1 0.551578 0.552986 0.122418
n 103 1 0.0863406 0.398275 0.215261
n 104 1 0.713614 0.913349 0.929258
n 105 1 1.08551 0.582038 0.898812
n 106 1 -0.146518 0.768172 0.643916
n 107 1 0.336853 0.882948 0.597224
n 108 1 0.653045 0.290757 0.148323
n 109 1 1.09145 0.0756 0.250858
n 110 1 0.238922 0.536933 0.212353
n 111 1 0.0549871 0.746132 0.626364
n 112 2 0.753773 5.82077e-11 0.898115
n 113 1 0.687955 0.0381883 0.653971
n 114 1 0.779067 0.401945 1.12282
n 115 1 0.676516 0.0330145 0.802859
n 116 1 0.197943 0.557764 0.6858
n 117 2 0.306842 1 0.829702
n 118 1 0.923914 0.110712 0.6757
n 119 1 1.06528 0.0370749 1.14856
n 120 1 0.412746 0.548263 0.502625
n 121 1 0.3551 0.150444 0.79829
n 122 1 1.01277 0.698054 0.0548915
n 123 1 0.697062 0.550738 0.412141
n 124 1 0.348411 0.10479 0.777214
n 125 2 0.0549969 0 0.915714
n 126 1 0.617974 0.695939 0.631954
n 127 2 0.592948 1 0.959488
n 128 1 0.998786 0.519444 0.969955
n 129 1 0.507107 0.43442 0.965079
n 130 1 0.318827 0.454922 0.522042
n 131 1 0.386302 0.833498 0.840048
n 132 2 0.154002 1 0.398365
n 133 1 0.423345 0.884871 0.60857
n 134 1 0.771182 0.382756 0.708878
n 135 2 0.672361 0 0.587727
n 136 1 0.666475 0.98304 0.519815
n 137 1 0.692881 0.48602 0.484112
n 138 1 0.224359 0.183825 0.221356
n 139 1 0.51705 0.371515 0.579274
n 140 1 1.00025 0.0120954 0.967301
n 141 1 0.640575 0.229202 0.698043
n 142 1 0.720898 0.384145 0.392366
n 143 1 1.1479 0.174926 0.5437
n 144 1 0.713912 0.46435 -0.0209234
n 145 1 0.924819 0.681935 0.375531
n 146 1 0.822151 0.12909 0.777405
n 147 1 0.98201 0.508018 1.06
n 148 1 0.0774197 0.225054 0.0050468
n 149 2 0.00149928 0 0.196682
n 150 1 -0.13913 0.272274 0.834315
n 151 2 0.0962077 0 0.767171
n 152 1 0.191991 0.818089 0.485283
n 153 2 0.0142935 1 0.789289
n 154 1 0.997693 0.840015 0.968058
n 155 2 0.78647 1 0.615946
n 156 1 0.470488 0.8958 -0.114257
n 157 1 0.615582 0.796981 0.352844
n 158 1 0.629662 0.357204 0.440199
n 159 1 1.09644 0.196315 0.512566
n 160 1 0.202444 0.772354 0.587353
n 161 1 0.294317 0.417709 0.926156
n 162 1 0.114789 0.270768 0.998739
n 163 1 0.610503 0.308461 0.955747
n 164 1 0.968379 0.63018 0.205269
n 165 1 0.848339 0.171721 0.361498
n 166 1 -0.0451556 0.658062 1.13832
n 167 1 0.222353 0.849259 0.762973
n 168 1 0.196036 0.142641 1.14084
n 169 2 0.0754746 0 0.959174
n 170 1 0.306876 0.323597 0.387602
n 171 1 0.127556 0.146358 0.81822
n 172 1 0.664749 0.0286385 0.847456
n 173 1 0.311249 0.37926 0.81424
n 174 1 0.00629697 0.583552 0.591518
n 175 1 0.134432 0.540699 0.111158
n 176 1 0.251665 0.534826 0.637551
n 177 1 0.628099 0.581199 0.961816
n 178 1 0.371008 0.792158 0.871403
n 179 1 0.707885 0.42882 0.930563
n 180 1 0.0406642 0.509094 0.458048
n 181 1 0.0731637 0.0786849 0.207663
n 182 1 0.132523 0.297373 0.407841
n 183 2 0.0588026 0 0.147098
n 184 1 -0.0556924 0.880306 1.14069
n 185 2 0.234623 1 0.882108
n 186 1 0.648887 0.231621 0.810112
n 187 1 1.01125 0.42202 1.09549
n 188 1 0.375909 0.595569 0.682206
n 189 1 0.724273 0.258515 0.800687
n 190 1 0.671005 0.34454 0.937032
n 191 1 1.00342 0.0733844 0.682134
n 192 1 0.438334 0.547186 0.546769
n 193 1 0.295992 0.137673 0.29971
n 194 1 0.165954 0.153012 0.277658
n 195 1 0.266615 0.377596 0.711743
n 196 2 0.725502 0 1.11695
n 197 1 0.795393 0.394986 0.848637
n 198 2 0.56648 0 0.434536
n 199 1 0.870921 0.146278 0.364939
n 200 1 0.248355 0.330567 0.89866
n 201 1 0.611675 0.191434 0.586183
n 202 1 0.280004 0.452199 0.424185
n 203 1 0.348222 0.650271 0.877081
n 204 1 0.977986 0.504645 0.49142
n 205 1 0.906611 0.88378 0.174933
n 206 1 0.152928 0.198974 0.681314
n 207 2 0.308503 0 0.404595
n 208 1 0.854682 0.717348 0.0317782
n 209 2 0.809031 1 0.0637802
n 210 1 0.631359 0.635973 0.520492
n 211 2 0.442765 1 0.477888
n 212 1 0.084972 0.819688 0.751646
n 213 2 0.189186 1 0.962767
n 214 1 0.237688 0.0557699 -0.0650946
n 215 1 0.0984648 0.398047 0.270262
n 216 1 0.271638 0.616641 -0.0595719
n 217 1 -0.134223 0.546255 0.222072
n 218 2 -0.0400386 0 -0.0581113
n 219 1 0.118144 0.203345 0.212497
n 220 1 1.04324 0.786547 0.407842
n 221 2 0.938744 1 0.29844
n 222 2 0.805862 1 0.786378
n 223 1 1.06308 0.667698 0.942391
n 224 1 0.176012 0.906372 0.354218
n 225 1 -0.0407837 0.693933 -0.0418511
n 226 1 0.636047 0.335131 0.570472
n 227 1 0.256759 0.27711 0.889495
n 228 1 0.245613 0.673716 0.411562
n 229 1 -0.040253 0.264919 0.424475
n 230 1 0.825498 0.153169 0.706341
n 231 1 1.0263 0.171766 0.249907
n 232 1 0.0141161 0.659409 0.154187
n 233 1 0.37583 0.449622 -0.118123
n 234 1 0.511455 0.900484 0.28037
n 235 1 0.549509 0.847937 -0.214394
n 236 1 0.195401 0.444311 0.921117
n 237 1 0.0625306 0.162128 0.531605
n 238 2 0.370207 0 0.485536
n 239 1 0.160423 0.232504 0.220072
n 240 1 0.431626 0.391043 0.0242722
n 241 1 0.0494726 0.708416 -0.0229924
n 242 1 0.812683 0.794883 1.04951
n 243 1 0.349991 0.65315 0.927742
n 244 1 0.105609 0.563727 1.02568
n 245 1 0.45687 0.83508 0.797677
n 246 1 0.57127 0.3247 0.395069
n 247 2 0.363433 -7.45058e-09 0.417668
n 248 1 0.169472 0.716065 0.739928
n 249 2 -0.011768 1 0.416281
n 250 1 0.610353 0.751264 0.0521378
n 251 1 0.218007 0.987011 0.250856
n 252 1 0.775606 0.675707 0.305502
n 253 1 1.09453 0.643242 0.687909
n 254 1 0.428929 0.716253 0.89361
n 255 1 0.241315 0.629634 0.439408
n 256 1 0.217957 0.696325 0.619016
n 257 1 0.186583 0.82622 0.138242
n 258 1 0.269643 0.881585 0.676598
n 259 1 0.64373 0.556948 0.737186
n 260 1 0.95031 0.141249 1.18748
n 261 1 1.02662 0.292136 0.718
n 262 1 0.0290121 0.393218 0.243798
n 263 1 0.274465 0.743909 -0.0126588
n 264 1 0.687035 0.60387 1.21251
n 265 1 0.753851 0.380945 0.771098
n 266 2 0.429711 0 0.733342
n 267 1 0.341901 0.242409 0.913527
n 268 1 0.796871 0.518652 0.223522
n 269 1 0.638304 0.833439 0.576745
n 270 1 1.00559 0.291524 0.0566775
n 271 1 0.792265 0.0207639 0.417485
n 272 1 -0.0138274 0.857499 0.405732
n 273 1 0.155769 0.789271 0.870042
n 274 1 0.813892 0.118436 0.42048
n 275 1 1.00556 0.561786 0.545802
n 276 1 0.755997 0.709452 0.715447
n 277 1 1.14012 0.965451 0.525944
n 278 2 0.132178 1 0.177243
n 279 1 0.549788 0.833161 0.19225
n 280 2 0.438694 0 0.425582
n 281 1 0.712499 0.243993 0.390624
n 282 1 0.7165 0.434713 0.348074
n 283 1 0.725427 0.845247 0.631593
n 284 1 0.209523 0.735309 0.955815
n 285 1 0.407233 0.678862 0.501144
n 286 1 0.998771 0.994169 0.209972
n 287 1 0.826124 0.537192 0.108156
n 288 1 0.241539 0.170752 0.498119
n 289 1 -0.0350684 0.376547 0.137373
n 290 2 0.978368 0 0.23673
n 291 1 0.932375 0.340252 0.263466
n 292 1 0.579345 0.742033 0.701646
n 293 1 0.857827 0.962091 1.05239
n 294 1 0.756391 0.125304 0.482064
n 295 1 0.645249 0.428954 0.102005
n 296 1 0.244331 0.660045 0.705557
n 297 1 -0.0827104 0.934198 0.964178
n 298 1 0.38397 0.212126 0.0982353
n 299 1 0.781797 0.512869 0.11521
n 300 2 0.540152 1 0.432872
n 301 1 0.42894 0.518916 0.497843
n 302 1 0.771892 0.246706 0.422018
n 303 1 1.00725 0.661645 0.568418
n 304 1 0.57989 0.630584 0.917185
n 305 1 0.266816 0.683029 0.532172
n 306 1 0.734898 0.539183 0.516481
n 307 1 0.6859 0.773501 0.0786503
n 308 1 0.262219 0.727394 0.388109
n 309 1 0.470623 0.277036 0.440517
n 310 1 0.459237 0.21053 -0.0501939
n 311 1 0.804385 0.0541468 0.274487
n 312 1 0.206547 0.528851 0.547928
n 313 1 0.610991 0.820843 0.535024
n 314 1 0.859889 0.928762 1.01407
n 315 1 0.419132 0.711559 0.927137
n 316 1 0.172323 0.840436 0.716837
n 317 1 0.513633 0.965364 1.05875
n 318 1 -0.0265004 0.559822 0.310978
n 319 1 0.33238 0.534008 -0.0347672
n 320 2 0.4274 1 0.352598
n 321 1 0.409107 0.618508 0.236327
n 322 1 0.668068 0.690443 0.936237
n 323 1 0.403617 0.593754 0.524269
n 324 2 0.532023 1 0.743004
n 325 1 0.383361 0.69668 0.546861
n 326 1 0.257033 0.55207 0.128818
n 327 1 -0.0870955 0.523329 0.489027
n 328 1 0.0472398 0.357643 -0.116145
n 329 1 0.00200061 0.524093 0.352095
n 330 1 0.9803 0.595854 1.06115
n 331 1 0.594292 0.562974 0.746641
n 332 1 0.933909 0.505459 0.0531623
n 333 1 0.493682 0.73653 0.0106409
n 334 1 0.338832 0.00192166 0.8026
n 335 1 -0.0113874 0.0816743 0.456209
n 336 1 0.873309 0.817277 0.267449
n 337 1 0.421951 0.665401 0.118417
n 338 1 0.937845 0.034859 0.340138
n 339 1 0.715406 0.0676091 -0.105339
n 340 2 0.279369 0 0.492854
n 341 1 0.0637917 0.18328 0.196351
n 342 1 -0.0548116 0.50883 0.621961
n 343 1 0.154345 0.0577877 0.579353
n 344 1 0.466549 0.490297 0.848749
n 345 1 0.275151 0.130117 1.13622
n 346 1 0.111521 0.349509 0.300953
n 347 1 0.514786 0.0933337 0.156896
n 348 1 0.370925 0.739052 0.357338
n 349 1 0.0571398 0.366842 0.247793
n 350 2 0.898938 0 0.368529
n 351 1 0.88391 0.252125 0.31119
n 352 1 0.833875 0.975936 0.640536
n 353 1 0.765219 0.90117 1.1291
n 354 1 0.446624 0.0746887 0.761175
n 355 1 0.829966 0.196775 1.05638
n 356 1 0.146945 0.0790258 -0.0767239
n 357 2 0.221461 0 0.159822
n 358 1 0.82227 0.177381 -0.0197558
n 359 2 0.809928 0 0.400545
n 360 1 0.246791 0.94306 0.10188
n 361 1 0.367024 0.512605 0.323812
n 362 1 0.224144 0.801455 0.757496
n 363 1 0.0831913 0.563528 0.342136
n 364 1 0.51393 0.491049 0.455713
n 365 1 0.545406 0.698784 0.00310205
n 366 1 0.107843 0.0718894 0.263486
n 367 2 0.296087 0 0.0242627
n 368 1 0.043577 0.697496 0.387011
n 369 2 0.0140615 1 0.399523
n 370 1 0.60782 0.414509 0.367462
n 371 1 1.07018 0.250086 0.27696
n 372 1 0.986092 0.0760386 0.193082
n 373 1 0.791883 0.534523 0.225879
n 374 1 0.333937 0.102398 0.462135
n 375 1 0.0207294 0.0024949 0.83753
n 376 2 0.404206 1 0.667956
n 377 1 0.645159 0.705408 0.487192
n 378 1 0.55582 0.853261 0.672459
n 379 2 0.377332 1 0.535366
n 380 1 0.648023 0.914863 0.871022
n 381 1 1.12811 0.823154 0.971553
n 382 1 -0.0745164 0.251145 -0.00104678
n 383 1 0.149318 0.503975 0.366344
n 384 1 0.695948 0.097027 0.636729
n 385 1 0.57054 0.55648 0.785648
n 386 1 0.731854 0.844725 -0.0407173
n 387 1 0.494126 0.418062 0.0614821
n 388 2 0.400233 0 0.88114
n 389 1 0.180291 0.210826 0.774977
n 390 2 0.347251 1 0.831804
n 391 1 0.244839 0.732305 0.761165
n 392 1 -0.104955 0.21004 0.629966
n 393 1 0.191937 0.47159 0.325913
n 394 1 1.0301 0.199889 0.587667
n 395 1 0.677683 0.25361 0.238501
n 396 1 0.722169 0.716367 0.73302
n 397 1 1.02847 0.578445 1.10201
n 398 1 0.113009 0.384799 0.595398
n 399 2 0.221695 0 0.514151
n 400 2 0.474945 1 -0.0155096
n 401 1 0.483349 0.687387 0.173868
n 402 2 0.483412 1 0.715097
n 403 1 0.355389 0.595794 0.944996
n 404 1 0.013125 0.199716 0.158708
n 405 2 0.0942849 0 0.369956
n 406 1 0.163404 0.48809 0.425697
n 407 1 0.000818871 0.725401 0.0179586
n 408 1 1.07806 0.62741 0.317581
n 409 1 0.669591 0.389442 0.157822
n 410 1 0.494992 0.330232 0.290281
n 411 1 0.933411 0.0942168 0.257312
n 412 1 -0.122913 0.0581513 0.223849
n 413 1 0.368157 0.130583 0.172808
n 414 1 0.00874287 0.46016 0.612428
n 415 1 0.503425 0.396321 0.597759
n 416 1 0.0881169 0.201745 0.26934
n 417 1 -0.019445 0.660478 0.105037
n 418 1 0.298685 0.336316 0.242511
n 419 1 0.621964 0.309042 -0.13663
n 420 1 0.447672 0.476774 0.440822
n 421 1 0.946062 0.452167 0.439023
n 422 1 0.367653 0.551329 0.261142
n 423 1 0.643918 0.966736 0.250414
n 424 1 0.162055 0.432797 0.401487
n 425 1 0.635461 0.49647 0.257149
n 426 1 0.925894 0.664306 0.1245
n 427 1 0.670622 0.781959 0.536805
n 428 1 0.162529 0.490583 0.389058
n 429 1 0.350136 0.387259 -0.0616395
n 430 1 0.590054 0.848871 0.419841
n 431 1 0.890908 0.643671 0.0786948
n 432 1 0.753263 0.636481 0.198799
n 433 1 1.15789 0.486608 0.449434
n 434 1 1.07983 0.86917 1.07091
n 435 1 0.611287 0.843244 0.901204
n 436 1 1.11502 0.119145 0.909629
n 437 2 0.792629 0 0.819855
n 438 1 -0.154589 0.228027 0.827529
n 439 1 0.18862 0.519823 0.612905
n 440 1 0.397256 0.817218 0.368678
n 441 1 0.359871 0.455812 0.0266415
n 442 1 0.0766566 0.4218 0.283112
n 443 1 -0.0185021 0.753086 0.643937
n 444 1 0.257228 0.647853 0.400809
n 445 2 0.169907 1 0.319081
n 446 1 0.506045 0.00140093 0.395573
n 447 1 0.352075 0.315252 0.751651
n 448 1 1.00454 0.120138 0.453539
n 449 1 0.551891 0.330089 0.44791
n 450 1 0.619659 0.378887 0.807839
n 451 1 0.935292 0.65552 1.07775
n 452 1 0.771411 0.948934 0.860068
n 453 1 0.389116 0.847537 0.555815
n 454 1 0.754624 0.349224 0.791588
n 455 1 0.333501 0.571731 0.642769
n 456 1 0.40636 0.188483 -0.0511865
n 457 1 0.727413 0.172071 0.330464
n 458 1 1.00691 0.583264 -0.223137
n 459 1 0.901757 0.549591 0.263495
n 460 1 0.463192 0.0751242 0.00784915
n 461 1 -0.0152571 0.216853 0.00810056
n 462 1 0.394667 0.036187 0.825232
n 463 1 0.285577 0.0408191 0.338324
n 464 1 0.0946534 0.401061 0.321232
n 465 1 0.143307 0.170715 -0.118739
n 466 1 0.719786 0.4563 0.988661
n 467 1 1.05584 0.825049 0.998272
n 468 1 0.786103 0.422035 0.477068
n 469 1 0.446285 0.170645 0.742261
n 470 2 0.710989 1 0.19472
n 471 1 0.619463 0.92869 -0.0391743
n 472 1 0.916499 0.55999 -0.0710827
n 473 1 0.912894 0.0940269 0.10743
n 474 1 0.114948 0.73641 0.847175
n 475 2 0.326154 1 0.804796
n 476 1 0.218658 0.763064 0.551213
n 477 1 0.0946369 0.285289 0.478067
n 478 1 0.174635 0.742107 0.52804
n 479 1 0.641332 0.81927 0.686914
n 480 1 -0.0681333 0.727464 0.0987385
n 481 1 0.337761 0.461745 0.215546
n 482 1 0.701904 0.787065 0.466307
n 483 1 0.89553 0.952872 0.0373335
n 484 1 1.12432 0.277044 0.398595
n 485 2 0.908041 0 0.392103
n 486 1 0.405238 0.283055 0.672997
n 487 1 0.10196 0.67154 0.594881
n 488 1 0.650824 0.685492 0.600384
n 489 1 0.904627 0.491298 0.217142
n 490 1 0.205017 0.986792 0.197443
n 491 1 -0.158701 0.729728 -0.0275643
n 492 2 0.58694 1 0.494657
n 493 1 0.562586 0.521129 0.622158
n 494 2 0.177876 0 0.523727
n 495 1 0.125744 0.314752 0.710077
n 496 1 0.464464 0.635078 0.290591
n 497 1 0.445385 0.649525 0.789017
n 498 1 0.768663 0.301272 0.953667
n 499 1 0.776385 0.703547 0.658512
n 500 1 0.340761 0.162748 0.839374
n 501 1 0.536881 0.476546 0.504607
n 502 1 0.47301 0.401684 0.76341
n 503 1 0.304249 0.667056 0.375984
n 504 1 0.596103 0.514952 0.884059
n 505 1 0.199303 0.507266 0.581583
n 506 1 0.715118 0.365824 0.564068
n 507 1 0.449075 0.425781 0.981952
n 508 1 0.470838 0.57188 0.990727
n 509 1 0.302977 0.239076 0.658966
n 510 1 0.192583 0.277084 0.557866
n 511 1 -0.131326 0.624098 0.404031
n 512 1 -0.00205175 0.900239 -0.134947
n 513 1 0.240659 0.887546 0.300864
n 514 1 0.239246 0.293832 0.828586
n 515 1 0.337934 0.761243 0.684402
n 516 1 0.436696 0.546217 0.330302
n 517 1 0.277628 0.61612 0.798075
n 518 1 0.593074 0.78534 0.511618
n 519 1 0.115461 0.898838 0.42215
n 520 1 0.744589 0.290755 0.705245
n 521 1 0.949027 0.238048 1.15738
n 522 1 0.554254 0.867282 0.397288
n 523 1 0.70997 0.481956 0.673472
n 524 2 0.0899194 1 0.277115
n 525 1 0.172672 0.792237 0.141029
n 526 1 0.991895 0.667971 0.573117
n 527 1 0.944359 0.264296 0.862578
n 528 1 0.704396 0.484891 0.277829
n 529 1 1.16929 0.380316 0.129722
n 530 1 0.0539523 0.0301952 0.177631
n 531 1 0.160266 0.508104 0.0811877
n 532 1 0.283328 0.398403 0.90423
n 533 1 0.195319 0.389923 0.413125
n 534 1 0.0837368 0.909902 0.605577
n 535 1 0.126697 0.943648 0.109577
n 536 1 1.02804 0.0904829 0.163039
n 537 1 0.817635 0.532799 0.258366
n 538 1 0.722424 0.717719 0.169136
n 539 1 0.688796 0.263743 -0.0352569
n 540 1 0.487163 0.64757 0.609039
n 541 1 0.545492 0.639428 0.113527
n 542 1 0.401652 0.869047 0.0967579
n 543 1 0.212126 0.810277 0.554608
n 544 1 0.197387 0.278807 0.412309
n 545 1 0.442644 0.662268 0.207842
n 546 1 0.336665 0.419224 0.565298
n 547 1 -0.0923235 0.168563 0.519042
n 548 1 0.7037 0.60064 0.426797
n 549 1 0.838332 0.832254 0.847784
n 550 1 0.51722 0.41274 0.871257
n 551 1 0.0919465 0.670596 0.830589
n 552 1 0.579215 0.0353102 -0.00916929
n 553 1 0.450276 0.513799 0.0493504
n 554 1 0.0540081 0.263384 0.360125
n 555 1 0.0135071 0.760724 0.356361
n 556 1 0.63696 0.51902 0.522818
n 557 1 0.485755 0.0734522 0.688974
n 558 1 0.804822 0.423244 0.522333
n 559 1 1.00269 0.204616 0.924886
n 560 1 1.1294 0.459649 0.885115
n 561 1 0.668636 0.554747 1.05141
n 562 2 0.393846 0 0.613994
n 563 1 0.0736814 0.168677 0.367849
n 564 2 0.733437 0 0.0390529
n 565 1 0.466103 0.229913 0.315509
n 566 1 0.860178 0.194709 0.64273
n 567 2 0.623293 0 0.645655
n 568 1 0.345398 0.260848 0.816096
n 569 2 0.273827 0 0.845017
n 570 1 0.557587 0.287905 0.871788
n 571 2 0.512121 0 0.901077
n 572 1 0.343096 0.222598 0.00918163
n 573 1 0.382197 0.403295 0.472669
n 574 1 0.52998 0.477475 0.698578
n 575 1 0.762775 0.120392 0.958
n 576 1 1.04776 0.645706 0.488826
n 577 1 0.661282 0.762785 0.781956
n 578 1 0.723201 0.216943 0.990916
n 579 1 0.261372 0.110414 0.834819
n 580 1 0.612276 0.474492 1.03389
n 581 1 0.507346 0.779877 0.653453
n 582 1 0.100761 0.313727 0.971505
n 583 1 0.460416 0.236906 0.63424
n 584 1 0.0962562 0.20594 0.72255
n 585 1 0.442758 0.560017 0.782272
n 586 1 0.752268 0.377416 -0.0742021
n 587 1 1.03967 0.331296 0.331105
n 588 1 0.652042 0.017964 0.574097
n 589 1 0.802548 0.493092 0.598645
n 590 1 0.000590429 0.60092 0.895538
n 591 1 0.298326 0.416117 0.540289
n 592 1 0.0629301 0.338521 0.716352
n 593 1 0.152076 0.203315 0.244363
n 594 1 0.591299 0.227148 0.374276
n 595 2 0.521042 0 0.515349
n 596 1 0.715171 0.153457 0.247196
n 597 1 0.971113 0.472471 -0.0386797
n 598 1 0.542223 0.518085 0.655715
n 599 1 0.762392 0.564985 0.210376
n 600 1 0.344346 0.6647 0.978332
n 601 1 0.764706 0.396268 0.993925
n 602 1 0.37191 0.414855 0.950093
n 603 1 0.284699 0.745956 0.587095
n 604 1 0.711994 0.158004 1.0935
n 605 1 1.08819 0.314824 0.805596
n 606 1 0.672415 0.158829 0.324444
n 607 1 0.638948 0.649539 0.408615
n 608 1 0.288017 0.568126 1.06947
n 609 1 0.423149 0.110501 0.923456
n 610 1 1.15041 0.0475982 0.184553
n 611 2 0.71605 0 0.163866
n 612 1 0.988763 0.351827 0.904047
n 613 1 0.826339 0.434553 0.439531
n 614 1 0.189511 0.720015 0.341976
n 615 2 0.0944929 1 0.147568
n 616 1 0.354371 0.689354 0.278469
n 617 1 0.530533 0.50567 0.707687
n 618 1 0.12607 0.710225 0.786564
n 619 1 0.263129 0.30014 0.537473
n 620 1 0.242829 0.671473 0.797106
n 621 1 0.678999 0.890986 0.69429
n 622 1 0.414806 0.315579 0.601698
n 623 1 0.586468 0.154675 1.04175
n 624 2 0.489714 0 0.813145
n 625 1 0.174348 0.309252 0.978007
n 626 1 0.671731 0.569247 0.771903
n 627 1 0.624879 0.0896459 0.642331
n 628 2 0.450164 1 0.824947
n 629 1 0.753339 0.692128 0.761421
n 630 1 0.238954 0.82498 0.370075
n 631 1 0.0891027 0.807661 0.845728
n 632 1 0.464009 0.911502 0.524066
n 633 1 0.037946 0.951424 0.780733
n 634 1 0.119927 0.851027 0.56981
n 635 1 0.131856 0.958499 1.05695
n 636 1 0.74014 0.631548 0.110414
n 637 1 0.247435 0.599464 0.0382059
n 638 1 0.106176 0.776285 0.337404
n 639 1 -0.0410988 0.557127 0.760819
n 640 1 0.778257 0.291178 -0.0551419
n 641 1 0.905504 0.523894 0.367531
n 642 1 0.984901 0.678028 1.01495
n 643 1 0.5365 0.871846 0.913115
n 644 1 0.254802 0.0876305 -0.191714
n 645 2 0.231304 0 0.163206
n 646 1 0.815153 0.141767 0.462753
n 647 1 0.991404 0.173048 -0.00303464
n 648 1 0.762649 0.329229 0.435992
n 649 1 0.402075 0.0524714 0.641885
n 650 2 0.890823 1 0.901543
n 651 1 0.953957 0.789773 1.1578
n 652 1 0.372446 0.282602 0.734057
n 653 1 0.413304 0.635156 0.38329
n 654 1 0.0319224 0.520145 0.714224
n 655 1 0.516129 0.470171 0.823986
n 656 1 0.726493 0.283638 0.216594
n 657 1 0.423315 0.0951559 0.565246
n 658 1 -0.233296 0.198949 0.584357
n 659 1 0.261975 0.177658 0.64141
n 660 1 1.13913 0.786826 0.373145
n 661 2 0.956259 1 0.354325
n 662 2 0.146581 1 0.793702
n 663 1 0.118104 0.719556 0.926313
n 664 1 0.522141 0.734881 0.445133
n 665 1 0.0899773 0.821885 0.211326
n 666 2 0.157868 0 0.153007
n 667 1 0.431945 0.21986 0.185179
n 668 1 0.852155 0.683306 -0.00278327
n 669 2 0.762345 1 0.259849
n 670 1 0.124575 0.646792 0.962343
n 671 1 0.0890738 0.415243 0.521746
n 672 1 0.361995 0.299057 0.0464071
n 673 1 -0.0229409 0.161642 0.332663
n 674 1 0.881468 0.616092 0.620481
n 675 2 0.967762 1 0.522198
n 676 1 0.38311 0.363353 0.292058
n 677 1 0.0639617 0.233671 0.653067
n 678 1 0.212549 0.587847 0.285533
n 679 1 0.333352 0.620085 -0.197549
n 680 2 0.101161 1 0.416932
n 681 1 0.0690205 0.896527 0.859103
n 682 1 0.312614 0.619499 0.483769
n 683 1 0.733384 0.719798 0.732553
n 684 1 0.19992 0.764493 0.766628
n 685 1 0.550161 0.41741 0.843216
n 686 1 0.0922637 0.435323 0.748777
n 687 1 0.131003 0.871212 0.98857
n 688 2 0.237026 0 0.137744
n 689 1 0.268658 0.326247 0.00503076
n 690 1 0.440847 0.355253 0.782739
n 691 1 0.370954 0.0616838 1.18015
n 692 1 0.852305 0.286536 0.511661
n 693 1 0.715489 0.668172 0.220738
n 694 1 0.80292 0.532155 1.01791
n 695 1 0.803656 0.483518 0.521286
n 696 1 0.169713 0.249467 0.880731
n 697 2 0.04236 0 0.885509
n 698 1 0.802821 0.108428 0.945364
n 699 1 0.857648 0.423807 0.56257
n 700 1 0.223266 0.581744 0.457327
n 701 1 0.528432 0.644676 0.067565
n 702 1 0.410689 0.961877 0.991189
n 703 1 0.407602 0.716927 0.556458
n 704 1 0.682658 0.321737 0.0922561
n 705 1 0.217355 0.204087 -0.0443167
n 706 1 0.340932 0.851431 0.514521
n 707 2 0.209833 1 0.342957
n 708 1 0.246008 0.673752 0.4567
n 709 1 0.304614 0.388387 0.0515671
n 710 2 0.858531 0 0.560709
n 711 1 0.894242 0.206366 0.372081
n 712 1 0.836627 0.0711664 0.213378
n 713 1 0.766958 0.562474 0.265948
n 714 1 0.945013 0.853934 0.592321
n 715 2 0.704798 1 0.38455
n 716 1 0.31619 0.233528 0.378886
n 717 1 0.171645 0.0798115 0.83108
n 718 1 0.952802 0.70912 0.865228
n 719 1 0.883855 0.534883 0.402747
n 720 1 0.496736 0.584253 0.448822
n 721 1 0.819187 0.303788 0.191206
n 722 1 0.572214 0.110919 0.426391
n 723 2 0.850986 0 0.58788
n 724 1 0.445412 0.762194 0.747001
n 725 1 0.291865 0.327763 0.555445
n 726 1 0.401564 0.686396 0.854185
n 727 1 0.892452 0.766976 0.893387
n 728 1 0.397372 0.303039 1.19936
n 729 1 0.373668 0.571067 0.779124
n 730 1 0.696792 0.575416 0.00156329
n 731 1 0.262354 0.368881 0.134256
n 732 1 0.634981 0.431486 0.547002
n 733 1 0.258043 0.732303 0.675176
n 734 1 -0.0245142 0.485927 1.09343
n 735 1 0.0595814 0.246019 0.664039
n 736 1 1.21887 0.927297 0.0562545
n 737 1 0.760907 0.732584 0.0193629
n 738 2 0.840134 0 0.811812
n 739 1 0.904425 0.29198 1.03288
n 740 1 0.695849 0.385846 1.08345
n 741 1 1.1379 0.539057 0.909905
n 742 1 0.0951809 0.730561 0.319894
n 743 1 0.584348 0.824921 0.348397
n 744 1 0.694925 0.962096 0.356606
n 745 1 1.04777 0.816869 0.0350347
n 746 2 0.0637451 0 0.839905
n 747 1 0.286678 0.195781 0.500432
n 748 1 0.250291 0.0513698 0.287457
n 749 1 0.478438 0.449643 0.0916803
n 750 1 0.601924 0.540638 0.621773
n 751 1 0.94711 0.899589 0.590119
n 752 1 0.343089 0.991522 0.133127
n 753 1 0.73557 0.959558 0.439618
n 754 1 0.0582269 0.546211 -0.0113421
n 755 1 0.29757 0.142529 0.158235
n 756 1 0.480533 0.747976 0.0555521
n 757 1 0.394177 0.375358 0.37602
n 758 1 0.261708 0.554797 0.258045
n 759 1 0.109851 0.959793 0.506879
n 760 1 0.892227 0.551107 0.00780072
n 761 1 1.02919 0.130135 0.238074
n 762 1 0.72652 0.849726 0.101286
n 763 1 0.719343 0.380213 0.270128
n 764 1 0.234224 0.160084 0.281052
n 765 1 -0.214329 0.188423 0.497842
n 766 1 0.641874 0.783638 0.86635
n 767 1 1.10277 0.891734 1.02412
n 768 1 0.421582 0.669158 0.416084
n 769 1 0.220202 0.898873 0.0215233
n 770 1 0.608732 0.845139 0.428536
n 771 1 0.378397 0.867699 -0.0135468
n 772 1 0.268161 0.522962 0.993989
n 773 1 -0.132491 0.4125 0.717806
n 774 1 0.973131 0.116687 0.801097
n 775 1 0.753756 0.43938 1.11214
n 776 2 0.232784 0 0.283772
n 777 1 0.285406 0.2869 0.205648
n 778 1 0.726772 0.457044 0.406356
n 779 1 0.759823 0.954461 0.384335
n 780 1 0.756882 0.400227 0.423648
n 781 1 0.474349 0.34611 0.0159136
n 782 1 0.896834 0.230392 0.391776
n 783 1 0.447296 0.283933 0.601656
n 784 1 -0.12923 0.692429 0.882874
n 785 1 0.246849 0.886024 0.618134
n 786 2 0.367826 0 0.10357
n 787 1 0.191419 0.233338 0.110521
n 788 1 0.327811 0.766238 0.582033
n 789 1 -0.0793904 0.758434 0.87035
n 790 1 -0.00116217 0.245499 0.292369
n 791 1 0.489 0.152268 0.299476
n 792 1 0.604629 0.674787 0.858977
n 793 2 0.841586 1 0.68212
n 794 1 1.03824 0.463 0.544828
n 795 1 0.910453 0.766464 0.91977
n 796 1 0.436384 0.162921 0.657851
n 797 2 0.392925 0 0.901859
n 798 1 0.592443 0.525342 0.536928
n 799 1 0.737114 0.480926 1.01243
n 800 1 0.843176 0.264457 0.212066
n 801 1 0.613619 0.707273 0.197282
n 802 1 0.716371 0.746829 0.88635
n 803 1 0.416885 0.658225 0.497174
n 804 1 0.128163 0.828251 0.479033
n 805 1 0.065149 0.546747 0.0718655
n 806 1 0.383615 0.0494587 0.217482
n 807 1 0.183359 0.338575 0.571474
n 808 1 0.583322 0.659404 0.642434
n 809 1 0.83864 0.88386 0.277149
n 810 1 0.55234 0.702362 0.432989
n 811 1 0.484992 0.338371 0.767617
n 812 1 0.158235 0.103844 -0.168706
n 813 2 0.354646 0 0.134437
n 814 1 0.288459 0.351769 0.85231
n 815 1 0.644614 0.00276414 0.833604
n 816 2 0.279738 1 0.119749
n 817 1 0.336993 0.752334 0.4004
n 818 1 1.01527 0.534998 0.153397
n 819 1 0.825907 0.88138 -0.151829
n 820 1 0.427076 0.190587 0.412995
n 821 1 0.75315 0.521704 0.594759
n 822 1 1.1828 0.323317 1.048
n 823 1 0.78328 0.477781 0.792026
n 824 2 0.337466 1 0.858432
n 825 1 0.430559 0.852835 0.569628
n 826 1 0.255646 0.531323 0.0172967
n 827 1 0.657009 0.235308 0.0341379
n 828 1 0.682223 0.320187 0.41858
n 829 1 1.1758 0.295813 0.487782
n 830 1 0.532654 0.559007 0.127754
n 831 1 0.223514 0.397066 0.484418
n 832 1 0.430365 0.964707 0.0945468
n 833 1 0.570185 0.571463 0.368062
n 834 1 -0.084887 0.95314 0.0604982
n 835 1 0.413157 0.979161 0.0438919
n 836 2 0.715444 1 0.705228
n 837 1 0.50992 0.860487 0.642314
n 838 1 0.523668 0.91005 0.552978
n 839 1 0.0555545 0.762114 0.463618
n 840 2 0.662351 0 0.0661268
n 841 1 0.582771 0.108409 0.391665
n 842 1 0.473453 0.594334 0.101513
n 843 1 0.517477 0.586969 0.598513
n 844 1 0.706915 0.173394 0.931071
n 845 1 0.805231 0.650698 0.82376
n 846 2 0.949784 1 0.59139
n 847 1 0.875634 0.566697 0.447033
n 848 1 0.470835 0.50347 0.272091
n 849 1 0.666428 0.302375 0.684772
n 850 1 0.176413 0.640602 0.686486
n 851 1 -0.0205953 0.842503 0.274873
n 852 2 0.297233 1 0.670879
n 853 1 0.128966 0.791607 0.850524
n 854 1 0.596073 0.477247 0.985057
n 855 1 0.633209 0.197849 0.573281
n 856 1 0.269057 0.72552 0.38927
n 857 1 0.000457197 0.988603 0.0611815
n 858 1 0.564757 0.899543 0.18341
n 859 1 0.254614 0.964532 0.568883
n 860 1 0.0410774 0.224052 0.378726
n 861 1 0.111653 0.249219 0.872069
n 862 1 0.42064 0.0309636 0.245882
n 863 1 0.876372 0.0268825 0.0426761
n 864 1 -0.0590903 0.271317 0.518144
n 865 2 0.20013 -7.45058e-09 0.536863
n 866 1 0.849544 0.637375 0.24557
n 867 1 1.08146 0.690545 -0.193053
n 868 1 0.92788 0.400082 0.871183
n 869 1 0.50849 0.653545 0.777008
n 870 1 0.690093 0.70334 0.255101
n 871 1 0.43339 0.943919 0.608974
n 872 1 0.52855 0.722054 0.7551
n 873 1 0.38184 0.735902 0.278356
n 874 1 0.493097 0.0175782 0.010456
n 875 1 0.607236 0.136935 0.481335
n 876 1 -0.0327448 0.292957 0.174057
n 877 2 0.246777 0 0.300909
n 878 1 0.228031 0.144981 0.497474
n 879 1 -0.0326715 0.0436088 0.910704
n 880 1 0.276214 0.83925 0.858238
n 881 1 0.723466 0.717667 1.04313
n 882 1 0.890606 0.982314 1.00401
n 883 1 0.599602 0.884679 0.610584
n 884 1 0.733274 0.36238 0.561074
n 885 1 0.676615 0.364778 0.0653064
n 886 1 0.828667 0.844323 0.43335
n 887 1 0.432123 0.745422 0.147042
n 888 1 0.477293 0.226039 0.0921855
n 889 1 0.618166 0.676284 -0.0704042
n 890 1 0.685022 0.742571 0.354223
n 891 1 0.509671 0.280834 0.4253
n 892 1 0.465711 0.347211 0.890957
n 893 1 0.866989 0.405984 0.600229
n 894 1 0.428243 0.301418 0.715545
n 895 1 0.279738 0.662248 0.404499
n 896 2 0.0366801 1 0.911508
n 897 1 0.135518 0.944149 0.479443
n 898 2 0.646648 1 0.452211
n 899 1 0.701088 0.74399 0.46666
n 900 1 0.300406 0.285936 0.794357
n 901 1 -0.0179844 0.467751 0.455872
n 902 1 0.348463 0.159772 -0.188788
n 903 1 0.12972 0.173141 0.259513
n 904 2 0.232169 0 0.470506
n 905 1 0.105646 0.297058 0.383382
n 906 1 0.0846998 0.0842721 0.0871043
n 907 1 0.308923 0.496201 -0.0833061
n 908 1 0.629344 0.579925 0.394287
n 909 1 1.09863 0.584762 0.224739
n 910 1 0.0672117 0.533039 0.541447
n 911 1 0.147051 0.131269 0.256477
n 912 1 0.850126 0.153091 0.17457
n 913 2 0.830761 0 0.399738
n 914 1 0.651583 0.55141 0.61476
n 915 1 0.453542 0.909292 0.900594
n 916 1 0.201742 0.884993 0.196176
n 917 1 0.506539 0.534953 0.0129501
n 918 1 0.548727 0.913623 0.520251
n 919 1 0.898426 0.599394 0.353002
n 920 1 0.743919 0.419257 0.841941
n 921 1 1.2046 0.592273 0.75925
n 922 1 0.068835 0.915498 0.452918
n 923 1 0.126178 0.555667 0.111987
n 924 1 0.728937 0.0106873 0.36571
n 925 1 0.44834 0.330988 0.625853
n 926 1 0.940452 0.466967 0.282795
n 927 1 1.00823 0.395478 0.771974
n 928 1 0.160363 0.233859 0.711622
n 929 1 -0.141412 0.56329 0.489343
n 930 1 0.782909 0.59761 0.861777
n 931 1 0.475338 0.272675 0.640828
n 932 1 0.518397 0.803401 0.476384
n 933 1 0.0884625 0.925769 0.254612
n 934 1 -0.0365716 0.102459 0.566674
n 935 1 0.339493 0.215928 0.258938
n 936 1 0.776857 0.57822 0.523611
n 937 1 1.16463 0.884172 0.594518
n 938 1 0.658895 0.548662 0.265888
n 939 1 1.04912 0.853929 0.206387
n 940 2 0.438161 1 0.306284
n 941 1 0.305017 0.751847 0.333059
n 942 1 -0.066428 0.687561 0.472407
n 943 1 0.314556 0.688239 0.794668
n 944 1 0.694021 0.64388 1.01529
n 945 1 0.269478 0.388872 0.954176
n 946 1 0.424309 0.459793 0.311091
n 947 1 0.680274 0.878085 0.403362
n 948 1 0.614558 0.262944 0.725971
n 949 1 0.502856 0.429915 0.269195
n 950 1 0.863032 0.696833 0.541354
n 951 1 0.614526 0.517467 0.935148
n 952 2 0.628484 0 0.0396931
n 953 1 0.489513 0.330572 -0.0706961
n 954 1 0.607765 0.231244 0.846183
n 955 1 0.325317 0.591235 1.04526
n 956 1 0.875598 0.5821 0.708456
n 957 1 0.62474 0.210616 0.489206
n 958 2 0.131575 1 0.132264
n 959 1 0.154837 0.565418 0.057067
n 960 1 0.63155 0.831974 0.364112
n 961 1 1.11396 0.71224 0.408213
n 962 1 0.514314 0.761674 0.842873
n 963 2 0.415173 1 0.62761
n 964 1 0.584317 0.721929 0.167074
n 965 1 0.279827 0.397761 0.393351
n 966 1 0.994982 0.763375 -0.186679
n 967 1 0.954045 0.722447 0.308952
n 968 2 1.05045 0 0.873543
n 969 1 0.86341 0.351969 0.577044
n 970 1 0.981497 0.56103 0.941158
n 971 1 0.962179 0.645934 0.449813
n 972 1 0.5649 0.487168 0.290475
n 973 1 0.844697 0.166689 0.0296913
n 974 1 -0.0514575 0.788694 0.80332
n 975 2 0.00705753 1 0.638442
n 976 1 0.00288852 0.866748 0.500659
n 977 1 0.407743 0.714268 0.749344
n 978 1 0.271268 0.413066 0.539156
n 979 1 0.123107 0.451336 1.01411
n 980 1 0.633996 0.434005 0.811639
n 981 1 1.12401 0.339744 0.812709
n 982 1 0.576846 0.483433 0.840624
n 983 1 0.9237 0.369778 0.500365
n 984 1 0.300051 0.674247 0.381667
n 985 1 -0.147217 0.778156 0.577003
n 986 1 0.481088 0.467394 0.626459
n 987 1 0.619379 0.151189 0.986863
n 988 2 0.593441 0 0.120455
n 989 1 0.517822 0.216955 -0.0918528
n 990 2 0.629543 1 0.404261
n 991 1 0.365871 0.752219 0.617302
n 992 1 0.656602 0.244012 0.320599
n 993 1 0.796005 0.53855 0.698509
n 994 1 1.06328 0.556698 0.438582
n 995 1 0.723028 0.212641 0.316701
n 996 1 0.398479 0.446137 0.869884
n 997 1 0.832252 0.203359 0.913482
n 998 1 0.948391 0.596182 0.88656
n 999 1 0.588203 0.30957 0.693896
n 1000 1 0.366013 0.257285 0.401953
n 1001 1 0.0462926 0.142027 0.767323
n 1002 1 0.318722 0.45032 0.445814
n 1003 1 0.4043 0.504195 0.93446
n 1004 1 0.671769 0.836909 0.90116
n 1005 1 0.930089 0.465314 0.690949
n 1006 1 1.0277 0.705316 0.516891
n 1007 2 0.892456 1 0.231391
n 1008 2 0.468048 1 0.700675
n 1009 1 0.723827 0.9144 0.733197
n 1010 1 0.0967358 0.280108 0.257081
n 1011 1 0.453343 0.555854 0.471083
n 1012 1 0.83386 0.773426 0.0961887
n 1013 1 0.640216 0.353296 -0.0908778
n 1014 1 0.69741 0.215477 0.300361
n 1015 1 0.266328 0.378801 0.109323
n 1016 1 0.335233 0.179119 0.165328
n 1017 1 0.784658 0.0928976 0.364285
n 1018 1 0.394667 0.575775 0.658506
n 1019 2 0.353399 1 0.889528
n 1020 1 0.691259 0.234419 0.115948
n 1021 1 0.21381 0.331389 0.00805881
n 1022 1 1.02489 0.580158 0.671513
n 1023 1 0.69351 0.21923 0.577069
n 1024 1 0.546483 0.578117 0.770548
n 1025 1 0.546748 0.799066 1.21797
n 1026 1 0.69691 0.821088 0.719846
n 1027 1 1.15322 0.865465 0.916852
n 1028 1 0.6991 0.567054 0.255865
n 1029 1 0.879639 0.728798 -0.180307
n 1030 1 -0.0748766 0.899184 0.81433
n 1031 2 0.199394 1 0.708826
n 1032 1 0.91643 0.881358 0.184106
n 1033 1 0.660821 0.574561 0.48334
n 1034 1 0.279393 0.875068 0.456508
n 1035 1 0.228773 0.780677 -0.0308619
n 1036 1 0.431524 0.740505 0.670591
n 1037 1 0.480389 0.252581 0.578161
n 1038 1 0.298053 0.209247 0.408833
n 1039 2 0.0554245 0 0.491337
n 1040 2 0.911855 -1.86265e-09 0.0295901
n 1041 1 0.687995 0.0542912 0.342289
n 1042 1 0.332746 0.298186 0.652366
n 1043 1 0.287773 0.757129 0.46171
n 1044 1 0.24395 0.40772 0.751622
n 1045 1 -0.033414 0.371959 1.16489
n 1046 2 0.544929 1 0.805786
n 1047 1 0.729833 0.838669 0.530274
n 1048 2 0.593703 1 0.938898
n 1049 1 0.525689 0.625204 0.869222
n 1050 1 0.294542 0.453188 0.0746053
n 1051 1 0.10771 0.686597 0.474124
n 1052 1 0.599834 0.63839 0.788384
n 1053 1 0.760586 0.2026 0.606047
n 1054 1 0.714129 0.429961 -0.184459
n 1055 1 0.770878 0.338122 0.302722
n 1056 2 0.666569 -3.72529e-09 0.235547
n 1057 1 0.573706 0.132229 -0.181481
n 1058 2 0.5928 1 0.595985
n 1059 1 0.99248 0.861706 0.786306
n 1060 2 0.984235 0 0.516063
n 1061 1 1.01386 0.217032 0.725253
n 1062 1 0.420723 0.623423 0.632519
n 1063 1 0.0996087 0.319649 0.400985
n 1064 1 0.15059 0.329185 0.196331
n 1065 1 0.414279 0.445541 0.603676
n 1066 2 0.128945 1 0.804613
n 1067 1 0.0957045 0.647365 0.659718
n 1068 1 0.738736 0.805932 0.975997
n 1069 1 0.780461 0.378168 0.722467
n 1070 1 0.185505 0.194037 0.427902
n 1071 1 0.166726 0.344058 -0.0476417
n 1072 1 0.465191 0.695554 0.181818
n 1073 1 0.47263 0.856782 0.653995
n 1074 1 0.580894 0.367819 0.183406
n 1075 1 0.153761 0.120558 0.257028
n 1076 1 0.684703 0.883051 0.0165572
n 1077 1 0.427338 0.456056 -0.0044106
n 1078 1 0.663123 0.342966 0.340875
n 1079 1 0.667666 0.209917 -0.14004
n 1080 1 0.0678893 0.244222 0.145491
n 1081 1 0.390373 0.557711 -0.0706794
n 1082 1 0.067121 0.856687 -0.121787
n 1083 1 0.310656 0.798679 0.309869
n 1084 1 0.0780221 0.238022 0.968428
n 1085 1 0.457792 0.024448 0.725195
n 1086 2 0.188408 0 -0.134137
n 1087 1 0.0619649 0.329509 0.160334
n 1088 2 0.261373 0 -0.0209289
n 1089 1 0.259813 0.375186 0.286181
n 1090 1 0.905607 0.34395 0.813125
n 1091 1 0.919694 0.715567 1.14585
n 1092 1 0.573611 0.428491 0.0193445
n 1093 1 0.50806 0.901876 0.162909
n 1094 1 0.526414 0.215202 0.00946146
n 1095 1 0.717493 0.388151 0.436753
n 1096 1 0.159093 0.241018 0.560727
n 1097 2 0.527386 0 0.439646
n 1098 1 0.34792 0.208779 0.496885
n 1099 2 0.09541 0 0.324607
n 1100 1 0.0253951 0.222009 0.870582
n 1101 1 0.0781187 0.49149 0.453928
n 1102 1 -0.0542041 0.434361 0.361109
n 1103 1 0.317531 0.639927 0.622942
n 1104 1 0.366706 0.50044 0.0440497
n 1105 1 0.112311 0.12723 0.256178
n 1106 1 0.464067 0.322022 0.37882
n 1107 1 0.173767 0.54266 0.719475
n 1108 1 0.65969 0.436295 0.74846
n 1109 1 0.920992 0.699815 0.414873
n 1110 1 0.245391 0.536176 -0.0350765
n 1111 1 0.407206 0.972227 0.145689
n 1112 1 0.268172 0.716973 0.323939
n 1113 1 0.273374 0.260443 0.525318
n 1114 1 0.210848 0.25113 0.394791
n 1115 1 0.270826 0.641893 0.699271
n 1116 1 0.507266 0.752917 0.402969
n 1117 1 0.457691 0.683563 -0.0886951
n 1118 1 0.217953 0.745524 0.704687
n 1119 1 0.107618 0.858625 1.17801
n 1120 2 0.931042 1 0.35959
n 1121 1 0.862652 0.5618 0.510043
n 1122 1 0.936661 0.933524 0.622913
n 1123 1 0.759998 0.471777 0.690595
n 1124 2 0.925428 0 0.497312
n 1125 1 0.739506 0.212533 0.294198
n 1126 1 1.01843 0.872458 0.536876
n 1127 1 0.892603 0.801125 1.01445
n 1128 1 0.342841 0.634315 0.10547
n 1129 2 0.141834 1 0.149462
n 1130 2 0.0573039 0 1.03071
n 1131 1 0.046033 0.355459 0.807011
n 1132 1 0.103947 0.119406 -0.186871
n 1133 1 0.323476 0.060579 0.257367
n 1134 1 0.764698 0.197635 0.98694
n 1135 1 0.666811 0.183328 0.497845
n 1136 1 0.731267 0.610305 0.050183
n 1137 1 1.15759 0.400659 0.202823
n 1138 1 0.836877 0.33726 0.69789
n 1139 1 0.448879 0.4059 0.391708
n 1140 1 0.709443 0.15753 0.353529
n 1141 1 0.949328 0.376768 0.7322
n 1142 1 0.166145 0.291977 0.256811
n 1143 2 -0.0125066 -7.45058e-09 0.458175
n 1144 1 0.602159 0.644743 0.255488
n 1145 2 0.815611 1 0.0800413
n 1146 1 0.19925 0.331761 0.644246
n 1147 1 0.404237 0.621501 0.293487
n 1148 1 0.889344 0.748302 0.306403
n 1149 1 0.953575 0.774084 0.800579
n 1150 1 0.140154 0.895555 0.458617
n 1151 1 0.441512 0.691635 0.800085
n 1152 1 0.273061 0.545055 0.188772
n 1153 1 0.642084 0.399501 0.491489
n 1154 2 0.768755 1 0.438283
n 1155 1 0.741543 0.763071 0.587964
n 1156 1 0.303183 0.266329 0.309551
n 1157 1 -0.121114 0.407541 0.0881187
n 1158 1 0.753935 0.335749 1.01345
n 1159 1 0.564549 0.17631 0.580187
n 1160 1 0.0853887 0.350771 -0.161707
n 1161 1 0.429262 0.377576 0.198894
n 1162 1 0.211905 0.526936 0.285323
n 1163 1 -0.154783 0.849387 0.182531
n 1164 1 0.216469 0.509415 1.02532
n 1165 1 0.464542 0.571309 0.596797
n 1166 1 0.0883116 0.0308471 0.712423
n 1167 1 0.0571676 0.395864 1.05124
n 1168 1 1.09101 0.314227 0.676852
n 1169 1 0.726627 0.654706 0.659432
n 1170 1 0.197765 0.179645 0.65723
n 1171 2 0.0368856 0 0.448681
n 1172 1 0.0313052 0.510748 0.50149
n 1173 1 0.206953 0.451268 0.964751
n 1174 1 0.685201 0.725243 0.441996
n 1175 1 0.523093 0.80989 -0.0222853
n 1176 1 0.847425 0.33783 0.540596
n 1177 1 0.595358 0.199707 0.9485
n 1178 1 0.0635374 0.488931 -0.110507
n 1179 1 0.205512 0.810734 0.243452
n 1180 1 0.326994 0.671225 0.48744
n 1181 2 0.304492 1 0.673141
n 1182 1 0.772199 0.606192 1.07511
n 1183 1 0.608166 0.980307 0.788525
n 1184 1 -0.000770155 0.501148 -0.125617
n 1185 1 0.0905669 0.0801952 0.126291
n 1186 1 0.156171 0.321797 0.523893
n 1187 1 0.417443 0.558222 0.877222
n 1188 1 0.697688 0.929143 -0.0545714
n 1189 1 0.879855 0.659104 0.323443
n 1190 1 0.967906 0.803669 -0.151504
n 1191 1 0.649202 0.605418 0.17732
n 1192 1 0.1209 0.729165 1.03464
n 1193 1 -0.060461 0.73767 0.569843
n 1194 2 0.716388 0 0.0977191
n 1195 1 0.52751 0.152801 0.206281
n 1196 1 0.974815 0.176043 0.61786
n 1197 1 0.584925 0.0329227 0.341268
n 1198 2 0.583927 0 0.686709
n 1199 1 0.748955 0.28089 0.790154
n 1200 1 -0.0246366 0.952586 0.787486
n 1201 1 0.35564 0.901058 0.468526
n 1202 1 0.997706 0.60353 -0.0251791
n 1203 1 0.808497 0.62293 0.43615
n 1204 1 0.000637613 0.43375 0.257792
n 1205 1 0.136689 0.472095 -0.22077
n 1206 1 0.254392 0.393601 0.911815
n 1207 1 0.576151 0.775006 0.910382
n 1208 1 0.901295 0.562677 0.791744
n 1209 1 0.649713 0.144528 0.687536
n 1210 1 0.865755 0.519653 0.850919
n 1211 1 0.659043 0.96873 0.918748
n 1212 2 0.782157 1 0.710807
n 1213 1 0.614444 0.894865 0.531732
n 1214 1 0.591406 0.644289 0.374089
n 1215 2 0.544032 1 0.4167
n 1216 1 0.710489 0.985813 -0.076287
n 1217 1 0.470544 0.650576 0.204859
n 1218 1 0.251718 0.503522 0.942243
n 1219 1 -0.0506738 0.108478 0.903509
n 1220 2 -0.00241941 0 0.621465
n 1221 1 0.07506 0.209531 0.777251
n 1222 2 0.726498 1 0.144683
n 1223 1 1.13451 0.889446 -0.000641905
n 1224 2 0.0241125 -7.45058e-09 0.658768
n 1225 1 0.182189 0.323533 0.532752
n 1226 1 0.709426 0.878996 0.523165
n 1227 1 1.10586 0.577843 0.557086
n 1228 1 1.07757 0.754712 0.499872
n 1229 1 0.65629 0.495212 0.564539
n 1230 1 0.671898 0.22013 0.882574
n 1231 1 0.757959 0.415186 0.431411
n 1232 1 0.163414 0.683985 0.437303
n 1233 1 0.242895 0.232778 0.635029
n 1234 1 1.07274 0.816404 0.641971
n 1235 1 0.783351 0.617851 0.287245
n 1236 1 1.05531 0.227497 0.367739
n 1237 1 0.569278 0.332025 0.324766
n 1238 1 0.905062 0.481948 0.81202
n 1239 1 1.07197 0.924185 0.652118
n 1240 1 0.769519 0.862171 0.830802
n 1241 1 0.437993 0.963797 0.471966
n 1242 1 0.832011 0.805318 0.887522
n 1243 1 0.381501 0.653486 1.03914
n 1244 1 1.12443 0.75007 0.702305
n 1245 1 0.707838 0.494808 0.803779
n 1246 1 0.538958 0.266805 0.809536
n 1247 1 0.394827 0.437162 0.363212
n 1248 1 0.0419008 0.117686 0.96473
n 1249 1 0.383041 0.241279 0.622167
n 1250 1 0.699139 0.579411 0.082704
n 1251 1 0.259717 0.365717 0.183919
n 1252 1 1.07498 0.470294 0.377708
n 1253 1 0.878679 0.66236 -0.0389175
n 1254 1 0.88453 0.563169 0.572622
n 1255 1 0.569774 0.176015 0.579048
n 1256 1 0.628087 0.330004 1.07154
n 1257 1 0.699524 0.798872 0.91643
n 1258 2 0.0796076 0 0.540203
n 1259 1 -0.192038 0.119981 0.40652
n 1260 1 1.08551 0.985789 0.514111
n 1261 1 0.800882 0.964853 0.92344
n 1262 1 0.152755 0.219315 1.01655
n 1263 1 0.217214 0.569268 0.666725
n 1264 1 1.07393 0.529611 0.878024
n 1265 1 0.598025 0.601997 1.00944
n 1266 1 1.09693 0.948305 0.767946
n 1267 1 0.894986 0.641011 1.10528
n 1268 1 0.699192 0.621167 0.875891
n 1269 1 0.472377 0.193476 0.754909
n 1270 1 0.0528969 0.533798 0.46606
n 1271 1 0.198248 0.461984 0.937989
n 1272 1 0.310604 0.211948 0.515863
n 1273 2 0.386762 0 0.21002
n 1274 1 0.409813 0.803037 0.854452
n 1275 1 0.0721596 0.507604 1.07288
n 1276 1 0.801731 0.149729 1.0324
n 1277 1 0.565938 0.582677 0.955207
n 1278 1 -0.0626453 0.370807 0.557702
n 1279 1 0.196776 0.247384 0.149697
n 1280 2 0.837596 0 0.247536
n 1281 1 0.73127 0.266692 0.0325055
n 1282 1 0.812232 0.200265 0.484826
n 1283 1 1.01198 0.197809 0.942097
n 1284 1 0.11427 0.42515 0.758595
n 1285 1 0.541092 0.569644 0.972944
n 1286 1 1.12587 0.78485 0.662914
n 1287 1 0.685518 0.766425 0.896905
n 1288 1 0.856934 0.545778 0.676685
n 1289 1 0.980794 0.433937 1.14695
n 1290 1 0.777879 0.407599 -0.0537156
n 1291 1 0.676722 0.632453 0.380115
n 1292 1 0.125175 0.342325 0.424869
n 1293 1 0.043232 0.833803 0.452004
n 1294 2 -0.0328044 1 0.532531
n 1295 1 0.181121 0.914653 0.766416
n 1296 1 0.476643 0.53151 0.891805
n 1297 1 0.795853 0.156019 0.813623
n 1298 1 1.19617 0.363831 0.505456
n 1299 1 0.721935 0.268078 0.383236
n 1300 1 -0.194795 0.939429 0.752959
n 1301 1 0.207303 0.863832 0.467296
n 1302 1 0.568319 0.335057 -0.0262473
n 1303 1 0.152126 0.28271 0.244019
n 1304 2 0.350401 1 0.907684
n 1305 1 0.34891 0.751102 0.785292
n 1306 1 0.538342 0.0691747 0.122656
n 1307 1 0.748188 0.0147824 0.572108
n 1308 1 0.35391 0.670876 0.667393
n 1309 1 0.676087 0.306175 0.556959
n 1310 1 1.17149 0.333918 0.813937
n 1311 1 0.69105 0.429102 0.909416
n 1312 1 0.515618 0.19715 0.0053029
n 1313 1 0.250822 0.61311 0.081865
n 1314 1 0.217959 0.705486 0.359035
n 1315 1 0.513935 0.562503 0.734475
n 1316 1 0.148474 0.862558 0.597808
n 1317 1 0.481502 0.69145 0.92768
n 1318 2 0.288141 0 0.530058
n 1319 1 0.489353 0.281326 0.635747
n 1320 1 0.533994 0.229663 0.143394
n 1321 1 0.201537 0.575047 0.00488839
n 1322 1 0.893642 0.836329 0.496718
n 1323 2 0.702366 1 0.540745
n 1324 1 0.715789 0.227148 0.413565
n 1325 1 0.337901 0.449585 0.175398
n 1326 1 0.134729 0.0289438 0.333772
n 1327 1 0.0560792 0.496848 0.179239
n 1328 1 1.16383 0.149394 0.836643
n 1329 1 0.700767 0.0132619 0.710002
n 1330 1 1.01114 0.667132 0.993045
n 1331 1 0.729066 0.903742 0.656222
n 1332 2 0.885497 0 0.189656
n 1333 1 0.73961 0.359128 0.0560802
n 1334 1 0.865436 0.407889 0.473626
n 1335 1 0.643682 0.20222 0.0767303
n 1336 2 0.574299 1 0.832325
n 1337 1 0.255962 0.703391 0.801395
n 1338 1 1.06491 0.103742 0.394316
n 1339 1 0.634919 0.33998 0.485422
n 1340 1 1.01911 0.313737 0.198927
n 1341 1 0.840615 0.613902 -0.157501
n 1342 1 0.0935586 0.400581 0.609624
n 1343 1 0.0962713 0.875286 0.763406
n 1344 1 0.325946 0.406808 0.309065
n 1345 1 0.511685 0.853462 0.186582
n 1346 1 0.559454 0.371332 0.912111
n 1347 1 0.883917 0.593916 0.605222
n 1348 1 0.124731 0.479112 0.269555
n 1349 1 -0.0871343 0.336843 0.69836
n 1350 1 0.40207 0.0965692 0.399635
n 1351 1 -0.0413912 0.206615 0.600218
n 1352 1 0.523506 0.623521 0.799019
n 1353 1 0.993831 0.758167 0.700703
n 1354 1 0.925676 0.0231352 0.730161
n 1355 1 0.755211 0.0787049 1.19584
n 1356 1 0.660442 0.226955 0.472739
n 1357 2 0.798471 0 0.426088
n 1358 1 0.491828 0.655443 0.19281
n 1359 1 0.192335 0.591781 0.586831
n 1360 1 0.510474 0.723763 0.337186
n 1361 1 0.747324 0.444164 0.675901
n 1362 1 0.691254 0.724469 0.714865
n 1363 1 0.557177 0.288761 0.9178
n 1364 1 -0.0737231 0.299247 0.108882
n 1365 1 0.0787428 0.00571054 0.482501
n 1366 1 0.178196 0.483793 0.129859
n 1367 1 0.543211 0.555767 0.462402
n 1368 1 0.326523 0.014901 0.166162
n 1369 1 -0.0230215 0.286897 -0.0637031
n 1370 1 0.4377 0.785564 0.247087
n 1371 1 0.659928 0.785088 0.693871
n 1372 1 0.426461 0.791504 0.870752
n 1373 2 0.622255 1 0.776249
n 1374 1 0.400604 0.633332 0.16175
n 1375 1 0.714542 0.592968 0.547516
n 1376 1 0.68046 0.288245 0.874235
n 1377 1 1.11856 0.0836113 0.997507
n 1378 1 0.022757 0.477783 0.934145
n 1379 1 0.216694 0.0455061 0.777538
n 1380 1 0.404677 0.440633 0.782497
n 1381 1 0.0856633 0.765295 0.577983
n 1382 1 0.523047 0.866964 0.050257
n 1383 1 0.170487 0.703677 0.363369
n 1384 1 1.05379 0.828572 0.491171
n 1385 1 0.922915 0.859055 0.971735
n 1386 1 0.863256 0.364909 0.98881
n 1387 1 0.473249 0.0592778 0.929779
n 1388 1 0.59169 0.970096 0.31546
n 1389 1 0.773642 0.987044 0.779795
n 1390 1 0.641915 0.662464 0.870096
n 1391 2 0.66121 1 0.836792
n 1392 1 0.633497 0.364566 0.903574
n 1393 1 0.506716 0.847006 0.890165
n 1394 1 0.047553 0.909608 0.313337
n 1395 1 0.0724718 0.807575 -0.174484
n 1396 1 0.177985 0.649859 0.657949
n 1397 1 0.411166 0.255677 0.459837
n 1398 1 0.676393 0.761253 0.877164
n 1399 2 0.751393 1 0.63768
n 1400 1 0.902549 0.218255 0.0731729
n 1401 1 0.465077 0.456521 0.044037
n 1402 1 0.536881 0.0906501 1.00685
n 1403 1 0.932291 0.325828 0.813606
n 1404 1 0.308478 0.583218 0.351626
n 1405 1 0.172162 0.376328 -0.0815197
n 1406 1 0.556686 0.147429 0.095309
n 1407 1 1.02186 0.0835659 0.264223
n 1408 1 0.285554 0.0582923 0.536109
n 1409 1 0.765641 0.190201 0.502674
n 1410 1 0.726306 0.382761 1.11336
n 1411 1 0.636516 0.4277 0.624571
n 1412 1 0.240934 0.840623 0.569831
n 1413 1 0.443105 0.400272 0.689075
n 1414 1 0.672746 0.156348 0.202659
n 1415 1 1.14193 0.00764927 0.120452
n 1416 1 0.498746 0.576034 0.742292
n 1417 1 0.787511 0.377661 1.09763
n 1418 1 0.922329 0.879748 0.676561
n 1419 1 0.463919 0.713988 0.569863
n 1420 1 0.38881 0.337349 0.661499
n 1421 2 0.117145 0 0.883528
n 1422 1 0.451028 0.524763 0.710627
n 1423 1 0.875836 0.514933 0.449013
n 1424 2 0.219417 1 0.918417
n 1425 1 0.0527038 0.803485 0.738975
n 1426 1 0.319089 0.852648 -0.154569
n 1427 1 0.0728982 0.750967 0.267393
n 1428 1 0.0477638 0.189297 0.362185
n 1429 1 0.218583 0.650765 0.279305
n 1430 1 0.357271 0.173516 0.413962
n 1431 2 0.159941 0 0.579472
n 1432 1 -0.028261 0.792124 0.478623
n 1433 1 0.465245 0.852155 0.521627
n 1434 2 0.468939 0 0.0112579
n 1435 1 0.626925 0.289065 -0.027593
n 1436 2 0.436206 1 0.407896
n 1437 1 0.208762 0.846937 0.205312
n 1438 1 0.0988791 0.484185 0.69207
n 1439 1 0.24065 0.93786 0.843995
n 1440 1 0.136035 0.265714 0.12385
n 1441 1 0.290369 0.67887 -0.109569
n 1442 2 0.347498 -7.45058e-09 0.378078
n 1443 1 0.594973 0.245637 0.192298
n 1444 1 0.759651 0.275852 0.591956
n 1445 1 0.377525 0.374992 0.286748
n 1446 1 0.666622 0.961086 0.142034
n 1447 1 0.813598 0.747077 0.568179
n 1448 1 0.978689 0.736512 0.399046
n 1449 1 0.749951 0.443005 0.0665807
n 1450 1 -0.108088 0.700915 0.777038
n 1451 1 0.33364 0.932229 0.757779
n 1452 1 0.00735122 0.347212 0.691181
n 1453 1 0.0849391 0.597409 1.1159
n 1454 1 -0.075021 0.31295 1.15343
n 1455 1 0.0846415 0.0789598 0.742629
n 1456 1 0.00285809 0.609936 0.536712
n 1457 2 0.00396012 1 0.502415
n 1458 1 0.374031 0.904693 0.715292
n 1459 2 0.464484 1 0.987588
n 1460 2 0.378381 0 0.536261
n 1461 1 0.566806 0.18983 0.175845
n 1462 1 0.15116 0.272259 0.59477
n 1463 2 -0.0125691 0 0.837566
n 1464 2 0.0758391 1 0.145417
n 1465 1 0.127919 0.876021 0.601224
n 1466 1 0.351797 0.480003 0.998253
n 1467 1 0.486161 0.59844 0.532506
n 1468 1 0.654085 0.651504 0.387127
n 1469 1 0.575876 0.799974 -0.0828106
n 1470 1 0.129622 0.76521 0.130914
n 1471 1 0.490365 0.60722 0.437354
n 1472 1 0.569787 0.428058 0.734901
n 1473 1 0.878881 0.232749 1.07448
n 1474 2 0.670794 0 1.05591
n 1475 1 0.562293 0.322755 0.879044
n 1476 1 0.524848 0.260337 0.786853
n 1477 2 0.785099 0 0.892356
n 1478 1 1.00401 0.596242 0.422793
n 1479 1 0.653907 0.781449 0.119269
n 1480 1 0.416264 0.0188392 0.702971
n 1481 1 0.0962679 0.399204 0.659083
n 1482 1 0.298624 0.614253 0.257864
n 1483 2 0.216419 1 0.401309
n 1484 1 0.155556 0.239209 1.0227
n 1485 1 0.173223 0.28764 0.526372
n 1486 2 0.783718 1 0.866455
n 1487 1 0.926432 0.696423 0.530978
n 1488 1 0.454613 0.85898 0.967292
n 1489 1 0.682625 0.759041 0.534829
n 1490 1 0.669954 0.527645 0.742414
n 1491 1 0.834749 0.989157 0.836492
n 1492 1 -0.000980005 0.956104 0.264201
n 1493 1 0.347272 0.887201 -0.0864761
n 1494 1 1.00432 0.958372 0.580846
n 1495 1 0.868639 0.778586 0.135574
n 1496 2 0.200511 1 0.0114201
n 1497 1 0.461737 0.634126 0.211861
n 1498 1 0.108709 0.550264 0.314386
n 1499 1 0.0328382 0.05819 0.347677
n 1500 1 0.068537 0.791488 0.888998
n 1501 1 0.56637 0.825171 0.883682
n 1502 1 0.575962 0.183728 0.459459
n 1503 1 0.630988 0.500312 0.841228
n 1504 1 0.398023 0.383505 0.520247
n 1505 1 0.0490072 0.193337 0.218543
n 1506 1 0.262653 0.724241 0.709958
n 1507 1 0.232489 0.305138 0.440804
n 1508 1 0.628734 0.873589 0.383381
n 1509 2 1.05093 1 0.367796
n 1510 1 0.248014 0.958683 0.297545
n 1511 1 0.689022 0.726648 0.323466
n 1512 1 0.615392 0.509816 0.418503
n 1513 1 0.905053 0.898249 0.299263
n 1514 1 0.711973 0.4282 0.10646
n 1515 1 1.01885 0.0516806 0.220749
n 1516 1 0.507812 0.0427286 0.437372
n 1517 1 0.678744 0.192411 -0.00690138
n 1518 1 1.0009 0.805026 -0.167932
n 1519 1 0.956953 0.516887 0.237093
n 1520 2 0.389921 0 0.879681
n 1521 1 0.195629 0.243236 1.02609
n 1522 2 0.587355 0 0.557045
n 1523 1 0.718487 0.311341 0.385646
n 1524 1 0.589123 0.584371 0.921305
n 1525 2 0.840552 1 0.811838
n 1526 1 0.266839 0.262736 0.260387
n 1527 1 0.495653 0.0202685 0.631675
n 1528 1 0.320011 0.440643 0.240184
n 1529 1 -0.0295937 0.28029 -0.0777229
n 1530 1 0.811478 0.642947 0.151309
n 1531 2 1.01128 1 -0.131332
n 1532 1 0.334413 0.589392 0.57387
n 1533 1 0.273102 0.762592 1.03781
n 1534 1 0.58575 0.557791 -0.057261
n 1535 1 0.581019 0.539812 0.441393
n 1536 1 0.791517 0.341886 0.72886
n 1537 1 0.720254 0.325698 0.23524
n 1538 1 1.00368 0.00923187 0.274339
n 1539 1 0.545205 0.057648 0.0833908
n 1540 1 0.391386 0.31607 0.388849
n 1541 1 0.0501792 0.457917 0.724197
n 1542 1 0.60608 0.44007 1.02705
n 1543 1 0.334292 0.251975 0.653216
n 1544 1 0.0120932 0.081346 0.616981
n 1545 1 0.110964 0.0201584 1.10225
n 1546 1 0.271983 0.118617 0.742865
n 1547 1 0.440623 0.11061 0.273293
n 1548 1 0.632021 0.492554 0.295954
n 1549 1 0.603604 0.329019 -0.17463
n 1550 1 0.511863 0.666891 -0.0648998
n 1551 1 0.712412 0.321076 0.233752
n 1552 1 0.48296 0.427544 0.382259
n 1553 1 0.295572 0.0600877 0.101434
n 1554 1 0.22691 0.255529 0.642917
n 1555 1 0.472203 0.616744 0.884487
n 1556 1 0.0430954 0.914388 0.625457
n 1557 1 0.491756 0.919456 0.843811
n 1558 2 0.116313 0 0.450022
n 1559 1 0.302613 0.316517 0.71391
n 1560 1 0.380682 0.988607 0.639399
n 1561 1 0.301667 0.666417 1.01216
n 1562 1 0.900012 0.491241 0.668705
n 1563 1 0.834706 0.0563156 0.432959
n 1564 1 0.752803 0.217181 0.784158
n 1565 1 1.22641 0.330801 0.892731
n 1566 1 -0.0973439 0.222317 0.183817
n 1567 1 0.242249 0.513375 0.405092
n 1568 1 0.791169 0.0350181 0.327044
n 1569 1 1.03809 0.310206 -0.00806859
n 1570 1 0.304669 0.120086 0.539795
n 1571 1 -0.0202247 0.269619 0.887768
n 1572 1 0.938093 0.224653 0.392745
n 1573 2 0.81442 0 0.308446
n 1574 1 0.591562 0.772183 1.12651
n 1575 1 0.746451 0.473863 0.757703
n 1576 1 0.712669 0.484391 -0.0269305
n 1577 1 0.612157 0.185294 0.359644
n 1578 2 0.765378 0 0.614888
n 1579 1 0.889796 0.245906 0.486305
n 1580 1 0.298216 0.216704 -0.151634
n 1581 1 0.500243 0.198869 0.304292
n 1582 1 0.21247 0.752243 0.24587
n 1583 1 0.606641 0.53691 0.463269
n 1584 1 0.538514 0.588224 0.223501
n 1585 1 0.284041 0.977235 0.0420766
n 1586 1 0.746359 0.946217 0.379086
n 1587 2 0.560303 1 0.570996
n 1588 1 0.286605 0.60368 0.228941
n 1589 1 0.445445 0.178368 0.0218642
n 1590 2 0.329225 0 0.23581
n 1591 1 0.343608 0.240368 0.569178
n 1592 1 0.22666 0.58379 0.942875
n 1593 1 0.277799 0.15644 0.690373
n 1594 1 0.406258 0.748117 0.467399
n 1595 1 0.492525 0.399002 0.121455
n 1596 1 -0.138906 0.389769 0.993109
n 1597 1 0.1988 0.748345 0.913238
n 1598 1 0.423593 0.877546 0.888213
n 1599 1 0.920521 0.85612 0.92826
n 1600 0 -0.0483336 0.16035 0.949828
n 1601 0 0.951948 0.161434 0.950626
n 1602 0 0.399154 0.618449 0.650954
n 1603 0 0.399859 0.618862 0.651643
n 1604 0 0.430303 0.60348 0.628105
n 1605 0 0.430078 0.603013 0.628105
n 1606 0 0.541532 0.643193 1.0049
n 1607 0 0.540507 0.643815 0.00480939
n 1608 0 0.898106 0.566254 0.487043
n 1609 0 0.896435 0.566675 0.487134
n 1610 0 0.956774 0.28662 1.04952
n 1611 0 -0.0434586 0.286226 0.0499299
n 1612 0 0.865026 0.260166 0.972578
n 1613 0 0.865367 0.259617 0.972359
n 1614 0 0.379715 0.00743753 0.60314
n 1615 0 0.939343 0.295864 0.3023
n 1616 0 0.939617 0.296516 0.302516
n 1617 0 0.240397 0.363464 0.555285
n 1618 0 0.240638 0.363115 0.554944
n 1619 0 0.245691 0.353129 0.569581
n 1620 0 0.24545 0.353035 0.569602
n 1621 0 0.376595 0.383045 0.804206
n 1622 0 0.376091 0.384033 0.803469
n 1623 0 -0.102305 0.87896 0.841745
n 1624 0 0.898648 0.880127 0.842657
n 1625 0 0.811459 0.490506 0.222771
n 1626 0 0.810668 0.490175 0.222706
n 1627 0 0.815374 0.525158 -0.00138241
n 1628 0 0.8152 0.524498 0.998513
n 1629 0 0.402802 0.652178 0.0753439
n 1630 0 0.403613 0.653157 0.0748231
n 1631 0 0.29828 0.66811 0.460365
n 1632 0 0.297789 0.666921 0.460299
n 1633 0 0.591286 0.27696 0.627845
n 1634 0 0.591414 0.278008 0.629002
n 1635 0 0.841075 0.455927 0.830335
n 1636 0 0.841479 0.45528 0.829314
n 1637 0 0.659614 0.316281 0.84701
n 1638 0 0.659611 0.316283 0.846992
n 1639 0 0.554989 0.525142 1.0361
n 1640 0 0.554035 0.525584 0.0357272
n 1641 0 0.564028 0.506032 0.990902
n 1642 0 0.564844 0.505861 -0.00886233
n 1643 0 0.0924205 0.831722 0.765901
n 1644 0 0.0920295 0.831899 0.765943
n 1645 0 0.0950261 0.840745 0.752038
n 1646 0 0.0960735 0.840688 0.752197
n 1647 0 0.849471 0.0890397 0.156966
n 1648 0 0.849395 0.0888726 0.1566
n 1649 0 0.998933 0.267298 0.0445115
n 1650 0 0.999322 0.266996 0.0445505
n 1651 0 1.08872 0.120381 0.252374
n 1652 0 0.0886157 0.120259 0.252543
n 1653 0 0.981995 0.90732 0.709228
n 1654 0 -0.0183838 0.908128 0.710128
n 1655 0 1.10589 0.86675 0.797754
n 1656 0 0.106543 0.866949 0.796925
n 1657 0 0.803095 0.520634 0.900597
n 1658 0 0.803094 0.520665 0.900594
n 1659 0 0.670393 0.366395 0.193175
n 1660 0 0.670071 0.366705 0.19245
n 1661 0 0.683196 0.370538 0.18927
n 1662 0 0.683217 0.371419 0.190276
n 1663 0 0.955651 0.761088 0.845709
n 1664 0 -0.044404 0.759105 0.845578
n 1665 0 0.988735 0.757316 0.888992
n 1666 0 0.988733 0.757128 -0.111023
n 1667 0 0.776925 0.229959 0.177297
n 1668 0 0.777042 0.230575 0.178089
n 1669 0 0.693083 0.0926163 0.854549
n 1670 0 0.692725 0.092404 0.854909
n 1671 0 0.37311 0.274731 0.705918
n 1672 0 0.372012 0.274614 0.705546
n 1673 0 0.370466 0.256483 0.71948
n 1674 0 0.369992 0.25622 0.719035
n 1675 0 0.3806 0.326423 0.6675
n 1676 0 0.380498 0.327027 0.668293
n 1677 0 0.371851 0.277968 0.704877
n 1678 0 0.60578 0.844095 0.791547
n 1679 0 0.604822 0.842946 0.79254
n 1680 0 0.679136 0.744729 0.502696
n 1681 0 0.680383 0.744732 0.503569
n 1682 0 0.297029 0.230425 0.31022
n 1683 0 0.297389 0.230363 0.309959
n 1684 0 0.870059 0.31106 0.445231
n 1685 0 0.870095 0.310909 0.444921
n 1686 0 0.00672761 0.103524 0.792701
n 1687 0 1.00658 0.103164 0.793636
n 1688 0 0.0446455 0.0596548 0.781883
n 1689 0 0.045672 0.0605653 0.781788
n 1690 0 0.0956759 0.916688 0.650059
n 1691 0 0.0953031 0.914977 0.650865
n 1692 0 0.827561 0.968877 0.684445
n 1693 0 0.827695 0.969206 0.684514
n 1694 0 0.981614 0.852194 0.941254
n 1695 0 0.981501 0.85116 0.940853
n 1696 0 0.290093 0.434017 0.910576
n 1697 0 0.289157 0.43481 0.91166
n 1698 0 0.885965 0.315425 0.312528
n 1699 0 0.8861 0.315548 0.312991
n 1700 0 0.125419 0.779978 0.898982
n 1701 0 0.124201 0.779599 0.897921
n 1702 0 0.377906 0.550377 0.746296
n 1703 0 0.378014 0.54972 0.746264
n 1704 0 0.382706 0.77954 0.873458
n 1705 0 0.382359 0.779016 0.872212
n 1706 0 0.0683352 0.0384521 0.180814
n 1707 0 1.06833 0.038603 0.180644
n 1708 0 0.108043 0.198622 0.321254
n 1709 0 0.108812 0.198275 0.321433
n 1710 0 0.175533 0.975638 0.93474
n 1711 0 0.175283 0.975945 0.934601
n 1712 0 0.207517 0.988824 0.906252
n 1713 0 0.20866 0.987319 0.906838
n 1714 0 0.779054 0.300015 0.912623
n 1715 0 0.778641 0.300311 0.91295
n 1716 0 0.669825 0.242623 0.826601
n 1717 0 0.670695 0.240989 0.826586
n 1718 0 0.362449 0.328866 0.415057
n 1719 0 0.363326 0.327735 0.416427
n 1720 0 0.756138 0.173139 0.999339
n 1721 0 0.75603 0.173228 0.999442
n 1722 0 0.35053 0.291439 0.810784
n 1723 0 0.350451 0.291442 0.81069
n 1724 0 0.25154 0.0728537 0.505915
n 1725 0 0.252683 0.074371 0.505467
n 1726 0 0.548469 0.795969 0.501767
n 1727 0 0.548206 0.796002 0.503213
n 1728 0 0.233574 0.0658858 -0.0551833
n 1729 0 0.232142 0.0647689 -0.0546379
n 1730 0 -0.0814355 0.55541 0.185441
n 1731 0 0.918626 0.554993 0.185425
n 1732 0 0.178912 0.60056 0.00477438
n 1733 0 0.178451 0.600604 1.00412
n 1734 0 0.0826456 0.157711 0.151769
n 1735 0 0.0823391 0.157802 0.15188
n 1736 0 0.993877 0.757098 0.900419
n 1737 0 0.993519 0.756654 -0.0999368
n 1738 0 0.516916 0.316907 0.670674
n 1739 0 0.517033 0.316724 0.67078
n 1740 0 0.498987 0.314164 0.685754
n 1741 0 0.498974 0.314064 0.68572
n 1742 0 0.99628 0.168986 0.31815
n 1743 0 -0.00351999 0.168575 0.318221
n 1744 0 0.952376 0.16492 0.417946
n 1745 0 0.952674 0.165404 0.418097
n 1746 0 0.0838696 0.207447 0.594161
n 1747 0 0.0847322 0.207906 0.593534
n 1748 0 0.173625 0.398066 0.857281
n 1749 0 0.173199 0.398598 0.857041
n 1750 0 0.600218 0.757354 0.0572707
n 1751 0 0.599138 0.755814 0.0569641
n 1752 0 0.899881 0.157354 0.235469
n 1753 0 0.901004 0.157004 0.235871
n 1754 0 0.101206 0.811222 0.720664
n 1755 0 0.101254 0.811076 0.720625
n 1756 0 0.485221 0.858956 0.18993
n 1757 0 0.484551 0.857302 0.190195
n 1758 0 0.720779 0.631472 0.483958
n 1759 0 0.721815 0.631805 0.483443
n 1760 0 0.966035 0.0912388 0.243899
n 1761 0 0.966018 0.091233 0.243944
n 1762 0 0.457076 0.640628 0.481406
n 1763 0 0.457159 0.640609 0.481409
n 1764 0 0.562779 0.633451 0.896143
n 1765 0 0.562833 0.633464 0.8961
n 1766 0 0.0278952 0.532933 0.368663
n 1767 0 1.02824 0.534631 0.369126
n 1768 0 0.208986 0.548057 0.179111
n 1769 0 0.208234 0.54654 0.178271
n 1770 0 0.686097 0.570794 0.821442
n 1771 0 0.68651 0.569423 0.821078
n 1772 0 0.643796 0.567191 0.786976
n 1773 0 0.643049 0.567817 0.787827
n 1774 0 0.0721159 0.235113 0.596104
n 1775 0 0.0721735 0.235141 0.596095
n 1776 0 -0.0131191 0.418921 0.613468
n 1777 0 0.986275 0.418636 0.61351
n 1778 0 0.319788 0.217207 0.226554
n 1779 0 0.32025 0.216936 0.228331
n 1780 0 0.807852 0.947597 0.825718
n 1781 0 0.808589 0.947162 0.825754
n 1782 0 0.822001 0.194238 1.05024
n 1783 0 0.821618 0.193124 0.0512021
n 1784 0 0.583523 0.118288 0.866598
n 1785 0 0.584294 0.117153 -0.133933
n 1786 0 0.530475 0.600246 0.217796
n 1787 0 0.530586 0.600343 0.217849
n 1788 0 0.0349712 0.785697 0.390659
n 1789 0 0.0348479 0.785683 0.390711
n 1790 0 0.426047 0.973297 0.651571
n 1791 0 0.426231 0.973418 0.65162
n 1792 0 0.580452 0.784519 0.535736
n 1793 0 0.58111 0.785257 0.53541
n 1794 0 1.06562 0.835092 0.958467
n 1795 0 0.0656832 0.835372 -0.041588
n 1796 0 0.629076 0.342025 0.716139
n 1797 0 0.629153 0.342155 0.7158
n 1798 0 0.573495 0.560511 0.0273612
n 1799 0 0.57364 0.560366 0.0270969
n 1800 0 0.300532 0.0955692 0.833016
n 1801 0 0.300122 0.0958343 0.834392
n 1802 0 0.213472 0.17902 0.790993
n 1803 0 0.214013 0.180041 0.7919
n 1804 0 0.164116 0.447081 0.354405
n 1805 0 0.16445 0.446695 0.354399
n 1806 0 0.482527 0.717982 0.155334
n 1807 0 0.482299 0.717989 0.155356
n 1808 0 0.320967 0.419868 0.60317
n 1809 0 0.32087 0.41938 0.602019
n 1810 0 0.418155 0.180555 0.598831
n 1811 0 0.417703 0.181148 0.598112
n 1812 0 0.37062 0.552119 0.655886
n 1813 0 0.37129 0.55248 0.654531
n 1814 0 0.616691 0.422103 0.742844
n 1815 0 0.616859 0.422185 0.742492
n 1816 0 0.11772 0.291854 0.112643
n 1817 0 0.117237 0.292193 0.112412
n 1818 0 0.893953 0.647411 0.993642
n 1819 0 0.894 0.647369 -0.00639941
n 1820 0 0.74427 0.823344 0.372446
n 1821 0 0.744296 0.82328 0.372433
n 1822 0 0.247076 0.485653 0.632259
n 1823 0 0.247881 0.486331 0.632505
n 1824 0 0.155866 0.132884 0.602402
n 1825 0 0.155704 0.132678 0.602706
n 1826 0 0.136657 0.892985 0.114118
n 1827 0 0.137298 0.893081 0.113763
n 1828 0 0.313282 0.644486 0.720418
n 1829 0 0.315003 0.644223 0.720744
n 1830 0 0.252735 0.357718 0.808879
n 1831 0 0.253725 0.357622 0.809243
n 1832 0 0.115766 0.935108 0.234611
n 1833 0 0.115867 0.935141 0.234622
n 1834 0 0.128074 0.904205 0.214369
n 1835 0 0.127122 0.903853 0.214328
n 1836 0 0.234284 0.393678 0.630558
n 1837 0 0.234962 0.393095 0.630446
n 1838 0 0.960492 0.232484 0.193643
n 1839 0 -0.0391384 0.232662 0.193632
n 1840 0 0.317668 0.843004 0.299645
n 1841 0 0.316292 0.841877 0.298931
n 1842 0 0.235596 0.817555 0.49791
n 1843 0 0.235178 0.818879 0.497907
n 1844 0 0.349735 0.517004 0.285299
n 1845 0 0.349261 0.517524 0.285706
n 1846 0 0.316678 0.534335 0.85208
n 1847 0 0.316731 0.53443 0.852125
n 1848 0 1.10461 0.464766 0.894062
n 1849 0 0.104125 0.462917 -0.106224
n 1850 0 1.04797 0.476455 0.914503
n 1851 0 0.0479634 0.478174 0.913492
n 1852 0 0.614615 0.347654 0.792894
n 1853 0 0.613377 0.347059 0.793186
n 1854 0 0.898691 0.690866 0.601892
n 1855 0 0.898266 0.690822 0.601349
n 1856 0 0.60691 0.190118 0.95161
n 1857 0 0.606869 0.190157 0.951706
n 1858 0 0.593063 0.53041 0.964228
n 1859 0 0.594083 0.531 0.96442
n 1860 0 0.574669 0.583941 0.897542
n 1861 0 0.575772 0.584228 0.897469
n 1862 0 0.727469 0.256078 0.586399
n 1863 0 0.727359 0.256097 0.586716
n 1864 0 0.142594 0.217696 0.294565
n 1865 0 0.14268 0.218139 0.294454
n 1866 0 0.569593 0.520862 0.986687
n 1867 0 0.569453 0.520592 -0.0141819
n 1868 0 0.70127 0.436777 0.991572
n 1869 0 0.701327 0.436867 0.991575
n 1870 0 0.338999 0.539803 0.813108
n 1871 0 0.339223 0.540042 0.813272
n 1872 0 0.287217 0.736396 0.597575
n 1873 0 0.288482 0.737058 0.597875
n 1874 0 0.66544 0.261109 0.341988
n 1875 0 0.664636 0.260987 0.34238
n 1876 0 0.180595 0.746286 0.323734
n 1877 0 0.180392 0.746998 0.324859
n 1878 0 0.485598 0.552523 0.598204
n 1879 0 0.48469 0.551426 0.598107
n 1880 0 0.515204 0.521654 0.670338
n 1881 0 0.515574 0.523269 0.670877
n 1882 0 0.148625 0.642738 0.745572
n 1883 0 0.148477 0.642902 0.745221
n 1884 0 0.565239 0.174573 0.987328
n 1885 0 0.564578 0.17499 -0.012261
n 1886 0 0.656942 0.41786 0.731003
n 1887 0 0.656097 0.4179 0.731162
n 1888 0 0.198529 0.820308 0.49839
n 1889 0 0.198601 0.81972 0.498391
n 1890 0 0.920943 0.705673 1.00043
n 1891 0 0.92122 0.707034 0.00180161
n 1892 0 0.642391 0.236926 0.504661
n 1893 0 0.642461 0.236859 0.504694
n 1894 0 0.381988 0.484015 0.793579
n 1895 0 0.38154 0.483235 0.7952
n 1896 0 0.1202 0.7402 0.916551
n 1897 0 0.119366 0.74028 0.916541
n 1898 0 0.125884 0.796177 0.890082
n 1899 0 0.12592 0.795371 0.888385
n 1900 0 0.0725157 0.90778 0.811018
n 1901 0 1.07105 0.908922 0.811178
n 1902 0 0.066652 0.0475848 0.884597
n 1903 0 0.0666207 0.0476009 0.884606
n 1904 0 0.763948 0.351834 0.235338
n 1905 0 0.76302 0.350839 0.235258
n 1906 0 0.390839 0.37691 1.08354
n 1907 0 0.391479 0.377719 0.0840208
n 1908 0 0.561603 0.511146 0.0428548
n 1909 0 0.562215 0.510791 0.0443037
n 1910 0 0.408729 0.612047 0.623937
n 1911 0 0.408737 0.612084 0.623877
n 1912 0 0.460293 0.570896 0.606403
n 1913 0 0.459365 0.570017 0.605739
n 1914 0 0.041734 0.296934 0.755167
n 1915 0 0.040035 0.296837 0.754889
n 1916 0 0.939334 0.470236 0.987859
n 1917 0 0.939005 0.471671 0.988287
n 1918 0 0.598358 0.970733 0.332468
n 1919 0 0.598356 0.970717 0.33247
n 1920 0 0.175533 0.34836 0.0717703
n 1921 0 0.175767 0.34909 0.0731779
n 1922 0 0.722537 0.589143 0.194994
n 1923 0 0.724008 0.589369 0.195688
n 1924 0 0.244172 0.516348 0.977453
n 1925 0 0.244178 0.516328 0.977453
n 1926 0 0.752004 0.836782 0.389545
n 1927 0 0.75199 0.836783 0.38955
n 1928 0 0.0296972 0.77424 0.770997
n 1929 0 0.0301796 0.77332 0.77101
n 1930 0 0.921397 0.740474 0.887658
n 1931 0 0.922594 0.741407 0.887311
n 1932 0 0.692753 0.319667 0.420056
n 1933 0 0.692941 0.320791 0.419111
n 1934 0 0.264194 0.828049 0.503446
n 1935 0 0.264179 0.827697 0.504106
n 1936 0 0.642387 0.0271967 0.147795
n 1937 0 0.642107 0.0289803 0.147132
n 1938 0 0.646431 0.0286749 0.145112
n 1939 0 0.718267 0.526764 0.824114
n 1940 0 0.718684 0.527344 0.82382
n 1941 0 0.642842 0.747623 0.320238
n 1942 0 0.642694 0.747439 0.320256
n 1943 0 0.562368 0.0900158 0.296233
n 1944 0 0.562117 0.0902826 0.296227
n 1945 0 0.652487 0.656898 0.367411
n 1946 0 0.650884 0.657581 0.367894
n 1947 0 0.674176 0.377744 0.739923
n 1948 0 0.674088 0.377912 0.739836
n 1949 0 0.299416 0.614435 0.445714
n 1950 0 0.299521 0.614565 0.445815
n 1951 0 0.143763 0.172283 0.230731
n 1952 0 0.143179 0.172515 0.230439
n 1953 0 0.956785 0.44974 0.400674
n 1954 0 0.957166 0.449399 0.400572
n 1955 0 0.651579 0.458865 0.767434
n 1956 0 0.651534 0.458959 0.767356
n 1957 0 0.00242765 0.687684 0.53065
n 1958 0 0.00307755 0.687614 0.529882
n 1959 0 0.618551 0.598548 1.00443
n 1960 0 0.618432 0.598893 1.00381
n 1961 0 0.663878 0.553088 0.856943
n 1962 0 0.663286 0.55346 0.856739
n 1963 0 0.997549 0.0995417 0.789689
n 1964 0 0.996956 0.100335 0.791005
n 1965 0 -0.0790525 0.76232 0.547233
n 1966 0 0.920661 0.760873 0.547346
n 1967 0 -0.0242166 0.749581 0.523285
n 1968 0 0.975781 0.749879 0.52312
n 1969 0 0.793068 0.532344 0.690546
n 1970 0 0.793527 0.531908 0.690716
n 1971 0 0.709706 0.782337 0.870289
n 1972 0 0.708966 0.782479 0.869128
n 1973 0 0.280449 0.373451 0.115581
n 1974 0 0.280364 0.373773 0.116046
n 1975 0 0.245153 0.811221 0.126849
n 1976 0 0.245493 0.811417 0.126775
n 1977 0 0.47081 0.348234 0.596281
n 1978 0 0.470148 0.348135 0.596457
n 1979 0 -0.018042 0.373941 1.14199
n 1980 0 -0.0181821 0.373284 0.141837
n 1981 0 0.186883 0.400363 0.836651
n 1982 0 0.186018 0.399902 0.83603
n 1983 0 0.192816 0.580275 0.292136
n 1984 0 0.192519 0.580352 0.291952
n 1985 0 0.16227 0.33597 0.0822251
n 1986 0 0.162558 0.336716 0.0837364
n 1987 0 0.320032 0.185722 0.477859
n 1988 0 0.320054 0.18565 0.477914
n 1989 0 0.0301061 0.246088 0.833353
n 1990 0 0.0304084 0.246315 0.833538
n 1991 0 0.364143 0.856183 0.0975831
n 1992 0 0.36329 0.856088 0.0985762
n 1993 0 0.925169 0.962373 0.372509
n 1994 0 0.925174 0.962348 0.372438
n 1995 0 0.0534346 0.122028 0.953917
n 1996 0 0.0531015 0.121744 0.953483
n 1997 0 0.0482062 0.28692 0.850145
n 1998 0 1.0476 0.287905 0.85174
n 1999 0 0.134407 0.240106 0.292584
n 2000 0 0.134562 0.239953 0.2925
n 2001 0 0.176359 0.744655 0.170769
n 2002 0 0.176447 0.744702 0.170691
n 2003 0 0.040083 0.312865 -0.0129436
n 2004 0 0.0408555 0.312603 -0.0136612
n 2005 0 -0.0013007 0.734896 0.72146
n 2006 0 1.00023 0.734098 0.720849
n 2007 0 0.659371 0.0461258 0.13049
n 2008 0 0.659166 0.0456134 0.130854
n 2009 0 0.0248418 0.0737236 0.676278
n 2010 0 0.0242045 0.0738508 0.676424
n 2011 0 0.696121 0.519747 0.558425
n 2012 0 0.696674 0.519079 0.559348
n 2013 0 0.728787 0.507644 0.798676
n 2014 0 0.729081 0.507318 0.799063
n 2015 0 0.156926 0.241962 0.993912
n 2016 0 0.156581 0.242019 0.993906
n 2017 0 0.394587 0.313205 0.0865706
n 2018 0 0.395162 0.313008 0.0874178
n 2019 0 0.641662 0.77826 0.611234
n 2020 0 0.642056 0.776823 0.611773
n 2021 0 0.318288 0.920644 0.302866
n 2022 0 0.31878 0.92145 0.301705
n 2023 0 0.60509 0.744515 0.0927273
n 2024 0 0.605749 0.744859 1.09273
n 2025 0 0.323757 0.34304 0.456049
n 2026 0 0.323643 0.344232 0.455429
c 1600 1601 
c 1602 1603 
c 1604 1605 
c 1606 1607 
c 1608 1609 
c 1610 1611 
c 1612 1613 
c 1615 1616 
c 1617 1618 
c 1619 1620 
c 1621 1622 
c 1623 1624 
c 1625 1626 
c 1627 1628 
c 1629 1630 
c 1631 1632 
c 1633 1634 
c 1635 1636 
c 1637 1638 
c 1639 1640 
c 1641 1642 
c 1643 1644 
c 1645 1646 
c 1647 1648 
c 1649 1650 
c 1651 1652 
c 1653 1654 
c 1655 1656 
c 1657 1658 
c 1659 1660 
c 1661 1662 
c 1663 1664 
c 1665 1666 
c 1667 1668 
c 1669 1670 
c 1671 1672 1677 
c 1673 1674 
c 1675 1676 
c 1678 1679 
c 1680 1681 
c 1682 1683 
c 1684 1685 
c 1686 1687 
c 1688 1689 
c 1690 1691 
c 1692 1693 
c 1694 1695 
c 1696 1697 
c 1698 1699 
c 1700 1701 
c 1702 1703 
c 1704 1705 
c 1706 1707 
c 1708 1709 
c 1710 1711 
c 1712 1713 
c 1714 1715 
c 1716 1717 
c 1718 1719 
c 1720 1721 
c 1722 1723 
c 1724 1725 
c 1726 1727 
c 1728 1729 
c 1730 1731 
c 1732 1733 
c 1734 1735 
c 1736 1737 
c 1738 1739 
c 1740 1741 
c 1742 1743 
c 1744 1745 
c 1746 1747 
c 1748 1749 
c 1750 1751 
c 1752 1753 
c 1754 1755 
c 1756 1757 
c 1758 1759 
c 1760 1761 
c 1762 1763 
c 1764 1765 
c 1766 1767 
c 1768 1769 
c 1770 1771 
c 1772 1773 
c 1774 1775 
c 1776 1777 
c 1778 1779 
c 1780 1781 
c 1782 1783 
c 1784 1785 
c 1786 1787 
c 1788 1789 
c 1790 1791 
c 1792 1793 
c 1794 1795 
c 1796 1797 
c 1798 1799 
c 1800 1801 
c 1802 1803 
c 1804 1805 
c 1806 1807 
c 1808 1809 
c 1810 1811 
c 1812 1813 
c 1814 1815 
c 1816 1817 
c 1818 1819 
c 1820 1821 
c 1822 1823 
c 1824 1825 
c 1826 1827 
c 1828 1829 
c 1830 1831 
c 1832 1833 
c 1834 1835 
c 1836 1837 
c 1838 1839 
c 1840 1841 
c 1842 1843 
c 1844 1845 
c 1846 1847 
c 1848 1849 
c 1850 1851 
c 1852 1853 
c 1854 1855 
c 1856 1857 
c 1858 1859 
c 1860 1861 
c 1862 1863 
c 1864 1865 
c 1866 1867 
c 1868 1869 
c 1870 1871 
c 1872 1873 
c 1874 1875 
c 1876 1877 
c 1878 1879 
c 1880 1881 
c 1882 1883 
c 1884 1885 
c 1886 1887 
c 1888 1889 
c 1890 1891 
c 1892 1893 
c 1894 1895 
c 1896 1897 
c 1898 1899 
c 1900 1901 
c 1902 1903 
c 1904 1905 
c 1906 1907 
c 1908 1909 
c 1910 1911 
c 1912 1913 
c 1914 1915 
c 1916 1917 
c 1918 1919 
c 1920 1921 
c 1922 1923 
c 1924 1925 
c 1926 1927 
c 1928 1929 
c 1930 1931 
c 1932 1933 
c 1934 1935 
c 1936 1937 1938 
c 1939 1940 
c 1941 1942 
c 1943 1944 
c 1945 1946 
c 1947 1948 
c 1949 1950 
c 1951 1952 
c 1953 1954 
c 1955 1956 
c 1957 1958 
c 1959 1960 
c 1961 1962 
c 1963 1964 
c 1965 1966 
c 1967 1968 
c 1969 1970 
c 1971 1972 
c 1973 1974 
c 1975 1976 
c 1977 1978 
c 1979 1980 
c 1981 1982 
c 1983 1984 
c 1985 1986 
c 1987 1988 
c 1989 1990 
c 1991 1992 
c 1993 1994 
c 1995 1996 
c 1997 1998 
c 1999 2000 
c 2001 2002 
c 2003 2004 
c 2005 2006 
c 2007 2008 
c 2009 2010 
c 2011 2012 
c 2013 2014 
c 2015 2016 
c 2017 2018 
c 2019 2020 
c 2021 2022 
c 2023 2024 
c 2025 2026 
