b 576 131 24.000000 19.918584 0.000000 1 0 0
f 0 0.010000 153 177 202 226 251 275 300 324 349 373 398 422 447 471 496 520 545 569 
f 1 0.010000 141 166 190 215 239 240 264 289 313 338 362 387 411 436 460 485 509 534 558 
f 2 0.010000 8 31 55 
f 3 0.010000 30 54 77 101 124 148 171 195 218 242 265 289 312 336 383 407 430 454 477 501 524 548 571 
f 4 0.010000 21 45 70 94 119 143 144 168 193 217 242 266 291 315 340 364 389 
f 5 0.010000 20 43 67 90 114 137 161 
f 6 0.010000 23 46 70 93 117 
f 7 0.010000 273 298 322 347 371 396 420 445 469 494 518 543 567 
f 8 0.010000 295 319 344 368 393 417 442 466 491 515 540 564 
f 9 0.010000 4 28 53 77 102 126 151 175 200 224 249 
f 10 0.010000 210 211 212 213 214 215 192 193 194 195 196 197 198 199 200 201 
f 11 0.010000 140 164 187 211 234 258 281 305 328 352 375 399 422 446 469 493 516 540 563 
f 12 0.010000 8 32 57 81 106 130 155 179 
f 13 0.010000 354 355 356 357 358 359 
f 14 0.010000 16 39 63 86 110 133 157 180 204 227 251 274 298 321 345 368 392 415 
f 15 0.010000 119 96 97 98 99 100 101 102 103 104 105 106 107 108 109 110 111 
f 16 0.010000 38 62 85 109 132 156 179 203 226 250 273 297 320 344 367 391 414 438 461 485 508 532 555 
f 17 0.010000 378 379 380 381 382 383 360 361 362 
f 18 0.010000 7 31 56 80 105 129 154 178 203 227 252 276 301 325 350 374 399 423 448 472 
f 19 0.010000 138 139 140 141 142 143 120 121 122 123 124 125 
f 20 0.010000 10 33 57 80 104 127 151 174 198 221 245 268 292 315 339 362 386 409 433 456 
f 21 0.010000 270 271 272 273 274 275 276 277 278 279 280 281 282 283 284 285 
f 22 0.010000 202 203 204 205 206 207 208 209 
f 23 0.010000 14 37 61 84 108 131 155 178 202 225 249 272 296 319 343 366 390 
f 24 0.010000 120 144 191 215 238 262 285 309 332 356 379 403 426 450 473 497 520 544 567 
f 25 0.010000 514 515 516 517 518 519 520 521 522 523 524 
f 26 0.010000 469 470 471 
f 27 0.010000 174 175 176 177 178 179 180 181 182 183 184 185 186 
f 28 0.010000 476 501 525 550 574 
f 29 0.010000 406 430 455 479 480 504 529 553 
f 30 0.010000 156 157 158 159 160 161 162 163 164 165 166 167 144 145 146 
f 31 0.010000 331 332 333 334 
f 32 0.010000 497 521 546 570 
f 33 0.010000 13 36 60 83 107 130 154 177 201 224 248 271 295 318 342 365 389 412 436 459 483 
f 34 0.010000 75 100 124 149 173 198 222 247 271 296 320 345 369 394 418 443 467 492 516 541 565 
f 35 0.010000 410 435 459 484 508 533 557 
f 36 0.010000 447 448 449 450 451 452 453 454 455 432 433 434 435 436 437 438 439 440 441 442 443 444 445 
f 37 0.010000 252 275 299 322 346 369 393 416 440 463 487 510 534 557 
f 38 0.010000 9 32 56 79 103 126 150 
f 39 0.010000 98 122 147 171 196 220 245 269 294 318 343 367 392 416 441 465 490 514 539 563 
f 40 0.010000 334 359 383 384 408 433 457 482 506 531 555 
f 41 0.010000 336 337 338 339 340 341 342 343 344 345 346 347 348 349 350 351 352 353 
f 42 0.010000 78 102 125 149 172 196 219 243 266 290 313 337 360 384 431 455 478 502 525 549 572 
f 43 0.010000 15 39 64 88 113 137 
f 44 0.010000 413 437 460 484 507 531 554 
f 45 0.010000 13 37 62 86 111 135 160 184 209 233 258 282 307 331 356 380 405 
f 46 0.010000 136 160 183 207 230 254 277 301 324 348 371 395 418 442 465 489 512 536 559 
f 47 0.010000 2 26 51 
f 48 0.010000 126 127 128 129 130 131 132 133 134 135 136 137 
f 49 0.010000 184 208 231 255 278 302 325 349 372 396 419 443 466 490 513 537 560 
f 50 0.010000 400 423 447 470 494 517 541 564 
f 51 0.010000 0 24 49 73 
f 52 0.010000 204 228 253 277 302 326 351 375 400 424 449 473 498 522 547 571 
f 53 0.010000 255 256 257 258 259 260 261 262 263 240 241 242 243 244 245 246 247 248 249 250 251 252 253 
f 54 0.010000 506 530 553 
f 55 0.010000 19 42 66 89 113 
f 56 0.010000 544 545 546 547 548 549 550 551 528 529 530 531 532 533 534 
f 57 0.010000 233 257 280 304 327 351 374 398 421 445 468 492 515 539 562 
f 58 0.010000 20 44 69 93 118 142 167 191 192 216 241 265 290 314 339 363 388 412 437 461 486 510 535 
f 59 0.010000 425 426 427 428 429 430 431 408 409 410 411 
f 60 0.010000 3 26 50 73 97 
f 61 0.010000 9 33 58 82 107 131 156 180 205 229 254 278 303 327 352 376 401 425 450 474 499 523 
f 62 0.010000 5 29 54 78 103 127 152 176 201 225 250 274 299 323 348 372 397 421 446 470 495 519 
f 63 0.010000 17 40 64 87 111 134 158 181 205 228 
f 64 0.010000 1 25 50 74 99 123 148 172 197 221 246 270 
f 65 0.010000 309 310 311 288 289 290 291 292 293 294 295 296 297 298 299 300 301 302 303 304 305 306 307 
f 66 0.010000 59 60 61 
f 67 0.010000 413 438 462 487 511 536 560 
f 68 0.010000 412 413 414 415 416 417 418 419 420 421 422 423 424 
f 69 0.010000 16 40 65 89 114 138 163 187 212 236 261 285 310 
f 70 0.010000 11 35 60 84 109 133 158 182 207 231 256 280 305 329 354 378 403 427 452 
f 71 0.010000 12 35 59 82 106 129 153 176 200 223 247 270 294 317 341 364 388 411 435 458 
f 72 0.010000 472 496 519 543 566 
f 73 0.010000 522 546 569 
f 74 0.010000 439 462 486 509 533 556 
f 75 0.010000 18 42 67 91 116 140 165 189 214 238 263 287 288 312 337 361 386 
f 76 0.010000 498 499 500 501 502 503 480 481 482 483 484 485 
f 77 0.010000 406 407 384 385 386 387 388 389 390 391 
f 78 0.010000 1 24 48 95 119 142 166 189 213 236 260 
f 79 0.010000 486 487 488 489 490 491 492 493 494 495 496 497 
f 80 0.010000 10 34 59 83 108 132 
f 81 0.010000 3 27 52 76 101 125 150 174 199 223 248 272 297 
f 82 0.010000 19 43 68 92 117 
f 83 0.010000 17 41 66 90 115 139 164 188 213 237 262 286 311 335 336 360 
f 84 0.010000 420 444 467 491 514 538 561 
f 85 0.010000 385 409 434 458 483 507 532 556 
f 86 0.010000 29 30 31 32 33 34 35 36 37 38 39 40 41 42 43 44 45 46 47 
f 87 0.010000 21 44 68 91 115 138 162 185 209 232 256 279 303 326 350 373 397 
f 88 0.010000 194 218 243 267 292 316 341 365 390 414 439 463 488 512 537 561 
f 89 0.010000 333 357 380 404 427 451 474 498 521 545 568 
f 90 0.010000 548 572 
f 91 0.010000 12 36 61 85 110 134 159 183 208 232 257 281 306 330 355 379 
f 92 0.010000 0 47 71 94 118 141 165 188 212 235 259 282 306 329 353 376 
f 93 0.010000 112 113 114 115 116 117 118 
f 94 0.010000 29 53 76 100 123 147 170 194 217 241 264 288 335 359 382 406 429 453 476 500 523 547 570 
f 95 0.010000 544 568 
f 96 0.010000 286 287 264 265 266 267 268 269 
f 97 0.010000 222 223 224 225 226 227 228 229 230 231 232 233 234 235 236 237 238 
f 98 0.010000 239 216 217 218 219 220 221 
f 99 0.010000 525 526 527 504 505 506 507 508 509 510 511 512 513 
f 100 0.010000 404 428 453 477 502 526 551 575 
f 101 0.010000 5 28 52 75 99 122 146 169 193 216 240 287 311 334 358 381 405 428 452 475 499 
f 102 0.010000 157 181 206 230 255 279 304 328 353 377 402 426 451 475 500 524 549 573 
f 103 0.010000 472 473 474 475 476 477 478 479 456 457 458 459 460 461 462 463 464 465 466 467 468 
f 104 0.010000 14 38 63 87 112 136 161 185 210 234 259 283 308 332 357 381 
f 105 0.010000 429 454 478 503 527 528 552 
f 106 0.010000 162 186 211 235 260 284 309 333 358 382 407 431 432 456 481 505 530 554 
f 107 0.010000 47 48 72 97 121 146 170 195 219 244 268 293 317 342 366 391 415 440 464 489 513 538 562 
f 108 0.010000 482 505 529 552 
f 109 0.010000 535 536 537 538 539 540 541 542 543 
f 110 0.010000 187 188 189 190 191 168 169 170 171 172 173 
f 111 0.010000 18 41 65 88 112 135 159 182 206 229 253 276 300 323 347 370 394 417 441 464 488 
f 112 0.010000 6 30 55 79 104 128 
f 113 0.010000 283 307 330 354 377 401 424 448 471 495 518 542 565 
f 114 0.010000 62 63 64 65 66 67 68 69 70 71 48 49 50 51 52 53 54 55 56 57 58 
f 115 0.010000 173 197 220 244 267 291 314 338 361 385 408 432 479 503 526 550 573 
f 116 0.010000 2 25 49 72 96 143 167 190 214 237 261 284 308 331 355 378 402 425 449 
f 117 0.010000 4 27 51 74 98 121 145 168 192 239 263 286 310 
f 118 0.010000 24 25 26 27 28 
f 119 0.010000 480 527 551 574 
f 120 0.010000 147 148 149 150 151 152 153 154 155 
f 121 0.010000 76 77 78 79 80 81 82 83 84 85 86 87 88 89 90 91 92 93 94 95 72 73 74 
f 122 0.010000 321 346 370 395 419 444 468 493 517 542 566 
f 123 0.010000 22 45 69 92 116 139 163 186 210 
f 124 0.010000 363 364 365 366 367 368 369 370 371 372 373 374 375 376 377 
f 125 0.010000 316 340 363 387 410 434 457 481 504 528 575 
f 126 0.010000 511 535 558 
f 127 0.010000 22 46 71 95 96 120 145 169 
f 128 0.010000 392 393 394 395 396 397 398 399 400 401 402 403 404 405 
f 129 0.010000 11 34 58 81 105 128 152 175 199 222 246 269 293 
f 130 0.010000 335 312 313 314 315 316 317 318 319 320 321 322 323 324 325 326 327 328 329 330 
n 0 2 0.250000 0.000000 0.000000
n 1 2 1.250000 0.000000 0.000000
n 2 2 2.250000 0.000000 0.000000
n 3 2 3.250000 0.000000 0.000000
n 4 2 4.250000 0.000000 0.000000
n 5 2 5.250000 0.000000 0.000000
n 6 2 6.250000 0.000000 0.000000
n 7 2 7.250000 0.000000 0.000000
n 8 2 8.250000 0.000000 0.000000
n 9 2 9.250000 0.000000 0.000000
n 10 2 10.250000 0.000000 0.000000
n 11 2 11.250000 0.000000 0.000000
n 12 2 12.250000 0.000000 0.000000
n 13 2 13.250000 0.000000 0.000000
n 14 2 14.250000 0.000000 0.000000
n 15 2 15.250000 0.000000 0.000000
n 16 2 16.250000 0.000000 0.000000
n 17 2 17.250000 0.000000 0.000000
n 18 2 18.250000 0.000000 0.000000
n 19 2 19.250000 0.000000 0.000000
n 20 2 20.250000 0.000000 0.000000
n 21 2 21.250000 0.000000 0.000000
n 22 2 22.250000 0.000000 0.000000
n 23 2 23.250000 0.000000 0.000000
n 24 0 0.787606 0.867270 0.000000
n 25 0 1.788607 0.864966 0.000000
n 26 0 2.787983 0.861966 0.000000
n 27 0 3.790208 0.863473 0.000000
n 28 0 4.788911 0.861609 0.000000
n 29 0 5.819279 0.838879 0.000000
n 30 0 6.816173 0.846116 0.000000
n 31 0 7.799984 0.867411 0.000000
n 32 0 8.795262 0.864885 0.000000
n 33 0 9.793384 0.864694 0.000000
n 34 0 10.792223 0.864198 0.000000
n 35 0 11.791900 0.864425 0.000000
n 36 0 12.792742 0.863959 0.000000
n 37 0 13.795218 0.863152 0.000000
n 38 0 14.801906 0.849715 0.000000
n 39 0 15.796544 0.864003 0.000000
n 40 0 16.793560 0.866060 0.000000
n 41 0 17.791408 0.866979 0.000000
n 42 0 18.790004 0.866749 0.000000
n 43 0 19.790263 0.865800 0.000000
n 44 0 20.791797 0.865913 0.000000
n 45 0 21.794036 0.866862 0.000000
n 46 0 22.797799 0.868355 0.000000
n 47 0 23.806439 0.882925 0.000000
n 48 0 0.335947 1.741894 0.000000
n 49 0 1.330826 1.730142 0.000000
n 50 0 2.330562 1.729875 0.000000
n 51 0 3.326255 1.720475 0.000000
n 52 0 4.334572 1.728616 0.000000
n 53 0 5.341223 1.713982 0.000000
n 54 0 6.338788 1.710083 0.000000
n 55 0 7.330891 1.737049 0.000000
n 56 0 8.335312 1.730045 0.000000
n 57 0 9.335417 1.729434 0.000000
n 58 0 10.334912 1.729632 0.000000
n 59 0 11.331727 1.728997 0.000000
n 60 0 12.332650 1.728170 0.000000
n 61 0 13.333510 1.727170 0.000000
n 62 0 14.338163 1.722755 0.000000
n 63 0 15.333374 1.725144 0.000000
n 64 0 16.333332 1.730893 0.000000
n 65 0 17.331797 1.734233 0.000000
n 66 0 18.329400 1.735068 0.000000
n 67 0 19.328971 1.732175 0.000000
n 68 0 20.329885 1.730497 0.000000
n 69 0 21.331961 1.731957 0.000000
n 70 0 22.332849 1.734979 0.000000
n 71 0 23.332766 1.738488 0.000000
n 72 0 0.877498 2.603497 0.000000
n 73 0 1.868649 2.590521 0.000000
n 74 0 2.873817 2.598703 0.000000
n 75 0 3.921782 2.617689 0.000000
n 76 0 4.885847 2.591689 0.000000
n 77 0 5.885349 2.581572 0.000000
n 78 0 6.888126 2.570368 0.000000
n 79 0 7.880868 2.593400 0.000000
n 80 0 8.877672 2.593601 0.000000
n 81 0 9.875753 2.594582 0.000000
n 82 0 10.873437 2.595723 0.000000
n 83 0 11.872260 2.592137 0.000000
n 84 0 12.874152 2.591552 0.000000
n 85 0 13.875311 2.590778 0.000000
n 86 0 14.872297 2.592975 0.000000
n 87 0 15.869914 2.592162 0.000000
n 88 0 16.870301 2.599402 0.000000
n 89 0 17.867460 2.604889 0.000000
n 90 0 18.868214 2.600410 0.000000
n 91 0 19.867633 2.596226 0.000000
n 92 0 20.868114 2.594656 0.000000
n 93 0 21.869050 2.601148 0.000000
n 94 0 22.870918 2.604646 0.000000
n 95 0 23.874207 2.601113 0.000000
n 96 0 0.420689 3.460823 0.000000
n 97 0 1.423084 3.476793 0.000000
n 98 0 2.435161 3.478922 0.000000
n 99 0 3.434229 3.463594 0.000000
n 100 0 4.439034 3.473763 0.000000
n 101 0 5.433210 3.457595 0.000000
n 102 0 6.426622 3.447028 0.000000
n 103 0 7.415313 3.455027 0.000000
n 104 0 8.413111 3.455306 0.000000
n 105 0 9.415376 3.458369 0.000000
n 106 0 10.412520 3.462248 0.000000
n 107 0 11.412653 3.460099 0.000000
n 108 0 12.410889 3.452832 0.000000
n 109 0 13.415614 3.455806 0.000000
n 110 0 14.412144 3.462071 0.000000
n 111 0 15.411521 3.459528 0.000000
n 112 0 16.403422 3.457733 0.000000
n 113 0 17.400141 3.475757 0.000000
n 114 0 18.409004 3.467996 0.000000
n 115 0 19.409766 3.465712 0.000000
n 116 0 20.406297 3.459051 0.000000
n 117 0 21.397050 3.463657 0.000000
n 118 0 22.404849 3.470008 0.000000
n 119 0 23.421413 3.465501 0.000000
n 120 0 0.979929 4.309561 0.000000
n 121 0 1.978075 4.333479 0.000000
n 122 0 2.978894 4.334723 0.000000
n 123 0 3.974628 4.333407 0.000000
n 124 0 4.976799 4.330271 0.000000
n 125 0 5.978170 4.325769 0.000000
n 126 0 6.950827 4.327790 0.000000
n 127 0 7.951586 4.323924 0.000000
n 128 0 8.946550 4.311362 0.000000
n 129 0 9.949596 4.331066 0.000000
n 130 0 10.951681 4.325082 0.000000
n 131 0 11.954130 4.325360 0.000000
n 132 0 12.948098 4.306852 0.000000
n 133 0 13.950266 4.333458 0.000000
n 134 0 14.953187 4.327647 0.000000
n 135 0 15.954975 4.322920 0.000000
n 136 0 16.961882 4.312683 0.000000
n 137 0 17.950160 4.326440 0.000000
n 138 0 18.960009 4.334994 0.000000
n 139 0 19.964460 4.328314 0.000000
n 140 0 20.975759 4.310760 0.000000
n 141 0 21.977390 4.348661 0.000000
n 142 0 22.970928 4.330384 0.000000
n 143 0 23.972605 4.326791 0.000000
n 144 0 0.516220 5.185935 0.000000
n 145 0 1.510833 5.185257 0.000000
n 146 0 2.517141 5.196275 0.000000
n 147 0 3.512884 5.202021 0.000000
n 148 0 4.512310 5.197357 0.000000
n 149 0 5.508962 5.190938 0.000000
n 150 0 6.499624 5.209101 0.000000
n 151 0 7.501443 5.192425 0.000000
n 152 0 8.505157 5.189524 0.000000
n 153 0 9.508732 5.211517 0.000000
n 154 0 10.499720 5.195687 0.000000
n 155 0 11.493583 5.185912 0.000000
n 156 0 12.516715 5.188231 0.000000
n 157 0 13.514062 5.220541 0.000000
n 158 0 14.503551 5.199481 0.000000
n 159 0 15.500821 5.190723 0.000000
n 160 0 16.500256 5.179347 0.000000
n 161 0 17.497796 5.202161 0.000000
n 162 0 18.510754 5.209706 0.000000
n 163 0 19.509341 5.197818 0.000000
n 164 0 20.512523 5.186840 0.000000
n 165 0 21.509178 5.194442 0.000000
n 166 0 22.515700 5.201922 0.000000
n 167 0 23.515246 5.193927 0.000000
n 168 0 1.053344 6.056173 0.000000
n 169 0 2.045881 6.045054 0.000000
n 170 0 3.050543 6.069628 0.000000
n 171 0 4.054917 6.065339 0.000000
n 172 0 5.058135 6.059808 0.000000
n 173 0 6.065575 6.044400 0.000000
n 174 0 7.050426 6.062608 0.000000
n 175 0 8.046956 6.057818 0.000000
n 176 0 9.044119 6.063720 0.000000
n 177 0 10.047707 6.069581 0.000000
n 178 0 11.044415 6.060120 0.000000
n 179 0 12.037128 6.038705 0.000000
n 180 0 13.040147 6.076778 0.000000
n 181 0 14.047284 6.076467 0.000000
n 182 0 15.047848 6.061709 0.000000
n 183 0 16.050017 6.050400 0.000000
n 184 0 17.055693 6.032094 0.000000
n 185 0 18.052812 6.062808 0.000000
n 186 0 19.049548 6.069930 0.000000
n 187 0 20.053940 6.058067 0.000000
n 188 0 21.051886 6.057926 0.000000
n 189 0 22.052679 6.060905 0.000000
n 190 0 23.056404 6.061857 0.000000
n 191 0 24.056778 6.057427 0.000000
n 192 0 0.599581 6.924591 0.000000
n 193 0 1.602662 6.924022 0.000000
n 194 0 2.606464 6.947449 0.000000
n 195 0 3.600544 6.933729 0.000000
n 196 0 4.599044 6.928781 0.000000
n 197 0 5.598238 6.920688 0.000000
n 198 0 6.591462 6.924193 0.000000
n 199 0 7.589172 6.927084 0.000000
n 200 0 8.585240 6.926653 0.000000
n 201 0 9.585026 6.929374 0.000000
n 202 0 10.596051 6.930181 0.000000
n 203 0 11.597649 6.924236 0.000000
n 204 0 12.601593 6.958195 0.000000
n 205 0 13.590028 6.945294 0.000000
n 206 0 14.592396 6.933116 0.000000
n 207 0 15.593001 6.921589 0.000000
n 208 0 16.592865 6.909694 0.000000
n 209 0 17.585035 6.909787 0.000000
n 210 0 18.579820 6.940073 0.000000
n 211 0 19.591385 6.924628 0.000000
n 212 0 20.593096 6.923833 0.000000
n 213 0 21.592576 6.924957 0.000000
n 214 0 22.595195 6.924551 0.000000
n 215 0 23.598211 6.925025 0.000000
n 216 0 1.138758 7.791875 0.000000
n 217 0 2.137261 7.799541 0.000000
n 218 0 3.141459 7.804500 0.000000
n 219 0 4.140200 7.798698 0.000000
n 220 0 5.138196 7.794294 0.000000
n 221 0 6.133256 7.791398 0.000000
n 222 0 7.128138 7.792578 0.000000
n 223 0 8.126771 7.794117 0.000000
n 224 0 9.124477 7.790644 0.000000
n 225 0 10.130481 7.792154 0.000000
n 226 0 11.130904 7.796726 0.000000
n 227 0 12.125739 7.800166 0.000000
n 228 0 13.127515 7.827171 0.000000
n 229 0 14.134299 7.800960 0.000000
n 230 0 15.136642 7.792302 0.000000
n 231 0 16.137485 7.782711 0.000000
n 232 0 17.136930 7.777169 0.000000
n 233 0 18.142678 7.762095 0.000000
n 234 0 19.138761 7.785545 0.000000
n 235 0 20.136828 7.788620 0.000000
n 236 0 21.131964 7.792341 0.000000
n 237 0 22.134196 7.787826 0.000000
n 238 0 23.136092 7.788673 0.000000
n 239 0 24.138682 7.790865 0.000000
n 240 0 0.675882 8.658505 0.000000
n 241 0 1.675389 8.662443 0.000000
n 242 0 2.676695 8.665690 0.000000
n 243 0 3.678990 8.666390 0.000000
n 244 0 4.679021 8.665009 0.000000
n 245 0 5.675236 8.664416 0.000000
n 246 0 6.667612 8.656786 0.000000
n 247 0 7.668315 8.660519 0.000000
n 248 0 8.664776 8.661987 0.000000
n 249 0 9.662036 8.646019 0.000000
n 250 0 10.668849 8.665474 0.000000
n 251 0 11.674766 8.664520 0.000000
n 252 0 12.686498 8.649211 0.000000
n 253 0 13.687933 8.670447 0.000000
n 254 0 14.679833 8.661024 0.000000
n 255 0 15.680725 8.653314 0.000000
n 256 0 16.679869 8.646661 0.000000
n 257 0 17.679515 8.638222 0.000000
n 258 0 18.673150 8.641250 0.000000
n 259 0 19.670694 8.644325 0.000000
n 260 0 20.666488 8.665110 0.000000
n 261 0 21.673699 8.651001 0.000000
n 262 0 22.675719 8.651140 0.000000
n 263 0 23.675444 8.655876 0.000000
n 264 0 1.213125 9.527195 0.000000
n 265 0 2.214497 9.529506 0.000000
n 266 0 3.216286 9.530603 0.000000
n 267 0 4.217816 9.530149 0.000000
n 268 0 5.219889 9.534543 0.000000
n 269 0 6.216923 9.536290 0.000000
n 270 0 7.197719 9.515009 0.000000
n 271 0 8.206011 9.534795 0.000000
n 272 0 9.213794 9.522578 0.000000
n 273 0 10.224353 9.543327 0.000000
n 274 0 11.219173 9.532923 0.000000
n 275 0 12.221842 9.523747 0.000000
n 276 0 13.220055 9.525854 0.000000
n 277 0 14.223251 9.529877 0.000000
n 278 0 15.223070 9.522412 0.000000
n 279 0 16.222579 9.516602 0.000000
n 280 0 17.221574 9.510423 0.000000
n 281 0 18.218926 9.508048 0.000000
n 282 0 19.219573 9.506679 0.000000
n 283 0 20.226896 9.491109 0.000000
n 284 0 21.222198 9.513376 0.000000
n 285 0 22.219457 9.513330 0.000000
n 286 0 23.210733 9.520861 0.000000
n 287 0 24.212339 9.523674 0.000000
n 288 0 0.749872 10.392054 0.000000
n 289 0 1.752551 10.393949 0.000000
n 290 0 2.754952 10.395308 0.000000
n 291 0 3.756160 10.395653 0.000000
n 292 0 4.755770 10.393784 0.000000
n 293 0 5.755424 10.412977 0.000000
n 294 0 6.765091 10.400998 0.000000
n 295 0 7.769663 10.419963 0.000000
n 296 0 8.760966 10.399691 0.000000
n 297 0 9.751380 10.386564 0.000000
n 298 0 10.758815 10.407638 0.000000
n 299 0 11.761761 10.395775 0.000000
n 300 0 12.761501 10.392402 0.000000
n 301 0 13.761792 10.392015 0.000000
n 302 0 14.763770 10.390203 0.000000
n 303 0 15.764249 10.385346 0.000000
n 304 0 16.763822 10.380838 0.000000
n 305 0 17.761767 10.376954 0.000000
n 306 0 18.761079 10.372487 0.000000
n 307 0 19.764765 10.365112 0.000000
n 308 0 20.754180 10.368470 0.000000
n 309 0 21.753842 10.373283 0.000000
n 310 0 22.742449 10.385639 0.000000
n 311 0 23.747993 10.387430 0.000000
n 312 0 1.290252 11.257868 0.000000
n 313 0 2.294866 11.259355 0.000000
n 314 0 3.297705 11.261160 0.000000
n 315 0 4.302043 11.259080 0.000000
n 316 0 5.311257 11.247241 0.000000
n 317 0 6.310628 11.268492 0.000000
n 318 0 7.307509 11.274910 0.000000
n 319 0 8.311018 11.277440 0.000000
n 320 0 9.311157 11.268363 0.000000
n 321 0 10.314255 11.286295 0.000000
n 322 0 11.308762 11.268191 0.000000
n 323 0 12.306021 11.261361 0.000000
n 324 0 13.304486 11.258501 0.000000
n 325 0 14.303969 11.255973 0.000000
n 326 0 15.304427 11.252183 0.000000
n 327 0 16.305709 11.249164 0.000000
n 328 0 17.304417 11.247327 0.000000
n 329 0 18.301027 11.242445 0.000000
n 330 0 19.300352 11.233540 0.000000
n 331 0 20.301724 11.232554 0.000000
n 332 0 21.307138 11.231004 0.000000
n 333 0 22.325664 11.223146 0.000000
n 334 0 23.334309 11.276208 0.000000
n 335 0 24.286274 11.257635 0.000000
n 336 0 0.826877 12.121901 0.000000
n 337 0 1.834088 12.120953 0.000000
n 338 0 2.836841 12.127008 0.000000
n 339 0 3.840294 12.125376 0.000000
n 340 0 4.842567 12.119972 0.000000
n 341 0 5.843229 12.125640 0.000000
n 342 0 6.846392 12.138111 0.000000
n 343 0 7.846724 12.143015 0.000000
n 344 0 8.848866 12.140835 0.000000
n 345 0 9.846977 12.141917 0.000000
n 346 0 10.850998 12.141031 0.000000
n 347 0 11.849303 12.130995 0.000000
n 348 0 12.848205 12.126755 0.000000
n 349 0 13.846302 12.124098 0.000000
n 350 0 14.844365 12.119835 0.000000
n 351 0 15.845209 12.113138 0.000000
n 352 0 16.847703 12.115647 0.000000
n 353 0 17.843598 12.117054 0.000000
n 354 0 18.839892 12.105029 0.000000
n 355 0 19.836587 12.095567 0.000000
n 356 0 20.840794 12.092527 0.000000
n 357 0 21.843440 12.088017 0.000000
n 358 0 22.847931 12.113030 0.000000
n 359 0 23.849635 12.143376 0.000000
n 360 0 1.370777 12.975935 0.000000
n 361 0 2.373073 12.991990 0.000000
n 362 0 3.381750 12.992159 0.000000
n 363 0 4.378477 12.993499 0.000000
n 364 0 5.376902 12.986296 0.000000
n 365 0 6.382928 12.996688 0.000000
n 366 0 7.382571 13.010760 0.000000
n 367 0 8.386584 13.008658 0.000000
n 368 0 9.387119 13.008648 0.000000
n 369 0 10.389206 13.004945 0.000000
n 370 0 11.391071 13.000447 0.000000
n 371 0 12.390045 12.992994 0.000000
n 372 0 13.390286 12.993138 0.000000
n 373 0 14.385377 12.991318 0.000000
n 374 0 15.386006 12.979766 0.000000
n 375 0 16.384891 12.972823 0.000000
n 376 0 17.382172 12.994095 0.000000
n 377 0 18.389196 12.978338 0.000000
n 378 0 19.378718 12.971451 0.000000
n 379 0 20.370754 12.950113 0.000000
n 380 0 21.369926 12.960043 0.000000
n 381 0 22.367412 12.950019 0.000000
n 382 0 23.373395 13.004283 0.000000
n 383 0 24.380041 13.003812 0.000000
n 384 0 0.942173 13.864304 0.000000
n 385 0 1.942010 13.883228 0.000000
n 386 0 2.923465 13.849069 0.000000
n 387 0 3.922362 13.869812 0.000000
n 388 0 4.920298 13.861342 0.000000
n 389 0 5.911845 13.843492 0.000000
n 390 0 6.913211 13.880548 0.000000
n 391 0 7.926633 13.873809 0.000000
n 392 0 8.927844 13.877509 0.000000
n 393 0 9.931646 13.871047 0.000000
n 394 0 10.933583 13.866987 0.000000
n 395 0 11.933685 13.861735 0.000000
n 396 0 12.930190 13.853872 0.000000
n 397 0 13.926151 13.869060 0.000000
n 398 0 14.932348 13.847583 0.000000
n 399 0 15.936606 13.836539 0.000000
n 400 0 16.946945 13.821438 0.000000
n 401 0 17.942950 13.846105 0.000000
n 402 0 18.936126 13.846961 0.000000
n 403 0 19.936087 13.836363 0.000000
n 404 0 20.938822 13.854613 0.000000
n 405 0 21.921283 13.816672 0.000000
n 406 0 22.948668 13.895707 0.000000
n 407 0 23.939771 13.871143 0.000000
n 408 0 1.485560 14.738583 0.000000
n 409 0 2.492019 14.741613 0.000000
n 410 0 3.492445 14.760147 0.000000
n 411 0 4.480271 14.738585 0.000000
n 412 0 5.481688 14.725261 0.000000
n 413 0 6.489810 14.725008 0.000000
n 414 0 7.478495 14.730280 0.000000
n 415 0 8.471015 14.752173 0.000000
n 416 0 9.477634 14.737044 0.000000
n 417 0 10.479765 14.733527 0.000000
n 418 0 11.481820 14.728922 0.000000
n 419 0 12.484625 14.722368 0.000000
n 420 0 13.491441 14.703191 0.000000
n 421 0 14.487675 14.718349 0.000000
n 422 0 15.482789 14.704080 0.000000
n 423 0 16.480400 14.690222 0.000000
n 424 0 17.482067 14.702154 0.000000
n 425 0 18.473585 14.718787 0.000000
n 426 0 19.476600 14.711481 0.000000
n 427 0 20.476595 14.707808 0.000000
n 428 0 21.492043 14.713328 0.000000
n 429 0 22.494188 14.759679 0.000000
n 430 0 23.491829 14.747091 0.000000
n 431 0 24.488426 14.735188 0.000000
n 432 0 1.027814 15.603961 0.000000
n 433 0 2.023030 15.605509 0.000000
n 434 0 3.027196 15.615534 0.000000
n 435 0 4.025736 15.621506 0.000000
n 436 0 5.024848 15.600999 0.000000
n 437 0 6.026159 15.589576 0.000000
n 438 0 7.029396 15.590623 0.000000
n 439 0 8.038836 15.578435 0.000000
n 440 0 9.033713 15.603681 0.000000
n 441 0 10.028228 15.601296 0.000000
n 442 0 11.028158 15.595937 0.000000
n 443 0 12.029790 15.590143 0.000000
n 444 0 13.032018 15.580420 0.000000
n 445 0 14.027848 15.579070 0.000000
n 446 0 15.034263 15.577558 0.000000
n 447 0 16.018353 15.566284 0.000000
n 448 0 17.007921 15.548618 0.000000
n 449 0 18.006063 15.591221 0.000000
n 450 0 19.014889 15.581828 0.000000
n 451 0 20.016276 15.579947 0.000000
n 452 0 21.011197 15.564818 0.000000
n 453 0 22.015603 15.604534 0.000000
n 454 0 23.026901 15.612024 0.000000
n 455 0 24.028761 15.603277 0.000000
n 456 0 1.558394 16.482252 0.000000
n 457 0 2.559211 16.462842 0.000000
n 458 0 3.558873 16.497973 0.000000
n 459 0 4.566056 16.478147 0.000000
n 460 0 5.569868 16.460618 0.000000
n 461 0 6.569864 16.452106 0.000000
n 462 0 7.572473 16.447061 0.000000
n 463 0 8.571541 16.459361 0.000000
n 464 0 9.569486 16.471158 0.000000
n 465 0 10.571789 16.463355 0.000000
n 466 0 11.573826 16.457955 0.000000
n 467 0 12.575536 16.451958 0.000000
n 468 0 13.574800 16.448524 0.000000
n 469 0 14.574214 16.444383 0.000000
n 470 0 15.574179 16.440622 0.000000
n 471 0 16.574630 16.428573 0.000000
n 472 0 17.564155 16.380526 0.000000
n 473 0 18.562723 16.449094 0.000000
n 474 0 19.563724 16.449109 0.000000
n 475 0 20.567935 16.448962 0.000000
n 476 0 21.575134 16.479361 0.000000
n 477 0 22.569376 16.470333 0.000000
n 478 0 23.570542 16.468959 0.000000
n 479 0 24.565972 16.462542 0.000000
n 480 0 1.130325 17.309604 0.000000
n 481 0 2.126502 17.329185 0.000000
n 482 0 3.127485 17.302971 0.000000
n 483 0 4.116508 17.356741 0.000000
n 484 0 5.119870 17.330888 0.000000
n 485 0 6.119570 17.321941 0.000000
n 486 0 7.109859 17.313760 0.000000
n 487 0 8.107131 17.312451 0.000000
n 488 0 9.103623 17.341945 0.000000
n 489 0 10.113056 17.329100 0.000000
n 490 0 11.116894 17.324832 0.000000
n 491 0 12.118996 17.320636 0.000000
n 492 0 13.119588 17.317578 0.000000
n 493 0 14.119866 17.314458 0.000000
n 494 0 15.120280 17.309909 0.000000
n 495 0 16.123488 17.297701 0.000000
n 496 0 17.137793 17.287411 0.000000
n 497 0 18.141976 17.337312 0.000000
n 498 0 19.099848 17.315436 0.000000
n 499 0 20.097949 17.321122 0.000000
n 500 0 21.105741 17.322525 0.000000
n 501 0 22.114034 17.337897 0.000000
n 502 0 23.117840 17.331202 0.000000
n 503 0 24.122030 17.327988 0.000000
n 504 0 1.667890 18.186122 0.000000
n 505 0 2.674382 18.182256 0.000000
n 506 0 3.677027 18.167720 0.000000
n 507 0 4.673767 18.199175 0.000000
n 508 0 5.667784 18.191260 0.000000
n 509 0 6.663114 18.186473 0.000000
n 510 0 7.658342 18.173661 0.000000
n 511 0 8.667173 18.164080 0.000000
n 512 0 9.663377 18.193610 0.000000
n 513 0 10.661581 18.190640 0.000000
n 514 0 11.662870 18.187809 0.000000
n 515 0 12.663222 18.185606 0.000000
n 516 0 13.663601 18.183583 0.000000
n 517 0 14.663764 18.180909 0.000000
n 518 0 15.662909 18.174194 0.000000
n 519 0 16.656926 18.151132 0.000000
n 520 0 17.656747 18.183465 0.000000
n 521 0 18.663746 18.195609 0.000000
n 522 0 19.661291 18.169926 0.000000
n 523 0 20.647837 18.172901 0.000000
n 524 0 21.646987 18.193522 0.000000
n 525 0 22.665729 18.194229 0.000000
n 526 0 23.666524 18.191498 0.000000
n 527 0 24.669802 18.184423 0.000000
n 528 0 1.208305 19.052204 0.000000
n 529 0 2.209761 19.050450 0.000000
n 530 0 3.210770 19.046404 0.000000
n 531 0 4.205438 19.051487 0.000000
n 532 0 5.208499 19.057764 0.000000
n 533 0 6.208279 19.054399 0.000000
n 534 0 7.208577 19.050014 0.000000
n 535 0 8.189026 19.028134 0.000000
n 536 0 9.194359 19.049262 0.000000
n 537 0 10.201233 19.055614 0.000000
n 538 0 11.203848 19.053719 0.000000
n 539 0 12.205009 19.052595 0.000000
n 540 0 13.205736 19.051535 0.000000
n 541 0 14.206652 19.050392 0.000000
n 542 0 15.208258 19.048191 0.000000
n 543 0 16.210582 19.041487 0.000000
n 544 0 17.214289 19.062609 0.000000
n 545 0 18.207176 19.053051 0.000000
n 546 0 19.209411 19.051030 0.000000
n 547 0 20.205713 19.046941 0.000000
n 548 0 21.208771 19.066777 0.000000
n 549 0 22.205567 19.053526 0.000000
n 550 0 23.207093 19.055609 0.000000
n 551 0 24.208503 19.052799 0.000000
n 552 2 1.745929 19.918584 0.000000
n 553 2 2.745929 19.918584 0.000000
n 554 2 3.745929 19.918584 0.000000
n 555 2 4.745929 19.918584 0.000000
n 556 2 5.745929 19.918584 0.000000
n 557 2 6.745929 19.918584 0.000000
n 558 2 7.745929 19.918584 0.000000
n 559 2 8.745929 19.918584 0.000000
n 560 2 9.745929 19.918584 0.000000
n 561 2 10.745929 19.918584 0.000000
n 562 2 11.745929 19.918584 0.000000
n 563 2 12.745929 19.918584 0.000000
n 564 2 13.745929 19.918584 0.000000
n 565 2 14.745929 19.918584 0.000000
n 566 2 15.745929 19.918584 0.000000
n 567 2 16.745929 19.918584 0.000000
n 568 2 17.745929 19.918584 0.000000
n 569 2 18.745929 19.918584 0.000000
n 570 2 19.745929 19.918584 0.000000
n 571 2 20.745929 19.918584 0.000000
n 572 2 21.745929 19.918584 0.000000
n 573 2 22.745929 19.918584 0.000000
n 574 2 23.745929 19.918584 0.000000
n 575 2 24.745929 19.918584 0.000000
