b 837 283 1.000000 1.000000 1.000000 0 0 0
f 0 0.010000 0 24 22 288 20 274 18 260 16 246 14 232 12 218 10 204 32 190 1 
f 1 0.010000 2 58 286 56 272 54 258 52 244 50 230 48 216 46 202 44 188 66 174 3 
f 2 0.010000 4 92 284 90 270 88 256 86 242 84 228 82 214 80 200 78 186 100 172 5 
f 3 0.010000 6 126 282 124 268 122 254 120 240 118 226 116 212 114 198 112 184 134 170 7 
f 4 0.010000 8 160 158 156 154 152 150 148 146 168 9 
f 5 0.010000 10 296 11 
f 6 0.010000 12 299 298 297 13 
f 7 0.010000 14 304 303 302 301 300 15 
f 8 0.010000 16 311 310 309 308 307 306 305 17 
f 9 0.010000 18 318 317 316 315 314 313 312 19 
f 10 0.010000 20 325 324 323 322 321 320 319 21 
f 11 0.010000 22 332 331 330 329 328 327 326 23 
f 12 0.010000 24 339 338 337 336 335 334 333 25 
f 13 0.010000 26 344 343 342 341 340 27 
f 14 0.010000 28 347 346 345 29 
f 15 0.010000 30 348 31 
f 16 0.010000 19 305 15 
f 17 0.010000 21 312 306 300 13 
f 18 0.010000 23 319 313 307 301 297 11 
f 19 0.010000 25 326 320 314 308 302 298 296 32 
f 20 0.010000 27 333 327 321 315 309 303 299 10 
f 21 0.010000 29 340 334 328 322 316 310 304 12 
f 22 0.010000 31 345 341 335 329 323 317 311 14 
f 23 0.010000 33 348 346 342 336 330 324 318 16 
f 24 0.010000 18 325 331 337 343 347 30 
f 25 0.010000 20 332 338 344 28 
f 26 0.010000 22 339 26 
f 27 0.010000 34 26 291 338 277 331 263 324 249 317 235 310 221 303 207 298 193 11 179 35 
f 28 0.010000 36 60 364 355 363 354 362 353 361 352 360 351 359 350 358 349 357 45 356 37 
f 29 0.010000 38 94 380 371 379 370 378 369 377 368 376 367 375 366 374 365 373 79 372 39 
f 30 0.010000 40 128 387 386 385 384 383 382 381 113 41 
f 31 0.010000 42 283 162 269 394 255 393 241 392 227 391 213 390 199 389 185 388 171 147 43 
f 32 0.010000 44 395 45 
f 33 0.010000 46 397 349 396 47 
f 34 0.010000 48 401 350 400 399 398 49 
f 35 0.010000 50 407 351 406 405 404 403 402 51 
f 36 0.010000 52 413 352 412 411 410 409 408 53 
f 37 0.010000 54 419 353 418 417 416 415 414 55 
f 38 0.010000 56 425 354 424 423 422 421 420 57 
f 39 0.010000 58 431 355 430 429 428 427 426 59 
f 40 0.010000 60 436 435 434 433 432 61 
f 41 0.010000 62 439 438 437 63 
f 42 0.010000 64 440 65 
f 43 0.010000 53 402 49 
f 44 0.010000 55 408 403 398 47 
f 45 0.010000 57 414 409 404 399 396 45 
f 46 0.010000 59 420 415 410 405 400 349 395 66 
f 47 0.010000 61 426 421 416 411 406 350 397 44 
f 48 0.010000 63 432 427 422 417 412 351 401 46 
f 49 0.010000 65 437 433 428 423 418 352 407 48 
f 50 0.010000 67 440 438 434 429 424 353 413 50 
f 51 0.010000 52 419 354 430 435 439 64 
f 52 0.010000 54 425 355 436 62 
f 53 0.010000 56 431 60 
f 54 0.010000 68 28 293 343 279 336 265 329 251 322 237 315 223 308 209 301 195 13 181 69 
f 55 0.010000 70 62 449 435 448 429 447 423 446 417 445 411 444 405 443 399 442 47 441 71 
f 56 0.010000 72 96 456 455 454 453 452 451 450 81 73 
f 57 0.010000 74 472 130 471 463 470 462 469 461 468 460 467 459 466 458 465 457 464 115 75 
f 58 0.010000 76 285 164 271 479 257 478 243 477 229 476 215 475 201 474 187 473 173 149 77 
f 59 0.010000 78 480 79 
f 60 0.010000 80 482 365 481 81 
f 61 0.010000 82 485 366 484 450 483 83 
f 62 0.010000 84 490 367 489 451 488 487 486 85 
f 63 0.010000 86 495 368 494 452 493 492 491 87 
f 64 0.010000 88 500 369 499 453 498 497 496 89 
f 65 0.010000 90 505 370 504 454 503 502 501 91 
f 66 0.010000 92 510 371 509 455 508 507 506 93 
f 67 0.010000 94 514 456 513 512 511 95 
f 68 0.010000 96 517 516 515 97 
f 69 0.010000 98 518 99 
f 70 0.010000 87 486 83 
f 71 0.010000 89 491 487 483 81 
f 72 0.010000 91 496 492 488 450 481 79 
f 73 0.010000 93 501 497 493 451 484 365 480 100 
f 74 0.010000 95 506 502 498 452 489 366 482 78 
f 75 0.010000 97 511 507 503 453 494 367 485 80 
f 76 0.010000 99 515 512 508 454 499 368 490 82 
f 77 0.010000 101 518 516 513 455 504 369 495 84 
f 78 0.010000 86 500 370 509 456 517 98 
f 79 0.010000 88 505 371 514 96 
f 80 0.010000 90 510 94 
f 81 0.010000 102 30 295 346 281 341 267 334 253 327 239 320 225 313 211 306 197 15 183 103 
f 82 0.010000 104 64 438 433 427 421 415 409 403 49 105 
f 83 0.010000 106 527 98 526 516 525 512 524 507 523 502 522 497 521 492 520 487 519 83 107 
f 84 0.010000 108 543 132 542 534 541 533 540 532 539 531 538 530 537 529 536 528 535 117 109 
f 85 0.010000 110 287 166 273 550 259 549 245 548 231 547 217 546 203 545 189 544 175 151 111 
f 86 0.010000 112 551 113 
f 87 0.010000 114 553 381 552 115 
f 88 0.010000 116 556 382 555 457 554 117 
f 89 0.010000 118 560 383 559 458 558 528 557 119 
f 90 0.010000 120 564 384 563 459 562 529 561 121 
f 91 0.010000 122 568 385 567 460 566 530 565 123 
f 92 0.010000 124 572 386 571 461 570 531 569 125 
f 93 0.010000 126 576 387 575 462 574 532 573 127 
f 94 0.010000 128 579 463 578 533 577 129 
f 95 0.010000 130 581 534 580 131 
f 96 0.010000 132 582 133 
f 97 0.010000 121 557 117 
f 98 0.010000 123 561 528 554 115 
f 99 0.010000 125 565 529 558 457 552 113 
f 100 0.010000 127 569 530 562 458 555 381 551 134 
f 101 0.010000 129 573 531 566 459 559 382 553 112 
f 102 0.010000 131 577 532 570 460 563 383 556 114 
f 103 0.010000 133 580 533 574 461 567 384 560 116 
f 104 0.010000 135 582 534 578 462 571 385 564 118 
f 105 0.010000 120 568 386 575 463 581 132 
f 106 0.010000 122 572 387 579 130 
f 107 0.010000 124 576 128 
f 108 0.010000 136 33 31 29 27 25 23 21 19 17 137 
f 109 0.010000 138 294 67 280 65 266 63 252 61 238 59 224 57 210 55 196 53 182 51 139 
f 110 0.010000 140 292 101 278 99 264 97 250 95 236 93 222 91 208 89 194 87 180 85 141 
f 111 0.010000 142 290 135 276 133 262 131 248 129 234 127 220 125 206 123 192 121 178 119 143 
f 112 0.010000 144 275 169 261 167 247 165 233 163 219 161 205 159 191 157 177 155 153 145 
f 113 0.010000 146 583 147 
f 114 0.010000 148 585 388 584 149 
f 115 0.010000 150 588 389 587 473 586 151 
f 116 0.010000 152 592 390 591 474 590 544 589 153 
f 117 0.010000 154 596 391 595 475 594 545 593 155 
f 118 0.010000 156 600 392 599 476 598 546 597 157 
f 119 0.010000 158 604 393 603 477 602 547 601 159 
f 120 0.010000 160 608 394 607 478 606 548 605 161 
f 121 0.010000 162 611 479 610 549 609 163 
f 122 0.010000 164 613 550 612 165 
f 123 0.010000 166 614 167 
f 124 0.010000 155 589 151 
f 125 0.010000 157 593 544 586 149 
f 126 0.010000 159 597 545 590 473 584 147 
f 127 0.010000 161 601 546 594 474 587 388 583 168 
f 128 0.010000 163 605 547 598 475 591 389 585 146 
f 129 0.010000 165 609 548 602 476 595 390 588 148 
f 130 0.010000 167 612 549 606 477 599 391 592 150 
f 131 0.010000 169 614 550 610 478 603 392 596 152 
f 132 0.010000 154 600 393 607 479 613 166 
f 133 0.010000 156 604 394 611 164 
f 134 0.010000 158 608 162 
f 135 0.010000 10 617 615 616 45 
f 136 0.010000 12 622 619 621 349 620 618 81 
f 137 0.010000 14 629 625 628 350 627 624 450 623 626 117 
f 138 0.010000 16 638 633 637 351 636 632 451 631 635 528 634 630 153 
f 139 0.010000 18 648 642 647 352 646 641 452 640 645 529 644 639 643 155 
f 140 0.010000 20 658 652 657 353 656 651 453 650 655 530 654 649 653 157 
f 141 0.010000 22 668 662 667 354 666 661 454 660 665 531 664 659 663 159 
f 142 0.010000 24 672 677 355 676 671 455 670 675 532 674 669 673 161 
f 143 0.010000 60 684 680 456 679 683 533 682 678 681 163 
f 144 0.010000 96 686 689 534 688 685 687 165 
f 145 0.010000 132 692 690 691 167 
f 146 0.010000 155 630 117 
f 147 0.010000 157 639 528 623 81 
f 148 0.010000 159 649 529 631 450 618 45 
f 149 0.010000 161 659 530 640 451 624 349 615 32 
f 150 0.010000 163 669 531 650 452 632 350 619 10 
f 151 0.010000 165 678 532 660 453 641 351 625 12 
f 152 0.010000 167 685 533 670 454 651 352 633 14 
f 153 0.010000 169 690 534 679 455 661 353 642 16 
f 154 0.010000 18 652 354 671 456 686 132 
f 155 0.010000 20 662 355 680 96 
f 156 0.010000 22 672 60 
f 157 0.010000 170 693 171 
f 158 0.010000 172 695 113 694 173 
f 159 0.010000 174 698 372 697 464 696 175 
f 160 0.010000 176 702 356 701 81 700 626 535 634 699 643 177 
f 161 0.010000 178 703 519 704 441 705 179 
f 162 0.010000 180 706 49 707 181 
f 163 0.010000 182 708 183 
f 164 0.010000 178 699 175 
f 165 0.010000 180 703 535 696 173 
f 166 0.010000 182 706 519 700 464 694 171 
f 167 0.010000 17 708 49 704 81 697 113 693 168 
f 168 0.010000 183 707 441 701 372 695 170 
f 169 0.010000 181 705 356 698 172 
f 170 0.010000 179 702 174 
f 171 0.010000 184 709 185 
f 172 0.010000 186 711 381 710 187 
f 173 0.010000 188 714 373 713 465 712 189 
f 174 0.010000 190 718 616 357 620 717 450 716 635 536 644 715 653 191 
f 175 0.010000 192 719 520 720 442 721 193 
f 176 0.010000 194 722 403 723 195 
f 177 0.010000 196 724 197 
f 178 0.010000 192 715 189 
f 179 0.010000 194 719 536 712 187 
f 180 0.010000 196 722 520 716 465 710 185 
f 181 0.010000 19 724 403 720 450 713 381 709 146 
f 182 0.010000 197 723 442 717 373 711 184 
f 183 0.010000 195 721 357 714 186 
f 184 0.010000 193 718 188 
f 185 0.010000 198 725 199 
f 186 0.010000 200 727 382 726 201 
f 187 0.010000 202 730 374 729 466 728 203 
f 188 0.010000 204 617 734 621 358 627 733 451 732 645 537 654 731 663 205 
f 189 0.010000 206 735 521 736 443 737 207 
f 190 0.010000 208 738 409 739 209 
f 191 0.010000 210 740 211 
f 192 0.010000 206 731 203 
f 193 0.010000 208 735 537 728 201 
f 194 0.010000 210 738 521 732 466 726 199 
f 195 0.010000 21 740 409 736 451 729 382 725 148 
f 196 0.010000 211 739 443 733 374 727 198 
f 197 0.010000 209 737 358 730 200 
f 198 0.010000 207 734 202 
f 199 0.010000 212 741 213 
f 200 0.010000 214 743 383 742 215 
f 201 0.010000 216 746 375 745 467 744 217 
f 202 0.010000 218 622 750 628 359 636 749 452 748 655 538 664 747 673 219 
f 203 0.010000 220 751 522 752 444 753 221 
f 204 0.010000 222 754 415 755 223 
f 205 0.010000 224 756 225 
f 206 0.010000 220 747 217 
f 207 0.010000 222 751 538 744 215 
f 208 0.010000 224 754 522 748 467 742 213 
f 209 0.010000 23 756 415 752 452 745 383 741 150 
f 210 0.010000 225 755 444 749 375 743 212 
f 211 0.010000 223 753 359 746 214 
f 212 0.010000 221 750 216 
f 213 0.010000 226 757 227 
f 214 0.010000 228 759 384 758 229 
f 215 0.010000 230 762 376 761 468 760 231 
f 216 0.010000 232 629 766 637 360 646 765 453 764 665 539 674 763 681 233 
f 217 0.010000 234 767 523 768 445 769 235 
f 218 0.010000 236 770 421 771 237 
f 219 0.010000 238 772 239 
f 220 0.010000 234 763 231 
f 221 0.010000 236 767 539 760 229 
f 222 0.010000 238 770 523 764 468 758 227 
f 223 0.010000 25 772 421 768 453 761 384 757 152 
f 224 0.010000 239 771 445 765 376 759 226 
f 225 0.010000 237 769 360 762 228 
f 226 0.010000 235 766 230 
f 227 0.010000 240 773 241 
f 228 0.010000 242 775 385 774 243 
f 229 0.010000 244 778 377 777 469 776 245 
f 230 0.010000 246 638 782 647 361 656 781 454 780 675 540 682 779 687 247 
f 231 0.010000 248 783 524 784 446 785 249 
f 232 0.010000 250 786 427 787 251 
f 233 0.010000 252 788 253 
f 234 0.010000 248 779 245 
f 235 0.010000 250 783 540 776 243 
f 236 0.010000 252 786 524 780 469 774 241 
f 237 0.010000 27 788 427 784 454 777 385 773 154 
f 238 0.010000 253 787 446 781 377 775 240 
f 239 0.010000 251 785 361 778 242 
f 240 0.010000 249 782 244 
f 241 0.010000 254 789 255 
f 242 0.010000 256 791 386 790 257 
f 243 0.010000 258 794 378 793 470 792 259 
f 244 0.010000 260 648 798 657 362 666 797 455 796 683 541 688 795 691 261 
f 245 0.010000 262 799 525 800 447 801 263 
f 246 0.010000 264 802 433 803 265 
f 247 0.010000 266 804 267 
f 248 0.010000 262 795 259 
f 249 0.010000 264 799 541 792 257 
f 250 0.010000 266 802 525 796 470 790 255 
f 251 0.010000 29 804 433 800 455 793 386 789 156 
f 252 0.010000 267 803 447 797 378 791 254 
f 253 0.010000 265 801 362 794 256 
f 254 0.010000 263 798 258 
f 255 0.010000 268 805 269 
f 256 0.010000 270 807 387 806 271 
f 257 0.010000 272 810 379 809 471 808 273 
f 258 0.010000 274 658 814 667 363 676 813 456 812 689 542 692 811 275 
f 259 0.010000 276 815 526 816 448 817 277 
f 260 0.010000 278 818 438 819 279 
f 261 0.010000 280 820 281 
f 262 0.010000 276 811 273 
f 263 0.010000 278 815 542 808 271 
f 264 0.010000 280 818 526 812 471 806 269 
f 265 0.010000 31 820 438 816 456 809 387 805 158 
f 266 0.010000 281 819 448 813 379 807 268 
f 267 0.010000 279 817 363 810 270 
f 268 0.010000 277 814 272 
f 269 0.010000 282 821 283 
f 270 0.010000 284 823 128 822 285 
f 271 0.010000 286 826 380 825 472 824 287 
f 272 0.010000 288 668 830 677 364 684 829 96 828 543 827 289 
f 273 0.010000 290 831 527 832 449 833 291 
f 274 0.010000 292 834 64 835 293 
f 275 0.010000 294 836 295 
f 276 0.010000 290 827 287 
f 277 0.010000 292 831 543 824 285 
f 278 0.010000 294 834 527 828 472 822 283 
f 279 0.010000 33 836 64 832 96 825 128 821 160 
f 280 0.010000 295 835 449 829 380 823 282 
f 281 0.010000 293 833 364 826 284 
f 282 0.010000 291 830 286 
n 0 2 0.350000 1.000000 0.300000
n 1 2 0.300000 0.000000 0.300000
n 2 2 0.350000 1.000000 0.400000
n 3 2 0.300000 0.000000 0.400000
n 4 2 0.350000 1.000000 0.500000
n 5 2 0.300000 0.000000 0.500000
n 6 2 0.350000 1.000000 0.600000
n 7 2 0.300000 0.000000 0.600000
n 8 2 0.350000 1.000000 0.700000
n 9 2 0.300000 0.000000 0.700000
n 10 0 0.320939 0.201980 0.298870
n 11 0 0.419608 0.100567 0.299859
n 12 0 0.322087 0.302701 0.299005
n 13 0 0.519865 0.100138 0.300321
n 14 0 0.323594 0.403130 0.299472
n 15 0 0.620358 0.099742 0.300358
n 16 0 0.325254 0.503379 0.299776
n 17 0 0.720780 0.099316 0.298218
n 18 0 0.326982 0.603427 0.300154
n 19 0 0.721543 0.198676 0.300844
n 20 0 0.329038 0.703288 0.300764
n 21 0 0.722476 0.298112 0.300941
n 22 0 0.330036 0.802528 0.301569
n 23 0 0.723741 0.397714 0.300697
n 24 0 0.331068 0.901299 0.301391
n 25 0 0.725255 0.497529 0.300514
n 26 0 0.431523 0.900867 0.303473
n 27 0 0.726753 0.597597 0.300361
n 28 0 0.531706 0.900328 0.304230
n 29 0 0.728183 0.697914 0.300263
n 30 0 0.630858 0.899695 0.303490
n 31 0 0.729295 0.798459 0.300832
n 32 0 0.320015 0.101025 0.299259
n 33 0 0.730000 0.899211 0.303872
n 34 2 0.450000 1.000000 0.300000
n 35 2 0.400000 0.000000 0.300000
n 36 2 0.450000 1.000000 0.400000
n 37 2 0.400000 0.000000 0.400000
n 38 2 0.450000 1.000000 0.500000
n 39 2 0.400000 0.000000 0.500000
n 40 2 0.450000 1.000000 0.600000
n 41 2 0.400000 0.000000 0.600000
n 42 2 0.450000 1.000000 0.700000
n 43 2 0.400000 0.000000 0.700000
n 44 0 0.320629 0.201858 0.399790
n 45 0 0.419121 0.100567 0.398538
n 46 0 0.321611 0.302554 0.399860
n 47 0 0.518600 0.100154 0.397126
n 48 0 0.323221 0.402965 0.399898
n 49 0 0.618947 0.099618 0.396196
n 50 0 0.324917 0.503152 0.399924
n 51 0 0.719387 0.099054 0.398445
n 52 0 0.326804 0.603126 0.399934
n 53 0 0.720618 0.198337 0.399867
n 54 0 0.328515 0.702845 0.399910
n 55 0 0.721862 0.297847 0.400452
n 56 0 0.330620 0.802293 0.401224
n 57 0 0.723327 0.397537 0.400319
n 58 0 0.330289 0.901249 0.403198
n 59 0 0.724861 0.497442 0.400229
n 60 0 0.431326 0.901062 0.402005
n 61 0 0.726457 0.597552 0.400171
n 62 0 0.531397 0.900368 0.405326
n 63 0 0.727843 0.697881 0.400124
n 64 0 0.630850 0.899675 0.404930
n 65 0 0.729115 0.798400 0.400556
n 66 0 0.319638 0.101004 0.399861
n 67 0 0.729530 0.899171 0.400451
n 68 2 0.550000 1.000000 0.300000
n 69 2 0.500000 0.000000 0.300000
n 70 2 0.550000 1.000000 0.400000
n 71 2 0.500000 0.000000 0.400000
n 72 2 0.550000 1.000000 0.500000
n 73 2 0.500000 0.000000 0.500000
n 74 2 0.550000 1.000000 0.600000
n 75 2 0.500000 0.000000 0.600000
n 76 2 0.550000 1.000000 0.700000
n 77 2 0.500000 0.000000 0.700000
n 78 0 0.320343 0.201743 0.499238
n 79 0 0.418529 0.100375 0.497105
n 80 0 0.321627 0.302315 0.499737
n 81 0 0.517970 0.099459 0.495084
n 82 0 0.323068 0.402709 0.499756
n 83 0 0.618255 0.099340 0.496900
n 84 0 0.324681 0.502885 0.499772
n 85 0 0.718671 0.098910 0.498179
n 86 0 0.326388 0.602815 0.499750
n 87 0 0.719825 0.198030 0.498577
n 88 0 0.328122 0.702512 0.499761
n 89 0 0.721207 0.297441 0.500319
n 90 0 0.329483 0.801925 0.501806
n 91 0 0.722968 0.397150 0.500305
n 92 0 0.330647 0.901063 0.503867
n 93 0 0.724693 0.497096 0.500256
n 94 0 0.431057 0.900624 0.505291
n 95 0 0.726305 0.597289 0.500250
n 96 0 0.531248 0.900534 0.505541
n 97 0 0.727719 0.697698 0.500237
n 98 0 0.630818 0.899626 0.502749
n 99 0 0.729021 0.798270 0.500776
n 100 0 0.319587 0.100925 0.500066
n 101 0 0.729811 0.899078 0.499919
n 102 2 0.650000 1.000000 0.300000
n 103 2 0.600000 0.000000 0.300000
n 104 2 0.650000 1.000000 0.400000
n 105 2 0.600000 0.000000 0.400000
n 106 2 0.650000 1.000000 0.500000
n 107 2 0.600000 0.000000 0.500000
n 108 2 0.650000 1.000000 0.600000
n 109 2 0.600000 0.000000 0.600000
n 110 2 0.650000 1.000000 0.700000
n 111 2 0.600000 0.000000 0.700000
n 112 0 0.320202 0.201623 0.599326
n 113 0 0.418458 0.100333 0.595774
n 114 0 0.321449 0.302158 0.599795
n 115 0 0.517848 0.099649 0.596843
n 116 0 0.322858 0.402487 0.599766
n 117 0 0.617817 0.098943 0.598678
n 118 0 0.324469 0.502589 0.599723
n 119 0 0.718948 0.098730 0.599241
n 120 0 0.326017 0.602480 0.599640
n 121 0 0.718649 0.197660 0.598902
n 122 0 0.327475 0.702159 0.599531
n 123 0 0.720824 0.297113 0.600106
n 124 0 0.328724 0.801664 0.600505
n 125 0 0.722562 0.396842 0.600093
n 126 0 0.329898 0.900938 0.603026
n 127 0 0.724459 0.496820 0.600104
n 128 0 0.430431 0.900372 0.604617
n 129 0 0.726175 0.597005 0.600131
n 130 0 0.530798 0.899815 0.602738
n 131 0 0.727804 0.697414 0.600173
n 132 0 0.630318 0.899406 0.601621
n 133 0 0.728802 0.798115 0.600236
n 134 0 0.319719 0.100843 0.599761
n 135 0 0.729832 0.898979 0.600013
n 136 2 0.750000 1.000000 0.300000
n 137 2 0.700000 0.000000 0.300000
n 138 2 0.750000 1.000000 0.400000
n 139 2 0.700000 0.000000 0.400000
n 140 2 0.750000 1.000000 0.500000
n 141 2 0.700000 0.000000 0.500000
n 142 2 0.750000 1.000000 0.600000
n 143 2 0.700000 0.000000 0.600000
n 144 2 0.750000 1.000000 0.700000
n 145 2 0.700000 0.000000 0.700000
n 146 0 0.319967 0.201567 0.699270
n 147 0 0.418378 0.100310 0.698004
n 148 0 0.321107 0.302115 0.699709
n 149 0 0.517596 0.099676 0.697785
n 150 0 0.322574 0.402434 0.699625
n 151 0 0.617910 0.099173 0.698967
n 152 0 0.324099 0.502505 0.699483
n 153 0 0.718222 0.098735 0.699100
n 154 0 0.325637 0.602319 0.699327
n 155 0 0.719450 0.197540 0.698624
n 156 0 0.326931 0.701918 0.699131
n 157 0 0.720397 0.296749 0.699321
n 158 0 0.327868 0.801344 0.699420
n 159 0 0.722417 0.396573 0.699897
n 160 0 0.328662 0.900695 0.702670
n 161 0 0.724122 0.496593 0.700299
n 162 0 0.429059 0.900268 0.700050
n 163 0 0.725768 0.596822 0.700644
n 164 0 0.529611 0.899870 0.699720
n 165 0 0.727288 0.697239 0.701133
n 166 0 0.629852 0.899440 0.700013
n 167 0 0.728415 0.797967 0.701343
n 168 0 0.319223 0.100806 0.696713
n 169 0 0.729513 0.898949 0.700645
n 170 0 0.316404 0.070601 0.600060
n 171 0 0.419734 0.130429 0.697148
n 172 0 0.311361 0.040401 0.502026
n 173 0 0.518104 0.159706 0.697013
n 174 0 0.303928 0.010164 0.401822
n 175 0 0.617768 0.188626 0.698659
n 176 2 0.333333 0.000000 0.333333
n 177 0 0.719289 0.217355 0.698128
n 178 0 0.718078 0.187733 0.598853
n 179 0 0.403938 0.010120 0.301832
n 180 0 0.718799 0.158361 0.497621
n 181 0 0.511661 0.040090 0.302316
n 182 0 0.720638 0.128826 0.397906
n 183 0 0.616979 0.069833 0.300584
n 184 0 0.320299 0.171383 0.599150
n 185 0 0.419984 0.230827 0.699635
n 186 0 0.320494 0.141238 0.498701
n 187 0 0.520133 0.259818 0.699493
n 188 0 0.320287 0.111079 0.399586
n 189 0 0.620436 0.288426 0.699898
n 190 0 0.317837 0.080829 0.299771
n 191 0 0.720745 0.316713 0.699423
n 192 0 0.720652 0.287169 0.600048
n 193 0 0.420261 0.110594 0.299576
n 194 0 0.720700 0.257678 0.499991
n 195 0 0.520723 0.140103 0.298925
n 196 0 0.720960 0.228194 0.400474
n 197 0 0.621009 0.169489 0.299765
n 198 0 0.320944 0.271996 0.599716
n 199 0 0.421357 0.331053 0.699835
n 200 0 0.320730 0.241971 0.499491
n 201 0 0.521665 0.359828 0.699817
n 202 0 0.320633 0.211925 0.399731
n 203 0 0.622160 0.388322 0.699964
n 204 0 0.320688 0.181780 0.298925
n 205 0 0.722743 0.416573 0.699921
n 206 0 0.722374 0.386870 0.600094
n 207 0 0.420607 0.210971 0.299734
n 208 0 0.722251 0.357268 0.500352
n 209 0 0.521073 0.240101 0.299829
n 210 0 0.722178 0.327754 0.400494
n 211 0 0.621569 0.269185 0.300238
n 212 0 0.322397 0.372387 0.599762
n 213 0 0.423038 0.431163 0.699819
n 214 0 0.322128 0.342471 0.499705
n 215 0 0.523528 0.459808 0.699851
n 216 0 0.321753 0.312594 0.399809
n 217 0 0.624045 0.488299 0.699960
n 218 0 0.321758 0.282559 0.299144
n 219 0 0.724431 0.516636 0.700370
n 220 0 0.724267 0.486823 0.600102
n 221 0 0.421954 0.311311 0.299939
n 222 0 0.724005 0.457119 0.500284
n 223 0 0.522462 0.340135 0.300038
n 224 0 0.723736 0.427509 0.400361
n 225 0 0.622985 0.368971 0.300247
n 226 0 0.323986 0.472557 0.599732
n 227 0 0.424771 0.531149 0.699773
n 228 0 0.323664 0.442778 0.499712
n 229 0 0.525259 0.559820 0.699867
n 230 0 0.323384 0.412983 0.399863
n 231 0 0.625816 0.588412 0.700004
n 232 0 0.323244 0.383044 0.299501
n 233 0 0.726061 0.616904 0.700763
n 234 0 0.726007 0.586988 0.600127
n 235 0 0.423564 0.411554 0.299995
n 236 0 0.725697 0.557213 0.500283
n 237 0 0.524102 0.440165 0.300134
n 238 0 0.725350 0.527476 0.400254
n 239 0 0.624581 0.468859 0.300212
n 240 0 0.325611 0.572512 0.599653
n 241 0 0.426389 0.631042 0.699745
n 242 0 0.325354 0.542856 0.499736
n 243 0 0.526918 0.659859 0.699958
n 244 0 0.325106 0.513149 0.399896
n 245 0 0.627436 0.688661 0.700049
n 246 0 0.324916 0.483331 0.299781
n 247 0 0.727510 0.717378 0.701250
n 248 0 0.727653 0.687375 0.600169
n 249 0 0.425322 0.511669 0.300052
n 250 0 0.727219 0.657536 0.500259
n 251 0 0.525806 0.540173 0.300147
n 252 0 0.726921 0.627652 0.400200
n 253 0 0.626283 0.568842 0.300160
n 254 0 0.327162 0.672255 0.599544
n 255 0 0.427817 0.730830 0.699752
n 256 0 0.327099 0.642693 0.499696
n 257 0 0.528324 0.759904 0.700169
n 258 0 0.326992 0.613097 0.399906
n 259 0 0.628834 0.789023 0.700224
n 260 0 0.326668 0.583423 0.300109
n 261 0 0.728536 0.818168 0.701583
n 262 0 0.728796 0.788048 0.600219
n 263 0 0.427202 0.611655 0.300045
n 264 0 0.728615 0.758042 0.500454
n 265 0 0.527640 0.640157 0.300184
n 266 0 0.728362 0.728038 0.400222
n 267 0 0.627931 0.668948 0.300142
n 268 0 0.328404 0.771809 0.599791
n 269 0 0.428442 0.830524 0.700414
n 270 0 0.328661 0.742277 0.500148
n 271 0 0.528729 0.859907 0.701078
n 272 0 0.328697 0.712789 0.399936
n 273 0 0.629190 0.889413 0.700231
n 274 0 0.328732 0.683318 0.300530
n 275 0 0.731773 0.919150 0.700165
n 276 0 0.729168 0.888904 0.600222
n 277 0 0.428929 0.711572 0.300098
n 278 0 0.728886 0.858771 0.501219
n 279 0 0.529162 0.740169 0.300571
n 280 0 0.729035 0.828638 0.400925
n 281 0 0.629283 0.769172 0.300519
n 282 0 0.328471 0.871168 0.602929
n 283 0 0.432478 0.930176 0.699856
n 284 0 0.330353 0.841596 0.503556
n 285 0 0.538234 0.959918 0.697851
n 286 0 0.331195 0.812222 0.401937
n 287 0 0.646043 0.989882 0.698177
n 288 0 0.330455 0.782713 0.301610
n 289 2 0.716667 1.000000 0.666667
n 290 0 0.746058 0.989836 0.598196
n 291 0 0.431544 0.811403 0.302165
n 292 0 0.738460 0.959603 0.498088
n 293 0 0.530968 0.840282 0.304052
n 294 0 0.732911 0.929410 0.400267
n 295 0 0.629268 0.869574 0.303522
n 296 0 0.370133 0.151131 0.299478
n 297 0 0.470064 0.150396 0.299824
n 298 0 0.420544 0.200938 0.299785
n 299 0 0.371261 0.251763 0.299477
n 300 0 0.570388 0.149795 0.299873
n 301 0 0.520655 0.200086 0.299518
n 302 0 0.471143 0.250581 0.299814
n 303 0 0.421844 0.301286 0.299941
n 304 0 0.372692 0.352180 0.299679
n 305 0 0.670843 0.149315 0.299834
n 306 0 0.620974 0.199387 0.299881
n 307 0 0.571304 0.249646 0.299861
n 308 0 0.521847 0.300119 0.299989
n 309 0 0.472572 0.350771 0.300062
n 310 0 0.423416 0.401541 0.299992
n 311 0 0.374325 0.452449 0.299846
n 312 0 0.671695 0.248781 0.300411
n 313 0 0.622060 0.299098 0.300255
n 314 0 0.572650 0.349549 0.300133
n 315 0 0.523398 0.400158 0.300093
n 316 0 0.474258 0.450895 0.300084
n 317 0 0.425153 0.501670 0.300034
n 318 0 0.376097 0.552576 0.300004
n 319 0 0.672895 0.348414 0.300525
n 320 0 0.623516 0.398917 0.300238
n 321 0 0.574290 0.449491 0.300136
n 322 0 0.525175 0.500175 0.300121
n 323 0 0.476086 0.550892 0.300084
n 324 0 0.427054 0.601663 0.300030
n 325 0 0.377980 0.652412 0.300117
n 326 0 0.674394 0.448215 0.300389
n 327 0 0.625168 0.498836 0.300195
n 328 0 0.576065 0.549504 0.300136
n 329 0 0.526959 0.600172 0.300109
n 330 0 0.477917 0.650923 0.299987
n 331 0 0.428783 0.701589 0.300033
n 332 0 0.379860 0.752502 0.300755
n 333 0 0.676044 0.548135 0.300286
n 334 0 0.626942 0.598847 0.300133
n 335 0 0.577856 0.649460 0.300063
n 336 0 0.528836 0.700134 0.300220
n 337 0 0.479789 0.750660 0.300838
n 338 0 0.430992 0.801425 0.301379
n 339 0 0.381071 0.851409 0.301949
n 340 0 0.677638 0.648305 0.300145
n 341 0 0.628505 0.698992 0.300159
n 342 0 0.579416 0.749629 0.300826
n 343 0 0.530285 0.800225 0.302106
n 344 0 0.481290 0.850928 0.302776
n 345 0 0.679031 0.748594 0.300518
n 346 0 0.629865 0.799256 0.301298
n 347 0 0.580761 0.849771 0.302770
n 348 0 0.680082 0.849084 0.302306
n 349 0 0.419889 0.201265 0.398533
n 350 0 0.421381 0.301448 0.399370
n 351 0 0.423011 0.401573 0.399660
n 352 0 0.424913 0.501618 0.399944
n 353 0 0.426815 0.601549 0.400330
n 354 0 0.428836 0.701458 0.400631
n 355 0 0.430167 0.801587 0.402514
n 356 0 0.407301 0.040198 0.397951
n 357 0 0.419870 0.140836 0.398029
n 358 0 0.420411 0.241347 0.399153
n 359 0 0.421995 0.341500 0.399564
n 360 0 0.423798 0.441595 0.399836
n 361 0 0.425723 0.541593 0.400093
n 362 0 0.427745 0.641513 0.400340
n 363 0 0.429497 0.741504 0.400968
n 364 0 0.430506 0.841421 0.403622
n 365 0 0.419917 0.200846 0.499415
n 366 0 0.421231 0.301175 0.499761
n 367 0 0.422834 0.401390 0.499827
n 368 0 0.424668 0.501434 0.499942
n 369 0 0.426571 0.601354 0.500041
n 370 0 0.428347 0.701186 0.500149
n 371 0 0.430079 0.800975 0.501705
n 372 0 0.413185 0.070229 0.496779
n 373 0 0.420334 0.170717 0.499107
n 374 0 0.420930 0.271081 0.499700
n 375 0 0.422441 0.371328 0.499791
n 376 0 0.424190 0.471423 0.499912
n 377 0 0.426008 0.571378 0.500005
n 378 0 0.427820 0.671236 0.500143
n 379 0 0.429130 0.771026 0.500488
n 380 0 0.430854 0.870773 0.505365
n 381 0 0.419843 0.200819 0.599225
n 382 0 0.421082 0.301044 0.599666
n 383 0 0.422757 0.401182 0.599800
n 384 0 0.424443 0.501234 0.599823
n 385 0 0.426198 0.601160 0.599891
n 386 0 0.427804 0.700975 0.600015
n 387 0 0.429167 0.800691 0.600600
n 388 0 0.419396 0.200742 0.699095
n 389 0 0.420797 0.301007 0.699861
n 390 0 0.422379 0.401157 0.699868
n 391 0 0.424184 0.501172 0.699822
n 392 0 0.425868 0.601095 0.699791
n 393 0 0.427343 0.700917 0.699773
n 394 0 0.428466 0.800628 0.700188
n 395 0 0.369780 0.151120 0.399027
n 396 0 0.469239 0.150698 0.398384
n 397 0 0.370751 0.251907 0.399287
n 398 0 0.569325 0.149789 0.398310
n 399 0 0.519965 0.200222 0.399377
n 400 0 0.470602 0.250766 0.399271
n 401 0 0.372235 0.352140 0.399649
n 402 0 0.669678 0.149083 0.398607
n 403 0 0.620160 0.199308 0.399572
n 404 0 0.570697 0.249688 0.399843
n 405 0 0.521372 0.300208 0.399778
n 406 0 0.472172 0.350871 0.399660
n 407 0 0.373980 0.452377 0.399827
n 408 0 0.670995 0.248595 0.400069
n 409 0 0.621551 0.299030 0.400018
n 410 0 0.572255 0.349539 0.399995
n 411 0 0.523085 0.400173 0.399930
n 412 0 0.473953 0.450850 0.399874
n 413 0 0.375852 0.552365 0.400067
n 414 0 0.672442 0.348282 0.400217
n 415 0 0.623156 0.398851 0.400118
n 416 0 0.574003 0.449469 0.400072
n 417 0 0.524893 0.500129 0.400050
n 418 0 0.475867 0.550852 0.400132
n 419 0 0.377790 0.652319 0.400217
n 420 0 0.674055 0.448102 0.400213
n 421 0 0.624903 0.498785 0.400172
n 422 0 0.575805 0.549410 0.400134
n 423 0 0.526791 0.600117 0.400131
n 424 0 0.477732 0.650709 0.400265
n 425 0 0.379701 0.751857 0.401158
n 426 0 0.675707 0.548141 0.400202
n 427 0 0.626560 0.598847 0.400182
n 428 0 0.577490 0.649563 0.400121
n 429 0 0.528324 0.700188 0.400200
n 430 0 0.479338 0.750976 0.401235
n 431 0 0.380728 0.851914 0.402408
n 432 0 0.677314 0.648253 0.400182
n 433 0 0.628211 0.698991 0.400317
n 434 0 0.579015 0.749548 0.400633
n 435 0 0.530028 0.800308 0.401786
n 436 0 0.480873 0.850884 0.403007
n 437 0 0.678720 0.748635 0.400302
n 438 0 0.629407 0.799201 0.400868
n 439 0 0.580522 0.849905 0.402959
n 440 0 0.679798 0.848860 0.401635
n 441 0 0.513251 0.070074 0.396826
n 442 0 0.520342 0.170211 0.399081
n 443 0 0.520954 0.270214 0.399684
n 444 0 0.522588 0.370185 0.399893
n 445 0 0.524348 0.470143 0.400021
n 446 0 0.526185 0.570120 0.400118
n 447 0 0.527908 0.670165 0.400180
n 448 0 0.529201 0.770260 0.400526
n 449 0 0.531038 0.870393 0.405470
n 450 0 0.519462 0.199882 0.498807
n 451 0 0.520892 0.300070 0.499359
n 452 0 0.522762 0.400057 0.499750
n 453 0 0.524701 0.499998 0.500031
n 454 0 0.526639 0.599937 0.500323
n 455 0 0.528506 0.699912 0.500748
n 456 0 0.529893 0.800087 0.501410
n 457 0 0.519225 0.199727 0.598708
n 458 0 0.520967 0.299833 0.599852
n 459 0 0.522553 0.399892 0.599903
n 460 0 0.524469 0.499875 0.599966
n 461 0 0.526290 0.599829 0.600065
n 462 0 0.528004 0.699790 0.600194
n 463 0 0.529425 0.799761 0.600557
n 464 0 0.518135 0.129630 0.595447
n 465 0 0.520022 0.229768 0.599604
n 466 0 0.521418 0.329852 0.599843
n 467 0 0.523166 0.429888 0.599897
n 468 0 0.525017 0.529860 0.599984
n 469 0 0.526784 0.629816 0.600109
n 470 0 0.528437 0.729779 0.600325
n 471 0 0.528978 0.829766 0.600951
n 472 0 0.536268 0.929901 0.603755
n 473 0 0.519019 0.199760 0.698191
n 474 0 0.520466 0.299854 0.699755
n 475 0 0.522375 0.399810 0.699880
n 476 0 0.524178 0.499807 0.699867
n 477 0 0.525975 0.599829 0.699897
n 478 0 0.527567 0.699880 0.700003
n 479 0 0.528771 0.799923 0.700524
n 480 0 0.369509 0.151127 0.499005
n 481 0 0.468958 0.150166 0.497824
n 482 0 0.370719 0.251528 0.499717
n 483 0 0.568533 0.149286 0.497541
n 484 0 0.470340 0.250522 0.499439
n 485 0 0.372146 0.351937 0.499802
n 486 0 0.668866 0.148858 0.498132
n 487 0 0.619222 0.198974 0.498796
n 488 0 0.570049 0.249511 0.499311
n 489 0 0.471873 0.350739 0.499666
n 490 0 0.373780 0.452159 0.499836
n 491 0 0.670216 0.248210 0.499534
n 492 0 0.621000 0.298781 0.499916
n 493 0 0.571829 0.349369 0.499755
n 494 0 0.473716 0.450746 0.499885
n 495 0 0.375575 0.552170 0.499878
n 496 0 0.671961 0.347989 0.500163
n 497 0 0.622804 0.398628 0.499990
n 498 0 0.573743 0.449304 0.499936
n 499 0 0.475650 0.550690 0.500111
n 500 0 0.377390 0.651977 0.499880
n 501 0 0.673801 0.447811 0.500143
n 502 0 0.624720 0.498555 0.500064
n 503 0 0.575681 0.549247 0.500148
n 504 0 0.477552 0.650619 0.500313
n 505 0 0.379101 0.751740 0.500695
n 506 0 0.675604 0.547831 0.500159
n 507 0 0.626555 0.598602 0.500155
n 508 0 0.577526 0.649254 0.500362
n 509 0 0.479303 0.750456 0.500866
n 510 0 0.380443 0.851102 0.503098
n 511 0 0.677227 0.648060 0.500167
n 512 0 0.628151 0.698830 0.500198
n 513 0 0.579035 0.749471 0.500563
n 514 0 0.480766 0.850646 0.503287
n 515 0 0.678632 0.748502 0.500217
n 516 0 0.629417 0.799177 0.500508
n 517 0 0.580345 0.849867 0.502317
n 518 0 0.679855 0.848888 0.500929
n 519 0 0.618313 0.129185 0.495567
n 520 0 0.620111 0.228926 0.499661
n 521 0 0.621527 0.328735 0.499901
n 522 0 0.623350 0.428606 0.500018
n 523 0 0.625179 0.528567 0.500101
n 524 0 0.626931 0.628668 0.500216
n 525 0 0.628440 0.728929 0.500294
n 526 0 0.628963 0.829298 0.500909
n 527 0 0.636327 0.929769 0.503805
n 528 0 0.619082 0.198416 0.597893
n 529 0 0.620507 0.298532 0.599508
n 530 0 0.622549 0.398438 0.599757
n 531 0 0.624468 0.498372 0.600130
n 532 0 0.626382 0.598415 0.600428
n 533 0 0.628034 0.698531 0.600745
n 534 0 0.629545 0.798699 0.601613
n 535 0 0.618390 0.158580 0.597256
n 536 0 0.619874 0.258490 0.599188
n 537 0 0.621638 0.358476 0.599748
n 538 0 0.623678 0.458396 0.599975
n 539 0 0.625624 0.558394 0.600227
n 540 0 0.627458 0.658484 0.600510
n 541 0 0.629075 0.758625 0.600937
n 542 0 0.629620 0.859134 0.602015
n 543 0 0.642520 0.959790 0.602187
n 544 0 0.618334 0.198604 0.698730
n 545 0 0.620582 0.298405 0.699942
n 546 0 0.622303 0.398312 0.699967
n 547 0 0.624208 0.498297 0.699964
n 548 0 0.625957 0.598424 0.700009
n 549 0 0.627538 0.698686 0.700068
n 550 0 0.628905 0.799058 0.700252
n 551 0 0.369483 0.151126 0.598571
n 552 0 0.468744 0.150131 0.597837
n 553 0 0.370569 0.251410 0.599608
n 554 0 0.568345 0.149155 0.597898
n 555 0 0.470250 0.250478 0.599480
n 556 0 0.371989 0.351783 0.599763
n 557 0 0.668490 0.148053 0.598470
n 558 0 0.569946 0.249051 0.598983
n 559 0 0.471820 0.350468 0.599883
n 560 0 0.373619 0.451891 0.599766
n 561 0 0.669603 0.248113 0.598991
n 562 0 0.571606 0.349285 0.599812
n 563 0 0.473538 0.450602 0.599871
n 564 0 0.375290 0.551916 0.599772
n 565 0 0.671566 0.347658 0.599855
n 566 0 0.573498 0.449146 0.599927
n 567 0 0.475357 0.550541 0.599926
n 568 0 0.376907 0.651730 0.599790
n 569 0 0.673520 0.447613 0.599996
n 570 0 0.575424 0.549145 0.600172
n 571 0 0.477110 0.650465 0.599990
n 572 0 0.378345 0.751400 0.600069
n 573 0 0.675406 0.547605 0.600239
n 574 0 0.577217 0.649126 0.600384
n 575 0 0.478663 0.750319 0.600132
n 576 0 0.379655 0.850939 0.602063
n 577 0 0.677171 0.647835 0.600437
n 578 0 0.578802 0.749216 0.600759
n 579 0 0.480047 0.850187 0.601851
n 580 0 0.678678 0.748064 0.600822
n 581 0 0.580182 0.849274 0.601644
n 582 0 0.679664 0.848861 0.601048
n 583 0 0.369159 0.150924 0.698344
n 584 0 0.468512 0.150221 0.698202
n 585 0 0.370247 0.251422 0.699565
n 586 0 0.568053 0.149061 0.698269
n 587 0 0.469876 0.250353 0.699264
n 588 0 0.371673 0.351707 0.699845
n 589 0 0.668324 0.148708 0.698796
n 590 0 0.569526 0.249348 0.699137
n 591 0 0.471456 0.350537 0.699928
n 592 0 0.373295 0.451885 0.699718
n 593 0 0.669544 0.247508 0.699233
n 594 0 0.571419 0.349051 0.699982
n 595 0 0.473275 0.450487 0.699865
n 596 0 0.374974 0.551809 0.699633
n 597 0 0.671405 0.347583 0.699903
n 598 0 0.573263 0.449081 0.699901
n 599 0 0.475076 0.550504 0.699871
n 600 0 0.376500 0.651607 0.699515
n 601 0 0.673271 0.447395 0.700023
n 602 0 0.575106 0.549078 0.699901
n 603 0 0.476746 0.650459 0.699870
n 604 0 0.377723 0.751247 0.699682
n 605 0 0.675039 0.547509 0.700195
n 606 0 0.576812 0.649203 0.699923
n 607 0 0.478119 0.750357 0.700149
n 608 0 0.378585 0.850685 0.700543
n 609 0 0.676676 0.647778 0.700376
n 610 0 0.578277 0.749427 0.700196
n 611 0 0.479053 0.850233 0.700251
n 612 0 0.678124 0.748179 0.700613
n 613 0 0.579392 0.849600 0.700180
n 614 0 0.679319 0.848890 0.700535
n 615 0 0.370103 0.151255 0.348614
n 616 0 0.394656 0.125676 0.373292
n 617 0 0.333110 0.189313 0.311440
n 618 0 0.469193 0.151356 0.447617
n 619 0 0.370688 0.252095 0.349223
n 620 0 0.456928 0.163985 0.435461
n 621 0 0.395240 0.226815 0.374089
n 622 0 0.334189 0.290102 0.311678
n 623 0 0.569320 0.148045 0.546535
n 624 0 0.470256 0.250594 0.449178
n 625 0 0.372291 0.352201 0.349536
n 626 0 0.581505 0.135268 0.558927
n 627 0 0.458041 0.263353 0.436772
n 628 0 0.396787 0.326861 0.374542
n 629 0 0.335758 0.390437 0.312045
n 630 0 0.668331 0.148466 0.648680
n 631 0 0.569772 0.249481 0.549112
n 632 0 0.471963 0.350869 0.449555
n 633 0 0.374083 0.452479 0.349783
n 634 0 0.643295 0.172890 0.623098
n 635 0 0.582094 0.236831 0.561444
n 636 0 0.459733 0.363571 0.437104
n 637 0 0.398544 0.427076 0.374783
n 638 0 0.337473 0.490691 0.312310
n 639 0 0.669480 0.247473 0.648964
n 640 0 0.571607 0.349283 0.549644
n 641 0 0.473827 0.450821 0.449847
n 642 0 0.375983 0.552536 0.350037
n 643 0 0.706600 0.209496 0.685974
n 644 0 0.644975 0.273077 0.624336
n 645 0 0.583821 0.336598 0.562124
n 646 0 0.461613 0.463548 0.437390
n 647 0 0.400456 0.527110 0.375022
n 648 0 0.339285 0.590739 0.312615
n 649 0 0.671337 0.347645 0.649731
n 650 0 0.573591 0.449234 0.549942
n 651 0 0.475810 0.550762 0.450119
n 652 0 0.378090 0.652350 0.350308
n 653 0 0.708086 0.309445 0.686940
n 654 0 0.646895 0.373038 0.624790
n 655 0 0.585819 0.436530 0.562402
n 656 0 0.463580 0.563468 0.437664
n 657 0 0.402496 0.626955 0.375279
n 658 0 0.341367 0.690547 0.313073
n 659 0 0.673417 0.447451 0.650008
n 660 0 0.575579 0.549174 0.550216
n 661 0 0.477793 0.650705 0.450432
n 662 0 0.380011 0.752553 0.351118
n 663 0 0.710121 0.409254 0.687424
n 664 0 0.648948 0.472890 0.625038
n 665 0 0.587793 0.536450 0.562675
n 666 0 0.465574 0.663392 0.437961
n 667 0 0.404423 0.726915 0.375777
n 668 0 0.342935 0.790490 0.314063
n 669 0 0.675311 0.547499 0.650289
n 670 0 0.577453 0.649121 0.550528
n 671 0 0.479618 0.750478 0.451045
n 672 0 0.380669 0.851575 0.352067
n 673 0 0.711899 0.509302 0.687795
n 674 0 0.650881 0.572923 0.625281
n 675 0 0.589684 0.636424 0.562980
n 676 0 0.467276 0.763128 0.438748
n 677 0 0.405684 0.827130 0.377626
n 678 0 0.677111 0.647761 0.650566
n 679 0 0.579172 0.749376 0.550941
n 680 0 0.479797 0.851963 0.454091
n 681 0 0.713598 0.609556 0.688127
n 682 0 0.652673 0.673135 0.625541
n 683 0 0.591394 0.736624 0.563340
n 684 0 0.467592 0.864757 0.441769
n 685 0 0.678731 0.747865 0.650917
n 686 0 0.580171 0.848559 0.552658
n 687 0 0.715164 0.709907 0.688567
n 688 0 0.654264 0.773174 0.626003
n 689 0 0.592451 0.835919 0.564755
n 690 0 0.679343 0.848673 0.651494
n 691 0 0.716233 0.810712 0.688874
n 692 0 0.654862 0.874261 0.626752
n 693 0 0.369522 0.100824 0.646946
n 694 0 0.468594 0.130235 0.645944
n 695 0 0.365037 0.070545 0.548650
n 696 0 0.568064 0.159121 0.646945
n 697 0 0.467335 0.099752 0.544561
n 698 0 0.358579 0.040272 0.449235
n 699 0 0.668082 0.187385 0.648871
n 700 0 0.568877 0.128008 0.546129
n 701 0 0.462688 0.070158 0.446255
n 702 0 0.351778 0.009880 0.349661
n 703 0 0.668316 0.158359 0.547158
n 704 0 0.567460 0.099436 0.444653
n 705 0 0.458631 0.040122 0.349282
n 706 0 0.669208 0.129172 0.446463
n 707 0 0.565407 0.070101 0.348988
n 708 0 0.670272 0.099553 0.347639
n 709 0 0.370055 0.201231 0.649397
n 710 0 0.469884 0.230267 0.649499
n 711 0 0.370202 0.170897 0.549014
n 712 0 0.570274 0.259232 0.649612
n 713 0 0.470015 0.200448 0.549377
n 714 0 0.370632 0.141206 0.448820
n 715 0 0.670090 0.287632 0.649508
n 716 0 0.569468 0.229465 0.549008
n 717 0 0.469373 0.171327 0.448089
n 718 0 0.369313 0.110575 0.348627
n 719 0 0.670434 0.258137 0.549738
n 720 0 0.570050 0.199743 0.449426
n 721 0 0.470637 0.140655 0.348823
n 722 0 0.670345 0.228486 0.449877
n 723 0 0.570490 0.169656 0.349239
n 724 0 0.670842 0.198947 0.350196
n 725 0 0.371151 0.301575 0.649743
n 726 0 0.471335 0.330430 0.649786
n 727 0 0.370864 0.271492 0.549634
n 728 0 0.571754 0.359170 0.649885
n 729 0 0.471166 0.300597 0.549692
n 730 0 0.370799 0.241731 0.449552
n 731 0 0.672139 0.387519 0.649895
n 732 0 0.571209 0.329290 0.549601
n 733 0 0.470583 0.270698 0.449316
n 734 0 0.370152 0.211860 0.349242
n 735 0 0.671906 0.357852 0.550011
n 736 0 0.571246 0.299587 0.449714
n 737 0 0.470810 0.240779 0.349561
n 738 0 0.671851 0.328216 0.450195
n 739 0 0.571242 0.269654 0.349941
n 740 0 0.671884 0.298483 0.350350
n 741 0 0.372722 0.401803 0.649768
n 742 0 0.473100 0.430516 0.649855
n 743 0 0.372418 0.371829 0.549775
n 744 0 0.573608 0.459104 0.649918
n 745 0 0.472804 0.400643 0.549819
n 746 0 0.372134 0.342045 0.449708
n 747 0 0.674200 0.487437 0.650080
n 748 0 0.573191 0.429236 0.549887
n 749 0 0.472320 0.370888 0.449638
n 750 0 0.371561 0.312188 0.349566
n 751 0 0.673789 0.457723 0.550076
n 752 0 0.572955 0.399459 0.449930
n 753 0 0.472274 0.340853 0.349847
n 754 0 0.673552 0.428036 0.450199
n 755 0 0.572789 0.369539 0.350071
n 756 0 0.673356 0.398235 0.350314
n 757 0 0.374361 0.501893 0.649743
n 758 0 0.474860 0.530514 0.649844
n 759 0 0.374052 0.471982 0.549785
n 760 0 0.575419 0.559088 0.650024
n 761 0 0.474601 0.500631 0.549956
n 762 0 0.373803 0.442238 0.449847
n 763 0 0.676114 0.587566 0.650278
n 764 0 0.575187 0.529156 0.550135
n 765 0 0.474224 0.470847 0.449919
n 766 0 0.373328 0.412446 0.349776
n 767 0 0.675570 0.557740 0.550163
n 768 0 0.574760 0.499367 0.450059
n 769 0 0.473951 0.440890 0.349986
n 770 0 0.675297 0.528029 0.450211
n 771 0 0.574495 0.469496 0.350147
n 772 0 0.674978 0.498135 0.350242
n 773 0 0.375999 0.601789 0.649691
n 774 0 0.476582 0.630470 0.649923
n 775 0 0.375798 0.571965 0.549817
n 776 0 0.577111 0.659118 0.650156
n 777 0 0.476404 0.600531 0.550092
n 778 0 0.375570 0.542249 0.449946
n 779 0 0.677919 0.687836 0.650503
n 780 0 0.577106 0.629120 0.550420
n 781 0 0.476209 0.570759 0.450181
n 782 0 0.375213 0.512570 0.349970
n 783 0 0.677248 0.657936 0.550293
n 784 0 0.576548 0.599362 0.450200
n 785 0 0.475747 0.540879 0.350102
n 786 0 0.676914 0.628189 0.450197
n 787 0 0.576225 0.569495 0.350131
n 788 0 0.676590 0.598229 0.350204
n 789 0 0.377468 0.701531 0.649672
n 790 0 0.478147 0.730352 0.650059
n 791 0 0.377494 0.671776 0.549847
n 792 0 0.578598 0.759184 0.650450
n 793 0 0.478108 0.700389 0.550333
n 794 0 0.377436 0.642109 0.450032
n 795 0 0.679388 0.788169 0.650824
n 796 0 0.578867 0.729302 0.550755
n 797 0 0.478186 0.670689 0.450497
n 798 0 0.377267 0.612475 0.350151
n 799 0 0.678590 0.758251 0.550438
n 800 0 0.578165 0.699411 0.450338
n 801 0 0.477578 0.640821 0.350148
n 802 0 0.678461 0.728538 0.450320
n 803 0 0.577961 0.669590 0.350203
n 804 0 0.678130 0.698458 0.350222
n 805 0 0.378546 0.801071 0.650040
n 806 0 0.478891 0.830339 0.650864
n 807 0 0.378951 0.771495 0.550324
n 808 0 0.578757 0.859284 0.651124
n 809 0 0.479216 0.800204 0.550694
n 810 0 0.378864 0.741797 0.450341
n 811 0 0.680290 0.889355 0.651341
n 812 0 0.580047 0.828636 0.552039
n 813 0 0.479868 0.770465 0.451246
n 814 0 0.379340 0.712354 0.350557
n 815 0 0.678743 0.858783 0.551101
n 816 0 0.579236 0.799543 0.450726
n 817 0 0.479021 0.740767 0.350460
n 818 0 0.679087 0.829139 0.451004
n 819 0 0.579336 0.769760 0.350617
n 820 0 0.679222 0.798808 0.350721
n 821 0 0.379001 0.900347 0.653078
n 822 0 0.484149 0.929883 0.651593
n 823 0 0.380057 0.870772 0.554554
n 824 0 0.591245 0.959858 0.650892
n 825 0 0.481873 0.900549 0.556103
n 826 0 0.380733 0.841565 0.453897
n 827 0 0.698201 0.990117 0.650349
n 828 0 0.586742 0.929797 0.554241
n 829 0 0.480181 0.871888 0.454724
n 830 0 0.381000 0.812588 0.351720
n 831 0 0.691284 0.959751 0.550935
n 832 0 0.582011 0.900254 0.456188
n 833 0 0.480978 0.840973 0.354079
n 834 0 0.684424 0.929479 0.451849
n 835 0 0.580562 0.869851 0.354914
n 836 0 0.679616 0.899193 0.353567
