b 842 100 1.000000 1.000000 0.000000 1 0 0
f 0 0.010000 0 207 204 203 210 201 202 200 206 209 208 205 1 
f 1 0.010000 2 220 214 212 218 215 217 219 222 213 216 211 221 3 
f 2 0.010000 4 225 229 223 234 228 226 233 227 224 232 230 236 235 231 5 
f 3 0.010000 6 240 242 239 238 244 200 243 241 237 7 
f 4 0.010000 8 247 253 245 250 248 251 249 246 252 9 
f 5 0.010000 10 256 223 258 262 257 245 259 264 255 263 254 260 261 11 
f 6 0.010000 12 270 269 268 272 254 271 265 267 266 13 
f 7 0.010000 14 279 278 283 286 288 275 273 274 277 281 282 280 285 211 287 276 284 15 
f 8 0.010000 16 289 301 299 296 297 295 290 292 302 300 293 294 291 298 17 
f 9 0.010000 18 315 314 304 309 308 305 312 316 303 306 311 313 307 310 19 
f 10 0.010000 20 323 329 320 332 201 317 330 318 325 328 324 322 331 327 303 319 321 326 21 
f 11 0.010000 22 338 333 335 336 334 339 341 340 337 23 
f 12 0.010000 24 342 343 345 346 344 265 255 347 25 
f 13 0.010000 26 352 224 358 355 349 348 351 357 350 354 356 246 353 359 27 
f 14 0.010000 28 366 370 367 365 362 371 360 368 369 364 363 361 342 29 
f 15 0.010000 30 375 373 374 377 372 360 376 31 
f 16 0.010000 32 385 388 379 387 383 304 237 384 389 378 317 382 381 380 386 33 
f 17 0.010000 34 393 395 392 400 273 390 396 397 398 289 394 401 391 399 305 35 
f 18 0.010000 36 403 405 406 402 238 408 202 378 407 318 404 37 
f 19 0.010000 38 422 409 413 417 290 418 410 420 416 390 274 414 412 411 421 415 419 212 39 
f 20 0.010000 40 256 426 225 429 431 424 247 266 425 343 430 361 427 423 428 41 
f 21 0.010000 42 441 440 437 435 348 442 432 433 443 226 434 438 439 436 43 
f 22 0.010000 44 458 454 448 451 446 453 447 457 362 444 450 456 452 445 455 449 45 
f 23 0.010000 46 459 465 471 468 460 464 466 306 319 470 391 467 462 461 463 469 379 47 
f 24 0.010000 48 473 474 475 480 482 476 481 477 479 478 459 483 472 49 
f 25 0.010000 50 267 344 487 488 484 363 485 423 486 51 
f 26 0.010000 52 495 489 494 493 496 349 497 432 490 491 492 257 498 424 53 
f 27 0.010000 54 380 499 500 506 203 320 239 402 504 503 502 505 501 55 
f 28 0.010000 56 515 509 511 513 510 516 512 508 514 507 57 
f 29 0.010000 58 523 291 518 519 489 520 525 521 522 409 526 517 524 507 59 
f 30 0.010000 60 534 533 530 536 531 528 527 529 392 537 275 535 532 410 61 
f 31 0.010000 62 541 372 540 538 364 484 539 345 425 63 
f 32 0.010000 64 544 550 546 543 553 547 545 393 527 542 554 411 548 549 551 552 65 
f 33 0.010000 66 555 557 559 276 561 560 558 556 394 321 67 
f 34 0.010000 68 565 566 277 562 412 568 542 528 563 564 567 69 
f 35 0.010000 70 569 555 570 71 
f 36 0.010000 72 574 373 575 576 572 444 365 573 571 73 
f 37 0.010000 74 543 581 578 577 278 579 582 292 580 413 517 508 75 
f 38 0.010000 76 589 445 588 585 591 590 586 583 472 584 307 587 77 
f 39 0.010000 78 594 599 597 248 595 592 593 490 433 598 596 227 79 
f 40 0.010000 80 499 381 601 610 609 602 604 611 605 600 607 606 603 460 608 81 
f 41 0.010000 82 613 612 592 350 618 614 616 617 544 615 473 83 
f 42 0.010000 84 625 620 461 619 308 322 626 600 622 623 621 624 474 85 
f 43 0.010000 86 631 629 333 628 630 434 228 632 491 627 612 87 
f 44 0.010000 88 426 229 258 637 492 613 627 593 636 351 435 634 633 635 89 
f 45 0.010000 90 403 240 323 641 204 644 500 382 601 640 643 642 638 639 91 
f 46 0.010000 92 334 649 230 651 652 647 493 518 645 293 653 648 279 577 646 650 654 545 93 
f 47 0.010000 94 659 658 509 660 655 335 628 657 436 656 95 
f 48 0.010000 96 546 664 662 661 665 294 645 519 494 663 231 97 
f 49 0.010000 98 667 672 669 670 280 668 556 666 671 462 619 309 324 99 
f 50 0.010000 100 676 501 205 675 674 383 463 620 673 666 101 
f 51 0.010000 102 678 629 681 655 336 352 679 232 680 677 103 
f 52 0.010000 104 689 594 686 684 682 687 475 685 621 683 688 602 105 
f 53 0.010000 106 690 694 249 353 698 697 693 682 695 476 696 691 603 692 107 
f 54 0.010000 108 699 661 701 633 700 437 614 702 354 690 595 250 259 703 109 
f 55 0.010000 110 662 699 578 646 708 395 529 710 414 562 667 706 704 705 707 213 709 557 111 
f 56 0.010000 112 715 604 712 404 325 384 241 714 206 716 713 711 502 113 
f 57 0.010000 114 719 720 214 717 530 718 115 
f 58 0.010000 116 729 605 622 721 724 691 477 728 723 727 726 446 722 725 260 117 
f 59 0.010000 118 733 734 730 215 415 732 531 563 547 731 119 
f 60 0.010000 120 656 735 438 630 233 596 737 355 736 677 647 663 520 495 121 
f 61 0.010000 122 741 564 740 739 638 683 623 721 738 606 692 464 123 
f 62 0.010000 124 648 579 744 749 532 747 416 396 742 565 743 668 558 746 748 745 125 
f 63 0.010000 126 751 754 548 753 704 669 281 566 742 397 755 752 295 417 580 750 521 337 510 756 127 
f 64 0.010000 128 757 631 678 338 657 439 735 234 758 129 
f 65 0.010000 130 722 762 447 765 571 764 366 583 763 760 759 511 761 339 649 679 131 
f 66 0.010000 132 750 522 770 512 310 584 771 465 478 767 769 723 768 448 766 772 268 133 
f 67 0.010000 134 773 759 658 774 776 775 449 757 135 
f 68 0.010000 136 777 216 778 559 569 137 
f 69 0.010000 138 427 485 779 374 780 783 572 450 781 585 782 659 139 
f 70 0.010000 140 790 785 217 751 788 549 786 705 670 282 743 398 789 787 296 784 141 
f 71 0.010000 142 466 311 326 791 784 297 752 418 792 744 283 143 
f 72 0.010000 144 284 745 385 794 793 673 671 467 399 312 795 327 607 738 724 145 
f 73 0.010000 146 797 798 533 717 419 218 730 785 799 796 147 
f 74 0.010000 148 725 800 766 803 269 801 684 693 802 615 550 664 581 650 149 
f 75 0.010000 150 570 796 219 804 551 786 753 706 672 151 
f 76 0.010000 152 573 367 807 586 806 760 773 513 340 235 805 651 680 736 496 298 523 153 
f 77 0.010000 154 800 451 726 808 809 767 479 810 468 608 313 587 514 524 791 299 787 155 
f 78 0.010000 156 652 805 236 341 761 660 515 774 813 588 452 811 812 814 375 574 428 486 157 
f 79 0.010000 158 597 251 694 356 817 616 440 700 634 816 665 653 300 815 159 
f 80 0.010000 160 695 819 480 685 624 639 739 820 567 821 797 818 534 220 386 822 207 161 
f 81 0.010000 162 314 674 387 469 625 793 746 560 221 285 777 707 552 804 788 754 163 
f 82 0.010000 164 553 731 654 708 286 823 535 747 420 755 789 301 165 
f 83 0.010000 166 222 709 778 287 561 748 794 388 675 315 208 824 711 503 405 167 
f 84 0.010000 168 779 538 826 368 376 261 762 453 808 727 768 825 481 696 169 
f 85 0.010000 170 328 712 609 827 640 818 798 718 536 732 171 
f 86 0.010000 172 525 815 302 582 792 749 823 288 537 400 710 568 554 421 173 
f 87 0.010000 174 809 769 728 825 454 830 270 801 686 697 828 829 617 441 635 701 816 175 
f 88 0.010000 176 482 819 687 802 828 831 252 817 702 618 357 636 442 497 177 
f 89 0.010000 178 832 713 504 406 242 329 641 719 733 179 
f 90 0.010000 180 833 429 262 637 758 632 443 598 737 358 181 
f 91 0.010000 182 676 505 824 832 835 209 714 243 389 407 330 610 827 834 642 820 740 183 
f 92 0.010000 184 401 470 316 795 331 626 729 611 715 688 834 643 821 741 185 
f 93 0.010000 186 829 831 698 359 599 689 837 263 271 487 836 539 430 187 
f 94 0.010000 188 681 839 775 455 589 811 838 840 575 780 377 540 826 369 488 836 346 189 
f 95 0.010000 190 526 422 770 516 756 763 806 590 841 781 456 838 812 191 
f 96 0.010000 192 799 790 734 720 822 644 506 210 332 408 244 716 835 193 
f 97 0.010000 194 839 776 813 782 591 841 807 370 764 483 771 471 810 195 
f 98 0.010000 196 765 457 371 541 783 576 840 814 197 
f 99 0.010000 198 833 431 498 253 703 264 347 837 272 772 803 830 458 199 
n 0 1 -0.069552 0.891117 0.000000
n 1 1 0.428635 0.855291 0.000000
n 2 1 1.070218 0.853429 0.000000
n 3 1 0.573396 0.802519 0.000000
n 4 1 0.927634 0.053964 0.000000
n 5 1 0.543726 0.371037 0.000000
n 6 2 0.958658 1.000000 0.000000
n 7 1 1.229497 0.841028 0.000000
n 8 2 0.015283 0.000000 0.000000
n 9 1 0.010959 0.398837 0.000000
n 10 1 -0.178175 0.063343 0.000000
n 11 1 0.264601 0.300894 0.000000
n 12 1 0.151873 0.399921 0.000000
n 13 2 0.111098 0.000000 0.000000
n 14 1 0.808048 0.524030 0.000000
n 15 1 0.486572 0.901703 0.000000
n 16 1 0.513340 0.706306 0.000000
n 17 1 0.791769 0.295883 0.000000
n 18 1 0.313844 0.865121 0.000000
n 19 1 0.465508 0.393874 0.000000
n 20 1 0.089556 0.923862 0.000000
n 21 1 0.465716 0.607146 0.000000
n 22 2 0.723105 0.000000 0.000000
n 23 1 0.488224 0.431179 0.000000
n 24 2 0.220958 0.000000 0.000000
n 25 1 0.073008 0.260211 0.000000
n 26 1 0.652406 0.169884 0.000000
n 27 1 1.103070 0.397791 0.000000
n 28 1 0.431524 0.284523 0.000000
n 29 2 0.214393 0.000000 0.000000
n 30 2 0.406311 0.000000 0.000000
n 31 1 0.232269 0.246060 0.000000
n 32 1 0.471577 0.832144 0.000000
n 33 1 -0.025444 0.869820 0.000000
n 34 1 0.843596 0.632043 0.000000
n 35 1 0.355647 0.723070 0.000000
n 36 2 0.072697 1.000000 0.000000
n 37 1 0.238093 0.784502 0.000000
n 38 1 0.499136 0.498806 0.000000
n 39 1 0.882972 0.830308 0.000000
n 40 1 -0.154360 0.079050 0.000000
n 41 1 0.338179 0.018094 0.000000
n 42 1 0.975424 0.490957 0.000000
n 43 1 0.735148 0.050568 0.000000
n 44 1 0.190471 0.412691 0.000000
n 45 1 0.524910 0.049232 0.000000
n 46 1 0.330659 0.347017 0.000000
n 47 1 0.384593 0.842249 0.000000
n 48 1 -0.001117 0.559577 0.000000
n 49 1 0.457366 0.363984 0.000000
n 50 1 0.108000 0.177253 0.000000
n 51 2 0.330614 0.000000 0.000000
n 52 1 0.688058 0.427471 0.000000
n 53 1 -0.014784 0.032832 0.000000
n 54 1 0.072590 0.843522 0.000000
n 55 2 0.337943 1.000000 0.000000
n 56 1 0.531200 0.118815 0.000000
n 57 1 0.456182 0.613759 0.000000
n 58 1 0.839019 0.285365 0.000000
n 59 1 0.443909 0.584972 0.000000
n 60 1 1.063356 0.812342 0.000000
n 61 1 0.605392 0.601241 0.000000
n 62 1 0.364024 0.136201 0.000000
n 63 2 0.119763 0.000000 0.000000
n 64 1 1.029724 0.456320 0.000000
n 65 1 0.664348 0.785344 0.000000
n 66 2 0.708368 1.000000 0.000000
n 67 1 0.424816 0.654082 0.000000
n 68 1 0.606024 0.684705 0.000000
n 69 1 1.106410 0.707161 0.000000
n 70 2 0.424904 1.000000 0.000000
n 71 1 0.801033 0.909915 0.000000
n 72 2 0.354236 0.000000 0.000000
n 73 1 0.396286 0.305830 0.000000
n 74 1 0.962691 0.574865 0.000000
n 75 1 0.462707 0.531249 0.000000
n 76 1 0.470718 0.045825 0.000000
n 77 1 0.426880 0.541724 0.000000
n 78 1 1.117045 0.374957 0.000000
n 79 1 0.672056 0.139098 0.000000
n 80 1 0.104806 0.873203 0.000000
n 81 1 0.374573 0.458294 0.000000
n 82 1 0.886589 0.166425 0.000000
n 83 1 0.020247 0.647980 0.000000
n 84 1 0.451623 0.826369 0.000000
n 85 1 0.067502 0.498210 0.000000
n 86 1 0.516843 0.021856 0.000000
n 87 1 0.970086 0.243649 0.000000
n 88 1 -0.126096 0.010617 0.000000
n 89 1 0.927373 0.505340 0.000000
n 90 2 0.108093 1.000000 0.000000
n 91 1 0.131501 0.548510 0.000000
n 92 1 0.615566 0.177488 0.000000
n 93 1 0.843365 0.626329 0.000000
n 94 1 0.467452 0.241324 0.000000
n 95 2 0.863951 0.000000 0.000000
n 96 1 0.993875 0.561614 0.000000
n 97 1 0.565389 0.300678 0.000000
n 98 1 0.718898 0.729030 0.000000
n 99 1 0.220672 0.759214 0.000000
n 100 2 0.263634 1.000000 0.000000
n 101 1 0.434112 0.710222 0.000000
n 102 2 0.582195 0.000000 0.000000
n 103 1 0.741707 0.337720 0.000000
n 104 1 0.081036 0.265177 0.000000
n 105 1 0.181284 0.757975 0.000000
n 106 1 -0.063394 0.279978 0.000000
n 107 1 0.329920 0.598134 0.000000
n 108 1 0.840802 0.538358 0.000000
n 109 1 1.065694 0.099504 0.000000
n 110 1 0.883483 0.476297 0.000000
n 111 1 0.578190 0.862751 0.000000
n 112 1 0.205648 0.615564 0.000000
n 113 2 0.215686 1.000000 0.000000
n 114 2 0.891076 1.000000 0.000000
n 115 1 0.948657 0.732756 0.000000
n 116 1 0.230212 0.753938 0.000000
n 117 1 0.224579 0.255795 0.000000
n 118 2 0.867380 1.000000 0.000000
n 119 1 0.841839 0.606366 0.000000
n 120 1 0.830616 0.004498 0.000000
n 121 1 0.679418 0.477981 0.000000
n 122 1 -0.082524 0.717239 0.000000
n 123 1 0.386665 0.550873 0.000000
n 124 1 0.800405 0.523694 0.000000
n 125 1 0.447173 0.868300 0.000000
n 126 1 0.697483 0.785236 0.000000
n 127 1 0.472330 0.332759 0.000000
n 128 2 0.430613 0.000000 0.000000
n 129 1 0.880670 0.138413 0.000000
n 130 1 0.218905 0.352175 0.000000
n 131 1 0.688326 0.198220 0.000000
n 132 1 0.606540 0.535046 0.000000
n 133 1 0.134006 0.356658 0.000000
n 134 1 0.496612 0.279889 0.000000
n 135 2 0.474871 0.000000 0.000000
n 136 1 0.632197 0.744454 0.000000
n 137 2 0.459364 1.000000 0.000000
n 138 2 0.240702 0.000000 0.000000
n 139 1 0.481708 0.239311 0.000000
n 140 1 0.838521 0.933775 0.000000
n 141 1 0.494067 0.565948 0.000000
n 142 1 0.297398 0.651815 0.000000
n 143 1 0.787785 0.563122 0.000000
n 144 1 0.513088 0.902833 0.000000
n 145 1 0.180970 0.524424 0.000000
n 146 1 1.125034 0.716406 0.000000
n 147 1 0.675525 0.920726 0.000000
n 148 1 0.240226 0.337102 0.000000
n 149 1 0.826740 0.599258 0.000000
n 150 2 0.732602 1.000000 0.000000
n 151 1 0.667309 0.695883 0.000000
n 152 1 0.361496 0.259416 0.000000
n 153 1 0.859114 0.297475 0.000000
n 154 1 0.166892 0.340347 0.000000
n 155 1 0.570928 0.649819 0.000000
n 156 1 0.686250 0.329964 0.000000
n 157 1 0.294878 0.007496 0.000000
n 158 1 1.075446 0.309184 0.000000
n 159 1 0.630773 0.526142 0.000000
n 160 1 0.167015 0.427865 0.000000
n 161 1 0.031587 0.907163 0.000000
n 162 1 0.229212 0.874687 0.000000
n 163 1 0.713842 0.770788 0.000000
n 164 1 0.960982 0.591729 0.000000
n 165 1 0.469955 0.681529 0.000000
n 166 1 0.634415 0.804408 0.000000
n 167 1 0.148920 0.896660 0.000000
n 168 1 0.313408 0.043341 0.000000
n 169 1 0.192596 0.525709 0.000000
n 170 1 0.292518 0.777956 0.000000
n 171 1 0.793045 0.729535 0.000000
n 172 1 0.541525 0.378229 0.000000
n 173 1 0.812615 0.800742 0.000000
n 174 1 0.278543 0.394711 0.000000
n 175 1 0.778995 0.411295 0.000000
n 176 1 0.184073 0.500186 0.000000
n 177 1 0.779424 0.197509 0.000000
n 178 1 1.224191 0.872497 0.000000
n 179 1 0.742124 0.998240 0.000000
n 180 2 0.995026 0.000000 0.000000
n 181 1 0.725436 0.233431 0.000000
n 182 2 0.275516 1.000000 0.000000
n 183 1 0.054746 0.551520 0.000000
n 184 1 0.417365 0.717955 0.000000
n 185 1 -0.083069 0.706725 0.000000
n 186 1 0.004733 0.471762 0.000000
n 187 1 0.213887 0.023138 0.000000
n 188 1 0.644638 0.112931 0.000000
n 189 1 0.142591 0.100935 0.000000
n 190 1 0.512822 0.536227 0.000000
n 191 1 0.403848 0.041308 0.000000
n 192 1 0.722361 0.876398 0.000000
n 193 1 0.225615 0.872370 0.000000
n 194 1 0.517446 0.087616 0.000000
n 195 1 0.299425 0.531275 0.000000
n 196 1 0.272661 0.365432 0.000000
n 197 2 0.413901 0.000000 0.000000
n 198 1 0.925551 0.025683 0.000000
n 199 1 0.212464 0.443081 0.000000
n 200 0 0.177335 0.872380 0.000000
n 201 0 0.149038 0.874299 0.000000
n 202 0 0.170677 0.872792 0.000000
n 203 0 0.131972 0.875628 0.000000
n 204 0 0.113133 0.877166 0.000000
n 205 0 0.343908 0.863356 0.000000
n 206 0 0.211215 0.870590 0.000000
n 207 0 0.036359 0.883029 0.000000
n 208 0 0.298852 0.867645 0.000000
n 209 0 0.211670 0.870569 0.000000
n 210 0 0.145168 0.874590 0.000000
n 211 0 0.580640 0.802956 0.000000
n 212 0 0.877910 0.826239 0.000000
n 213 0 0.622394 0.806408 0.000000
n 214 0 0.924221 0.830543 0.000000
n 215 0 0.852847 0.825225 0.000000
n 216 0 0.593414 0.803713 0.000000
n 217 0 0.724498 0.813099 0.000000
n 218 0 0.866553 0.825779 0.000000
n 219 0 0.690442 0.811440 0.000000
n 220 0 1.042369 0.849064 0.000000
n 221 0 0.575725 0.802659 0.000000
n 222 0 0.624039 0.806551 0.000000
n 223 0 0.878326 0.092590 0.000000
n 224 0 0.726894 0.212471 0.000000
n 225 0 0.906018 0.070899 0.000000
n 226 0 0.793216 0.158893 0.000000
n 227 0 0.762919 0.184619 0.000000
n 228 0 0.795104 0.157296 0.000000
n 229 0 0.882219 0.089543 0.000000
n 230 0 0.655200 0.266137 0.000000
n 231 0 0.595669 0.318772 0.000000
n 232 0 0.693106 0.235212 0.000000
n 233 0 0.773918 0.175358 0.000000
n 234 0 0.833810 0.125286 0.000000
n 235 0 0.624411 0.289852 0.000000
n 236 0 0.631715 0.283778 0.000000
n 237 0 1.214428 0.850190 0.000000
n 238 0 1.165647 0.879457 0.000000
n 239 0 1.152685 0.887353 0.000000
n 240 0 1.111985 0.912218 0.000000
n 241 0 1.210690 0.852463 0.000000
n 242 0 1.139318 0.895469 0.000000
n 243 0 1.204602 0.856152 0.000000
n 244 0 1.175590 0.873434 0.000000
n 245 0 0.015696 0.163522 0.000000
n 246 0 0.012209 0.347825 0.000000
n 247 0 0.016135 0.055780 0.000000
n 248 0 0.012948 0.315904 0.000000
n 249 0 0.012337 0.343993 0.000000
n 250 0 0.015701 0.199162 0.000000
n 251 0 0.012451 0.340588 0.000000
n 252 0 0.011687 0.369131 0.000000
n 253 0 0.015782 0.150056 0.000000
n 254 0 0.133801 0.229499 0.000000
n 255 0 0.100467 0.213723 0.000000
n 256 0 -0.149232 0.078325 0.000000
n 257 0 -0.076550 0.115703 0.000000
n 258 0 -0.117217 0.094923 0.000000
n 259 0 0.029822 0.170719 0.000000
n 260 0 0.226290 0.281509 0.000000
n 261 0 0.249417 0.293211 0.000000
n 262 0 -0.114316 0.096445 0.000000
n 263 0 0.119596 0.222660 0.000000
n 264 0 0.031065 0.171376 0.000000
n 265 0 0.124951 0.165202 0.000000
n 266 0 0.116171 0.043883 0.000000
n 267 0 0.124715 0.163327 0.000000
n 268 0 0.149800 0.363116 0.000000
n 269 0 0.151357 0.391847 0.000000
n 270 0 0.151724 0.397597 0.000000
n 271 0 0.129576 0.198791 0.000000
n 272 0 0.147783 0.340348 0.000000
n 273 0 0.693379 0.661317 0.000000
n 274 0 0.691650 0.663456 0.000000
n 275 0 0.706841 0.644762 0.000000
n 276 0 0.561918 0.826794 0.000000
n 277 0 0.673523 0.686073 0.000000
n 278 0 0.775508 0.558154 0.000000
n 279 0 0.798705 0.533828 0.000000
n 280 0 0.633721 0.735691 0.000000
n 281 0 0.656789 0.707172 0.000000
n 282 0 0.642238 0.725134 0.000000
n 283 0 0.768201 0.566474 0.000000
n 284 0 0.500996 0.887363 0.000000
n 285 0 0.582041 0.801162 0.000000
n 286 0 0.715402 0.634140 0.000000
n 287 0 0.568687 0.818273 0.000000
n 288 0 0.710368 0.640404 0.000000
n 289 0 0.515290 0.703061 0.000000
n 290 0 0.594851 0.582635 0.000000
n 291 0 0.751850 0.357877 0.000000
n 292 0 0.619956 0.547320 0.000000
n 293 0 0.726486 0.398574 0.000000
n 294 0 0.728301 0.395694 0.000000
n 295 0 0.591865 0.587013 0.000000
n 296 0 0.556545 0.636765 0.000000
n 297 0 0.579468 0.605649 0.000000
n 298 0 0.790364 0.298066 0.000000
n 299 0 0.555320 0.638521 0.000000
n 300 0 0.637175 0.522881 0.000000
n 301 0 0.536814 0.667233 0.000000
n 302 0 0.634989 0.525989 0.000000
n 303 0 0.367195 0.695836 0.000000
n 304 0 0.319802 0.843880 0.000000
n 305 0 0.358026 0.722596 0.000000
n 306 0 0.368507 0.691967 0.000000
n 307 0 0.429617 0.511358 0.000000
n 308 0 0.352237 0.740570 0.000000
n 309 0 0.348674 0.751805 0.000000
n 310 0 0.442354 0.469666 0.000000
n 311 0 0.385755 0.633007 0.000000
n 312 0 0.359118 0.719365 0.000000
n 313 0 0.423108 0.531671 0.000000
n 314 0 0.317595 0.851391 0.000000
n 315 0 0.314083 0.864249 0.000000
n 316 0 0.360600 0.715015 0.000000
n 317 0 0.174420 0.853217 0.000000
n 318 0 0.204536 0.828647 0.000000
n 319 0 0.368801 0.694621 0.000000
n 320 0 0.141239 0.880834 0.000000
n 321 0 0.427464 0.657833 0.000000
n 322 0 0.332972 0.723239 0.000000
n 323 0 0.112045 0.905100 0.000000
n 324 0 0.292229 0.755072 0.000000
n 325 0 0.209919 0.824201 0.000000
n 326 0 0.459093 0.615922 0.000000
n 327 0 0.350216 0.709242 0.000000
n 328 0 0.266132 0.776167 0.000000
n 329 0 0.115383 0.902315 0.000000
n 330 0 0.194938 0.836537 0.000000
n 331 0 0.343780 0.714430 0.000000
n 332 0 0.148887 0.874426 0.000000
n 333 0 0.672305 0.095689 0.000000
n 334 0 0.621726 0.190828 0.000000
n 335 0 0.651616 0.132103 0.000000
n 336 0 0.648461 0.137892 0.000000
n 337 0 0.498579 0.411653 0.000000
n 338 0 0.681783 0.078497 0.000000
n 339 0 0.599208 0.227980 0.000000
n 340 0 0.567266 0.282141 0.000000
n 341 0 0.588134 0.245621 0.000000
n 342 0 0.218157 0.004910 0.000000
n 343 0 0.201986 0.033349 0.000000
n 344 0 0.127009 0.161416 0.000000
n 345 0 0.196619 0.042554 0.000000
n 346 0 0.162238 0.101163 0.000000
n 347 0 0.079054 0.249975 0.000000
n 348 0 0.858232 0.272471 0.000000
n 349 0 0.816916 0.253131 0.000000
n 350 0 0.931022 0.306819 0.000000
n 351 0 0.907117 0.295319 0.000000
n 352 0 0.672096 0.181141 0.000000
n 353 0 1.023468 0.353877 0.000000
n 354 0 0.953392 0.317980 0.000000
n 355 0 0.756294 0.226205 0.000000
n 356 0 1.005043 0.344113 0.000000
n 357 0 0.930918 0.306768 0.000000
n 358 0 0.741910 0.219641 0.000000
n 359 0 1.051233 0.369194 0.000000
n 360 0 0.314626 0.134330 0.000000
n 361 0 0.236751 0.029045 0.000000
n 362 0 0.373894 0.209589 0.000000
n 363 0 0.257868 0.057784 0.000000
n 364 0 0.282696 0.090727 0.000000
n 365 0 0.384471 0.223184 0.000000
n 366 0 0.427999 0.279852 0.000000
n 367 0 0.416157 0.264170 0.000000
n 368 0 0.295835 0.108493 0.000000
n 369 0 0.292512 0.103974 0.000000
n 370 0 0.422336 0.272349 0.000000
n 371 0 0.343922 0.172664 0.000000
n 372 0 0.327304 0.116012 0.000000
n 373 0 0.363029 0.064701 0.000000
n 374 0 0.339611 0.098423 0.000000
n 375 0 0.364032 0.063236 0.000000
n 376 0 0.270363 0.194379 0.000000
n 377 0 0.334947 0.105144 0.000000
n 378 0 0.186328 0.852302 0.000000
n 379 0 0.384114 0.837117 0.000000
n 380 0 0.103700 0.860196 0.000000
n 381 0 0.113524 0.859021 0.000000
n 382 0 0.113673 0.859003 0.000000
n 383 0 0.357112 0.839460 0.000000
n 384 0 0.210634 0.850496 0.000000
n 385 0 0.460422 0.832005 0.000000
n 386 0 0.039952 0.864947 0.000000
n 387 0 0.367794 0.838476 0.000000
n 388 0 0.458073 0.831975 0.000000
n 389 0 0.202142 0.851163 0.000000
n 390 0 0.689984 0.662014 0.000000
n 391 0 0.371129 0.720022 0.000000
n 392 0 0.728416 0.654373 0.000000
n 393 0 0.828081 0.635069 0.000000
n 394 0 0.464737 0.710638 0.000000
n 395 0 0.745082 0.651253 0.000000
n 396 0 0.656522 0.669065 0.000000
n 397 0 0.638721 0.672883 0.000000
n 398 0 0.600551 0.680620 0.000000
n 399 0 0.361393 0.721926 0.000000
n 400 0 0.720058 0.655959 0.000000
n 401 0 0.391354 0.716527 0.000000
n 402 0 0.157566 0.890173 0.000000
n 403 0 0.110958 0.952261 0.000000
n 404 0 0.209849 0.821657 0.000000
n 405 0 0.153288 0.895765 0.000000
n 406 0 0.157380 0.890419 0.000000
n 407 0 0.196339 0.839361 0.000000
n 408 0 0.170061 0.873607 0.000000
n 409 0 0.527883 0.524709 0.000000
n 410 0 0.632878 0.613001 0.000000
n 411 0 0.744808 0.709682 0.000000
n 412 0 0.718848 0.687194 0.000000
n 413 0 0.545510 0.540171 0.000000
n 414 0 0.717074 0.685656 0.000000
n 415 0 0.851094 0.804399 0.000000
n 416 0 0.675359 0.649434 0.000000
n 417 0 0.584992 0.574367 0.000000
n 418 0 0.614078 0.598226 0.000000
n 419 0 0.873021 0.822309 0.000000
n 420 0 0.667179 0.642502 0.000000
n 421 0 0.764909 0.726733 0.000000
n 422 0 0.506364 0.505319 0.000000
n 423 0 0.304647 0.021986 0.000000
n 424 0 -0.036030 0.062514 0.000000
n 425 0 0.184079 0.035379 0.000000
n 426 0 -0.119407 0.074107 0.000000
n 427 0 0.266892 0.025552 0.000000
n 428 0 0.311708 0.021167 0.000000
n 429 0 -0.082501 0.069621 0.000000
n 430 0 0.209358 0.032411 0.000000
n 431 0 -0.045283 0.064090 0.000000
n 432 0 0.834793 0.230604 0.000000
n 433 0 0.826683 0.216469 0.000000
n 434 0 0.791300 0.155576 0.000000
n 435 0 0.915392 0.376738 0.000000
n 436 0 0.747779 0.075381 0.000000
n 437 0 0.918329 0.382296 0.000000
n 438 0 0.784026 0.142897 0.000000
n 439 0 0.763254 0.105780 0.000000
n 440 0 0.919173 0.383895 0.000000
n 441 0 0.930758 0.405945 0.000000
n 442 0 0.840833 0.241161 0.000000
n 443 0 0.799311 0.169449 0.000000
n 444 0 0.381419 0.201427 0.000000
n 445 0 0.463902 0.112452 0.000000
n 446 0 0.229914 0.372738 0.000000
n 447 0 0.261173 0.339266 0.000000
n 448 0 0.214210 0.389537 0.000000
n 449 0 0.483599 0.091899 0.000000
n 450 0 0.412042 0.168063 0.000000
n 451 0 0.220435 0.383050 0.000000
n 452 0 0.448310 0.129528 0.000000
n 453 0 0.235925 0.366274 0.000000
n 454 0 0.206737 0.397095 0.000000
n 455 0 0.469286 0.106681 0.000000
n 456 0 0.427979 0.151364 0.000000
n 457 0 0.300793 0.297749 0.000000
n 458 0 0.192803 0.410454 0.000000
n 459 0 0.338843 0.416063 0.000000
n 460 0 0.351044 0.497632 0.000000
n 461 0 0.375795 0.760673 0.000000
n 462 0 0.374456 0.749311 0.000000
n 463 0 0.380546 0.801039 0.000000
n 464 0 0.355109 0.560036 0.000000
n 465 0 0.340954 0.433868 0.000000
n 466 0 0.360871 0.638304 0.000000
n 467 0 0.372658 0.734301 0.000000
n 468 0 0.347204 0.474322 0.000000
n 469 0 0.383903 0.834847 0.000000
n 470 0 0.370684 0.715393 0.000000
n 471 0 0.341646 0.439374 0.000000
n 472 0 0.441852 0.370767 0.000000
n 473 0 0.001104 0.558805 0.000000
n 474 0 0.101875 0.523791 0.000000
n 475 0 0.128415 0.508393 0.000000
n 476 0 0.181174 0.484815 0.000000
n 477 0 0.229033 0.465521 0.000000
n 478 0 0.317503 0.426171 0.000000
n 479 0 0.293328 0.437800 0.000000
n 480 0 0.142389 0.501094 0.000000
n 481 0 0.208516 0.474566 0.000000
n 482 0 0.169715 0.489110 0.000000
n 483 0 0.357139 0.407807 0.000000
n 484 0 0.243691 0.069150 0.000000
n 485 0 0.280814 0.039808 0.000000
n 486 0 0.308763 0.018774 0.000000
n 487 0 0.157589 0.136240 0.000000
n 488 0 0.201945 0.102044 0.000000
n 489 0 0.707952 0.395356 0.000000
n 490 0 0.840143 0.223399 0.000000
n 491 0 0.864649 0.189330 0.000000
n 492 0 0.890092 0.158188 0.000000
n 493 0 0.716306 0.381872 0.000000
n 494 0 0.712690 0.387679 0.000000
n 495 0 0.694140 0.417653 0.000000
n 496 0 0.773871 0.298790 0.000000
n 497 0 0.831728 0.234689 0.000000
n 498 0 0.958875 0.069633 0.000000
n 499 0 0.110545 0.863865 0.000000
n 500 0 0.113478 0.865434 0.000000
n 501 0 0.283860 0.966476 0.000000
n 502 0 0.213284 0.923397 0.000000
n 503 0 0.163525 0.893667 0.000000
n 504 0 0.157793 0.890305 0.000000
n 505 0 0.248687 0.944949 0.000000
n 506 0 0.131302 0.875256 0.000000
n 507 0 0.463316 0.571265 0.000000
n 508 0 0.469540 0.531998 0.000000
n 509 0 0.512923 0.215135 0.000000
n 510 0 0.491521 0.388951 0.000000
n 511 0 0.507472 0.255706 0.000000
n 512 0 0.476332 0.486668 0.000000
n 513 0 0.504440 0.274587 0.000000
n 514 0 0.463547 0.569887 0.000000
n 515 0 0.518187 0.187394 0.000000
n 516 0 0.487287 0.415014 0.000000
n 517 0 0.511311 0.536576 0.000000
n 518 0 0.718697 0.385686 0.000000
n 519 0 0.715104 0.388890 0.000000
n 520 0 0.697204 0.405095 0.000000
n 521 0 0.550402 0.508016 0.000000
n 522 0 0.544403 0.512438 0.000000
n 523 0 0.824099 0.297776 0.000000
n 524 0 0.464332 0.570547 0.000000
n 525 0 0.601050 0.472368 0.000000
n 526 0 0.512688 0.535584 0.000000
n 527 0 0.780847 0.677486 0.000000
n 528 0 0.809556 0.690108 0.000000
n 529 0 0.738713 0.659000 0.000000
n 530 0 0.944066 0.748777 0.000000
n 531 0 0.847740 0.707200 0.000000
n 532 0 0.687899 0.636542 0.000000
n 533 0 0.985848 0.769262 0.000000
n 534 0 1.051326 0.805656 0.000000
n 535 0 0.691750 0.638209 0.000000
n 536 0 0.922885 0.738804 0.000000
n 537 0 0.715464 0.648568 0.000000
n 538 0 0.298277 0.099479 0.000000
n 539 0 0.202723 0.045992 0.000000
n 540 0 0.306868 0.104352 0.000000
n 541 0 0.359441 0.133681 0.000000
n 542 0 0.768273 0.688686 0.000000
n 543 0 0.895911 0.571779 0.000000
n 544 0 0.986608 0.491327 0.000000
n 545 0 0.841180 0.622431 0.000000
n 546 0 0.941287 0.528821 0.000000
n 547 0 0.843052 0.620653 0.000000
n 548 0 0.686081 0.764116 0.000000
n 549 0 0.681899 0.768151 0.000000
n 550 0 0.969348 0.505341 0.000000
n 551 0 0.681526 0.768512 0.000000
n 552 0 0.666912 0.782831 0.000000
n 553 0 0.852568 0.611647 0.000000
n 554 0 0.750554 0.704463 0.000000
n 555 0 0.662538 0.943428 0.000000
n 556 0 0.496292 0.749002 0.000000
n 557 0 0.584460 0.854759 0.000000
n 558 0 0.536657 0.795175 0.000000
n 559 0 0.571293 0.837355 0.000000
n 560 0 0.547458 0.809108 0.000000
n 561 0 0.556900 0.820859 0.000000
n 562 0 0.715906 0.687123 0.000000
n 563 0 0.847034 0.691515 0.000000
n 564 0 0.946712 0.706160 0.000000
n 565 0 0.640848 0.685446 0.000000
n 566 0 0.645456 0.685545 0.000000
n 567 0 1.085652 0.707031 0.000000
n 568 0 0.740042 0.687724 0.000000
n 569 0 0.466275 0.990477 0.000000
n 570 0 0.718762 0.929823 0.000000
n 571 0 0.394200 0.291280 0.000000
n 572 0 0.370964 0.129272 0.000000
n 573 0 0.389986 0.261894 0.000000
n 574 0 0.362708 0.062165 0.000000
n 575 0 0.368137 0.105787 0.000000
n 576 0 0.368889 0.112076 0.000000
n 577 0 0.810927 0.564008 0.000000
n 578 0 0.814591 0.564540 0.000000
n 579 0 0.763441 0.556633 0.000000
n 580 0 0.568312 0.542287 0.000000
n 581 0 0.871323 0.570642 0.000000
n 582 0 0.650661 0.549803 0.000000
n 583 0 0.447079 0.274386 0.000000
n 584 0 0.432732 0.466069 0.000000
n 585 0 0.453117 0.208746 0.000000
n 586 0 0.447675 0.267896 0.000000
n 587 0 0.427445 0.535451 0.000000
n 588 0 0.461268 0.139730 0.000000
n 589 0 0.464505 0.106557 0.000000
n 590 0 0.449190 0.251986 0.000000
n 591 0 0.452781 0.212202 0.000000
n 592 0 0.917915 0.263860 0.000000
n 593 0 0.902294 0.255687 0.000000
n 594 0 1.100285 0.365886 0.000000
n 595 0 0.967696 0.290673 0.000000
n 596 0 0.769849 0.188091 0.000000
n 597 0 1.036541 0.328578 0.000000
n 598 0 0.775709 0.191061 0.000000
n 599 0 1.062409 0.345386 0.000000
n 600 0 0.249208 0.648963 0.000000
n 601 0 0.113680 0.858766 0.000000
n 602 0 0.180287 0.752830 0.000000
n 603 0 0.295753 0.573165 0.000000
n 604 0 0.206192 0.713677 0.000000
n 605 0 0.231857 0.676346 0.000000
n 606 0 0.292101 0.579120 0.000000
n 607 0 0.269366 0.618290 0.000000
n 608 0 0.360195 0.482333 0.000000
n 609 0 0.170007 0.769456 0.000000
n 610 0 0.164803 0.777871 0.000000
n 611 0 0.208288 0.710567 0.000000
n 612 0 0.898081 0.206482 0.000000
n 613 0 0.892193 0.185959 0.000000
n 614 0 0.940681 0.341065 0.000000
n 615 0 0.987371 0.494826 0.000000
n 616 0 0.948768 0.369937 0.000000
n 617 0 0.958549 0.404775 0.000000
n 618 0 0.931032 0.306854 0.000000
n 619 0 0.363617 0.750375 0.000000
n 620 0 0.395104 0.776799 0.000000
n 621 0 0.140754 0.553007 0.000000
n 622 0 0.230993 0.633955 0.000000
n 623 0 0.206213 0.612197 0.000000
n 624 0 0.132570 0.546635 0.000000
n 625 0 0.445448 0.820953 0.000000
n 626 0 0.322263 0.713866 0.000000
n 627 0 0.894134 0.204445 0.000000
n 628 0 0.693850 0.107014 0.000000
n 629 0 0.615688 0.066315 0.000000
n 630 0 0.781355 0.151066 0.000000
n 631 0 0.563489 0.042837 0.000000
n 632 0 0.806801 0.162598 0.000000
n 633 0 0.916277 0.386051 0.000000
n 634 0 0.916204 0.385285 0.000000
n 635 0 0.918176 0.406466 0.000000
n 636 0 0.906372 0.288612 0.000000
n 637 0 0.883158 0.098522 0.000000
n 638 0 0.125226 0.640412 0.000000
n 639 0 0.131215 0.552696 0.000000
n 640 0 0.117718 0.765663 0.000000
n 641 0 0.112080 0.903248 0.000000
n 642 0 0.122437 0.690517 0.000000
n 643 0 0.121355 0.708945 0.000000
n 644 0 0.113165 0.876183 0.000000
n 645 0 0.723172 0.392992 0.000000
n 646 0 0.812321 0.567140 0.000000
n 647 0 0.706214 0.366072 0.000000
n 648 0 0.795900 0.527708 0.000000
n 649 0 0.634133 0.217695 0.000000
n 650 0 0.827368 0.598855 0.000000
n 651 0 0.667912 0.294385 0.000000
n 652 0 0.682877 0.327109 0.000000
n 653 0 0.758106 0.462714 0.000000
n 654 0 0.836775 0.614575 0.000000
n 655 0 0.646996 0.134930 0.000000
n 656 0 0.823332 0.026074 0.000000
n 657 0 0.719915 0.091229 0.000000
n 658 0 0.491381 0.227691 0.000000
n 659 0 0.477985 0.235324 0.000000
n 660 0 0.535490 0.202369 0.000000
n 661 0 0.865611 0.482299 0.000000
n 662 0 0.875521 0.487422 0.000000
n 663 0 0.702477 0.382596 0.000000
n 664 0 0.936039 0.525548 0.000000
n 665 0 0.800401 0.441636 0.000000
n 666 0 0.413967 0.744868 0.000000
n 667 0 0.680648 0.731992 0.000000
n 668 0 0.588623 0.739279 0.000000
n 669 0 0.670006 0.732811 0.000000
n 670 0 0.650726 0.734318 0.000000
n 671 0 0.385750 0.748127 0.000000
n 672 0 0.674386 0.732477 0.000000
n 673 0 0.402094 0.765285 0.000000
n 674 0 0.356086 0.841246 0.000000
n 675 0 0.348201 0.855351 0.000000
n 676 0 0.270247 0.989082 0.000000
n 677 0 0.725034 0.304083 0.000000
n 678 0 0.610213 0.055092 0.000000
n 679 0 0.679971 0.201223 0.000000
n 680 0 0.722021 0.298005 0.000000
n 681 0 0.636505 0.112581 0.000000
n 682 0 0.114051 0.428512 0.000000
n 683 0 0.155273 0.629234 0.000000
n 684 0 0.111989 0.417644 0.000000
n 685 0 0.135338 0.533312 0.000000
n 686 0 0.108123 0.400068 0.000000
n 687 0 0.117605 0.449843 0.000000
n 688 0 0.171886 0.709470 0.000000
n 689 0 0.086516 0.293846 0.000000
n 690 0 -0.037693 0.301680 0.000000
n 691 0 0.226980 0.523688 0.000000
n 692 0 0.299774 0.576104 0.000000
n 693 0 0.105774 0.421606 0.000000
n 694 0 0.009855 0.341829 0.000000
n 695 0 0.155087 0.462229 0.000000
n 696 0 0.199965 0.502037 0.000000
n 697 0 0.080239 0.401776 0.000000
n 698 0 0.048014 0.376120 0.000000
n 699 0 0.843616 0.532001 0.000000
n 700 0 0.916866 0.384975 0.000000
n 701 0 0.904838 0.406827 0.000000
n 702 0 0.951102 0.322159 0.000000
n 703 0 1.030155 0.170059 0.000000
n 704 0 0.673857 0.740363 0.000000
n 705 0 0.665657 0.750587 0.000000
n 706 0 0.675514 0.738314 0.000000
n 707 0 0.635456 0.789486 0.000000
n 708 0 0.764990 0.626502 0.000000
n 709 0 0.621949 0.806982 0.000000
n 710 0 0.729163 0.670603 0.000000
n 711 0 0.211618 0.883805 0.000000
n 712 0 0.207267 0.772174 0.000000
n 713 0 0.211376 0.875872 0.000000
n 714 0 0.211184 0.869579 0.000000
n 715 0 0.206174 0.710473 0.000000
n 716 0 0.211278 0.872663 0.000000
n 717 0 0.932115 0.793330 0.000000
n 718 0 0.946172 0.741430 0.000000
n 719 0 0.897114 0.953338 0.000000
n 720 0 0.915885 0.872848 0.000000
n 721 0 0.230952 0.603842 0.000000
n 722 0 0.230268 0.348661 0.000000
n 723 0 0.229506 0.395321 0.000000
n 724 0 0.230640 0.577693 0.000000
n 725 0 0.230415 0.343498 0.000000
n 726 0 0.229614 0.390180 0.000000
n 727 0 0.229601 0.390821 0.000000
n 728 0 0.229484 0.396413 0.000000
n 729 0 0.231106 0.711793 0.000000
n 730 0 0.853468 0.832877 0.000000
n 731 0 0.842445 0.613506 0.000000
n 732 0 0.849397 0.733558 0.000000
n 733 0 0.861062 0.963782 0.000000
n 734 0 0.856114 0.874511 0.000000
n 735 0 0.793586 0.114182 0.000000
n 736 0 0.726993 0.298307 0.000000
n 737 0 0.765907 0.199553 0.000000
n 738 0 0.248910 0.597287 0.000000
n 739 0 0.102574 0.648772 0.000000
n 740 0 0.102175 0.648918 0.000000
n 741 0 -0.055358 0.706944 0.000000
n 742 0 0.643791 0.682390 0.000000
n 743 0 0.622698 0.704123 0.000000
n 744 0 0.750337 0.569531 0.000000
n 745 0 0.471811 0.850023 0.000000
n 746 0 0.516357 0.814554 0.000000
n 747 0 0.685165 0.639341 0.000000
n 748 0 0.498991 0.829862 0.000000
n 749 0 0.700141 0.624048 0.000000
n 750 0 0.554540 0.516126 0.000000
n 751 0 0.696317 0.783064 0.000000
n 752 0 0.599833 0.601184 0.000000
n 753 0 0.677170 0.746865 0.000000
n 754 0 0.692662 0.776262 0.000000
n 755 0 0.626139 0.650014 0.000000
n 756 0 0.479534 0.353852 0.000000
n 757 0 0.476533 0.013869 0.000000
n 758 0 0.845026 0.128428 0.000000
n 759 0 0.495041 0.259402 0.000000
n 760 0 0.462501 0.269744 0.000000
n 761 0 0.575508 0.234360 0.000000
n 762 0 0.241214 0.345275 0.000000
n 763 0 0.453664 0.272469 0.000000
n 764 0 0.416560 0.283564 0.000000
n 765 0 0.286560 0.331993 0.000000
n 766 0 0.179314 0.375307 0.000000
n 767 0 0.242704 0.400299 0.000000
n 768 0 0.228508 0.394943 0.000000
n 769 0 0.232146 0.396321 0.000000
n 770 0 0.504545 0.497692 0.000000
n 771 0 0.343819 0.434822 0.000000
n 772 0 0.167649 0.370414 0.000000
n 773 0 0.496118 0.273450 0.000000
n 774 0 0.488493 0.161980 0.000000
n 775 0 0.484333 0.107134 0.000000
n 776 0 0.487566 0.147225 0.000000
n 777 0 0.597525 0.797432 0.000000
n 778 0 0.586497 0.814125 0.000000
n 779 0 0.307377 0.065715 0.000000
n 780 0 0.346632 0.105370 0.000000
n 781 0 0.436090 0.192086 0.000000
n 782 0 0.454031 0.209672 0.000000
n 783 0 0.364275 0.122816 0.000000
n 784 0 0.535839 0.613295 0.000000
n 785 0 0.775078 0.869098 0.000000
n 786 0 0.681322 0.767543 0.000000
n 787 0 0.564597 0.645236 0.000000
n 788 0 0.690316 0.776868 0.000000
n 789 0 0.578157 0.658393 0.000000
n 790 0 0.779934 0.874049 0.000000
n 791 0 0.525146 0.614259 0.000000
n 792 0 0.675072 0.586490 0.000000
n 793 0 0.451260 0.820148 0.000000
n 794 0 0.460217 0.831719 0.000000
n 795 0 0.355116 0.714819 0.000000
n 796 0 0.707999 0.903787 0.000000
n 797 0 1.079924 0.733488 0.000000
n 798 0 1.026712 0.753639 0.000000
n 799 0 0.763748 0.874709 0.000000
n 800 0 0.197635 0.364866 0.000000
n 801 0 0.141541 0.397953 0.000000
n 802 0 0.092494 0.429937 0.000000
n 803 0 0.173042 0.378905 0.000000
n 804 0 0.683707 0.778584 0.000000
n 805 0 0.640671 0.291370 0.000000
n 806 0 0.452765 0.268551 0.000000
n 807 0 0.426071 0.265210 0.000000
n 808 0 0.229743 0.390280 0.000000
n 809 0 0.237296 0.396142 0.000000
n 810 0 0.330331 0.464002 0.000000
n 811 0 0.418495 0.106258 0.000000
n 812 0 0.417999 0.105870 0.000000
n 813 0 0.482442 0.156935 0.000000
n 814 0 0.382837 0.078398 0.000000
n 815 0 0.634009 0.524494 0.000000
n 816 0 0.866644 0.408183 0.000000
n 817 0 0.989184 0.351648 0.000000
n 818 0 0.069330 0.761401 0.000000
n 819 0 0.150817 0.474533 0.000000
n 820 0 0.102398 0.649375 0.000000
n 821 0 0.085404 0.708056 0.000000
n 822 0 0.037063 0.879472 0.000000
n 823 0 0.707326 0.635543 0.000000
n 824 0 0.217564 0.882646 0.000000
n 825 0 0.228105 0.396460 0.000000
n 826 0 0.297030 0.104090 0.000000
n 827 0 0.160214 0.768854 0.000000
n 828 0 0.054489 0.403399 0.000000
n 829 0 0.034922 0.404729 0.000000
n 830 0 0.184735 0.397066 0.000000
n 831 0 1.040208 0.392992 0.000000
n 832 0 1.213943 0.875195 0.000000
n 833 0 0.942320 0.047765 0.000000
n 834 0 0.131437 0.709107 0.000000
n 835 0 0.212686 0.872635 0.000000
n 836 0 0.175391 0.101315 0.000000
n 837 0 0.096774 0.272109 0.000000
n 838 0 0.418083 0.106255 0.000000
n 839 0 0.507712 0.107034 0.000000
n 840 0 0.371521 0.105850 0.000000
n 841 0 0.444468 0.229478 0.000000
