b 940 100 1.000000 1.000000 0.000000 1 0 0
f 0 0.010000 0 215 216 209 208 210 212 218 219 214 211 213 202 205 200 204 203 201 206 207 217 1 
f 1 0.010000 2 223 243 230 229 224 237 241 235 239 220 226 225 238 244 231 227 221 228 242 232 234 240 222 233 236 3 
f 2 0.010000 4 256 253 260 251 249 252 255 254 250 258 247 257 220 261 246 248 259 245 5 
f 3 0.010000 6 265 266 262 263 268 267 264 7 
f 4 0.010000 8 278 279 277 281 272 271 276 280 270 275 269 273 274 9 
f 5 0.010000 10 295 297 293 289 284 298 285 290 292 283 299 291 288 296 287 294 286 282 11 
f 6 0.010000 12 308 245 310 306 305 303 304 301 300 302 200 307 309 13 
f 7 0.010000 14 320 319 328 315 316 311 318 330 325 314 246 327 331 326 323 317 313 329 312 322 321 324 15 
f 8 0.010000 16 337 333 336 332 334 262 335 17 
f 9 0.010000 18 338 349 352 351 348 247 339 350 340 343 221 341 311 353 344 346 347 345 342 19 
f 10 0.010000 20 364 354 365 357 366 358 363 362 369 368 361 367 370 359 356 360 201 355 21 
f 11 0.010000 22 374 378 373 282 385 386 388 382 383 375 380 379 269 381 371 387 372 384 376 377 23 
f 12 0.010000 24 394 396 222 395 401 397 354 402 391 404 399 283 400 390 389 393 398 392 403 25 
f 13 0.010000 26 409 408 407 405 406 27 
f 14 0.010000 28 420 417 413 414 418 415 338 421 419 412 416 411 410 29 
f 15 0.010000 30 436 428 434 432 439 437 427 426 424 422 300 423 425 202 433 429 435 430 431 438 31 
f 16 0.010000 32 405 440 444 445 441 443 442 33 
f 17 0.010000 34 451 450 447 449 446 448 263 35 
f 18 0.010000 36 406 460 461 457 459 284 462 456 454 458 452 389 453 455 37 
f 19 0.010000 38 463 471 467 466 464 469 468 472 470 465 39 
f 20 0.010000 40 474 476 479 478 480 473 475 477 463 41 
f 21 0.010000 42 485 495 312 493 483 482 487 494 223 490 488 481 489 491 486 484 492 270 371 43 
f 22 0.010000 44 502 507 224 504 499 313 508 503 505 506 497 501 496 498 301 422 203 355 500 45 
f 23 0.010000 46 511 509 516 510 513 517 464 410 372 512 271 514 515 47 
f 24 0.010000 48 520 519 473 523 521 518 522 509 49 
f 25 0.010000 50 534 446 332 530 528 535 526 536 527 529 533 525 339 531 532 524 225 537 51 
f 26 0.010000 52 340 542 524 226 546 314 248 543 540 545 541 538 496 539 423 302 204 544 53 
f 27 0.010000 54 249 547 552 548 549 551 333 447 550 55 
f 28 0.010000 56 440 554 563 561 558 564 555 557 356 556 424 553 303 538 559 497 562 560 565 57 
f 29 0.010000 58 573 570 581 571 575 576 569 572 580 567 568 577 574 452 390 579 578 566 59 
f 30 0.010000 60 584 587 596 594 595 589 592 588 582 583 453 593 590 566 591 586 585 61 
f 31 0.010000 62 474 264 598 597 63 
f 32 0.010000 64 614 601 227 341 599 315 612 604 606 605 607 608 357 600 613 609 610 285 603 454 611 602 567 65 
f 33 0.010000 66 616 619 615 553 304 498 539 425 205 618 617 67 
f 34 0.010000 68 624 621 620 622 623 69 
f 35 0.010000 70 640 637 627 628 638 633 641 639 636 632 625 635 286 373 626 630 634 629 631 71 
f 36 0.010000 72 481 648 651 649 643 644 646 652 650 645 625 287 647 642 374 73 
f 37 0.010000 74 658 250 660 525 659 228 599 316 661 654 656 657 655 342 358 662 653 75 
f 38 0.010000 76 667 407 663 669 554 668 653 666 670 600 665 391 664 77 
f 39 0.010000 78 547 251 676 526 675 672 671 674 673 375 79 
f 40 0.010000 80 685 663 683 679 687 555 678 359 677 426 615 305 680 686 540 684 688 681 317 499 682 229 81 
f 41 0.010000 82 465 689 690 334 448 692 597 691 83 
f 42 0.010000 84 696 693 697 518 695 698 466 411 694 376 85 
f 43 0.010000 86 706 519 475 467 700 412 377 272 705 701 702 699 703 704 230 87 
f 44 0.010000 88 711 713 642 378 626 709 708 710 527 252 714 712 715 707 413 89 
f 45 0.010000 90 510 724 719 468 718 716 273 379 643 723 720 627 582 721 717 392 722 91 
f 46 0.010000 92 500 206 360 556 677 427 728 725 727 726 729 318 231 601 343 93 
f 47 0.010000 94 737 732 469 731 716 274 380 644 733 736 628 455 583 734 393 730 735 568 602 95 
f 48 0.010000 96 265 689 528 253 548 741 739 707 414 740 742 738 97 
f 49 0.010000 98 747 746 743 752 748 744 749 569 745 751 750 456 603 99 
f 50 0.010000 100 557 678 762 756 361 758 428 754 759 344 654 604 319 232 757 394 753 629 755 708 761 760 671 101 
f 51 0.010000 102 207 774 679 558 768 770 771 362 763 345 655 767 764 765 605 769 395 233 766 630 709 772 773 103 
f 52 0.010000 104 775 620 776 777 476 693 511 105 
f 53 0.010000 106 672 782 783 710 779 631 753 396 780 234 320 606 656 346 778 763 363 781 107 
f 54 0.010000 108 482 789 321 788 785 208 784 790 787 791 786 743 570 109 
f 55 0.010000 110 288 711 664 794 364 397 607 792 764 657 347 778 798 754 800 795 797 725 616 799 306 680 541 559 501 796 793 111 
f 56 0.010000 112 209 805 801 804 803 744 802 571 113 
f 57 0.010000 114 807 815 814 806 784 813 801 812 572 745 289 810 457 811 809 808 441 115 
f 58 0.010000 116 573 746 817 823 818 821 822 806 210 816 819 322 820 483 117 
f 59 0.010000 118 828 826 717 398 730 574 458 290 825 824 827 665 365 608 792 765 119 
f 60 0.010000 120 832 829 775 621 834 738 833 415 830 831 121 
f 61 0.010000 122 718 731 381 275 839 484 836 835 837 699 838 502 840 123 
f 62 0.010000 124 429 211 793 485 560 844 503 845 681 323 843 235 841 348 842 658 254 125 
f 63 0.010000 126 584 324 847 785 816 212 849 850 807 430 846 848 747 127 
f 64 0.010000 128 852 382 858 857 645 632 853 585 291 856 399 824 609 442 851 808 855 854 129 
f 65 0.010000 130 470 860 673 383 646 861 633 865 864 586 863 400 292 825 610 859 809 862 131 
f 66 0.010000 132 835 866 276 512 384 694 416 700 471 477 520 868 776 622 829 867 133 
f 67 0.010000 134 870 869 417 739 872 712 871 255 529 779 755 634 766 236 401 135 
f 68 0.010000 136 767 366 874 666 443 851 859 873 459 810 293 137 
f 69 0.010000 138 478 521 695 513 878 732 719 472 860 674 852 877 876 385 635 294 647 875 713 794 402 139 
f 70 0.010000 140 879 869 880 549 256 530 690 266 335 881 141 
f 71 0.010000 142 870 879 740 418 830 349 882 883 277 701 884 514 866 836 486 143 
f 72 0.010000 144 307 887 617 885 846 431 888 817 786 889 748 802 575 295 460 886 145 
f 73 0.010000 146 587 894 487 682 504 237 892 841 890 257 531 350 659 891 893 147 
f 74 0.010000 148 896 488 895 899 720 897 733 861 900 898 636 853 296 875 149 
f 75 0.010000 150 667 408 683 561 768 756 367 432 901 902 795 726 325 903 238 542 532 151 
f 76 0.010000 152 885 905 433 213 796 562 906 505 684 907 326 904 239 890 153 
f 77 0.010000 154 769 240 780 757 909 891 533 660 258 842 351 908 278 882 910 419 155 
f 78 0.010000 156 911 913 892 241 843 904 915 327 543 259 308 727 797 914 901 434 758 368 770 912 157 
f 79 0.010000 158 883 279 702 515 837 489 648 895 916 637 588 721 734 159 
f 80 0.010000 160 917 490 896 703 838 911 908 352 871 714 161 
f 81 0.010000 162 696 918 267 598 691 550 919 163 
f 82 0.010000 164 922 920 818 921 787 803 749 576 297 461 886 854 444 165 
f 83 0.010000 166 847 788 819 923 924 214 435 905 618 887 309 544 167 
f 84 0.010000 168 831 715 872 741 420 880 551 336 449 534 692 268 918 169 
f 85 0.010000 170 927 589 926 925 826 403 722 735 577 611 750 462 298 873 811 862 855 445 668 171 
f 86 0.010000 172 685 669 563 912 781 771 369 436 798 759 353 661 612 328 242 909 893 173 
f 87 0.010000 174 662 874 670 613 827 404 856 299 863 928 578 590 930 638 736 897 723 649 929 491 175 
f 88 0.010000 176 552 260 535 675 782 760 931 772 876 386 857 650 898 639 864 591 928 579 177 
f 89 0.010000 178 804 812 215 933 925 932 592 640 916 899 651 929 839 492 280 387 179 
f 90 0.010000 180 676 536 783 761 931 773 877 388 858 652 900 641 865 930 593 181 
f 91 0.010000 182 932 926 934 594 935 894 789 820 493 329 936 844 906 506 545 686 310 799 619 728 437 183 
f 92 0.010000 184 867 832 623 777 479 697 522 516 881 185 
f 93 0.010000 186 917 927 595 934 937 216 805 813 790 938 821 920 939 888 438 848 187 
f 94 0.010000 188 913 840 507 704 243 494 935 596 937 933 828 580 751 189 
f 95 0.010000 190 919 450 337 742 833 421 910 281 705 884 191 
f 96 0.010000 192 330 729 800 902 914 439 370 762 564 687 774 217 409 193 
f 97 0.010000 194 581 752 889 791 921 938 822 814 849 218 923 195 
f 98 0.010000 196 451 624 834 868 706 480 523 698 517 878 737 724 197 
f 99 0.010000 198 614 244 903 537 546 261 915 331 907 688 845 508 936 565 495 924 219 850 815 922 939 823 199 
n 0 1 0.330941 0.193728 0.000000
n 1 1 -0.161582 0.125841 0.000000
n 2 1 1.241397 0.376795 0.000000
n 3 1 0.748055 0.457994 0.000000
n 4 1 0.907967 0.789188 0.000000
n 5 1 0.957392 0.292694 0.000000
n 6 1 0.769671 0.703522 0.000000
n 7 2 0.854120 1.000000 0.000000
n 8 1 0.070790 0.655325 0.000000
n 9 1 0.554034 0.535811 0.000000
n 10 1 0.360609 0.093763 0.000000
n 11 1 0.697155 0.468207 0.000000
n 12 1 -0.066143 0.356676 0.000000
n 13 2 0.106735 0.000000 0.000000
n 14 1 -0.196794 0.429385 0.000000
n 15 1 0.269602 0.255628 0.000000
n 16 1 1.168826 0.882476 0.000000
n 17 1 0.682911 0.760250 0.000000
n 18 1 1.124106 0.731407 0.000000
n 19 1 0.786721 0.353068 0.000000
n 20 1 0.715434 0.424092 0.000000
n 21 1 1.050006 0.059698 0.000000
n 22 1 0.742336 0.446177 0.000000
n 23 1 0.287834 0.637311 0.000000
n 24 1 0.833156 0.476420 0.000000
n 25 1 0.376637 0.266085 0.000000
n 26 1 0.955126 0.035394 0.000000
n 27 1 0.455169 0.028636 0.000000
n 28 1 -0.062289 0.775803 0.000000
n 29 1 0.422055 0.653332 0.000000
n 30 1 -0.190928 0.329633 0.000000
n 31 1 0.229642 0.071624 0.000000
n 32 2 0.692593 0.000000 0.000000
n 33 1 0.614718 0.302476 0.000000
n 34 1 1.261184 0.964842 0.000000
n 35 1 0.782184 0.801568 0.000000
n 36 2 0.583438 0.000000 0.000000
n 37 1 0.465682 0.396819 0.000000
n 38 1 0.283645 0.727252 0.000000
n 39 1 0.772425 0.629841 0.000000
n 40 2 0.698967 1.000000 0.000000
n 41 1 0.333664 0.706217 0.000000
n 42 1 0.063310 0.232874 0.000000
n 43 1 0.427343 0.579723 0.000000
n 44 1 0.117604 0.508040 0.000000
n 45 1 -0.067084 0.040290 0.000000
n 46 1 0.660152 0.846365 0.000000
n 47 1 0.262658 0.539744 0.000000
n 48 1 0.231470 0.735750 0.000000
n 49 1 0.725520 0.816055 0.000000
n 50 1 0.849834 0.876725 0.000000
n 51 1 0.934812 0.385264 0.000000
n 52 1 0.902667 0.489881 0.000000
n 53 1 1.077800 0.023829 0.000000
n 54 1 0.910853 0.665962 0.000000
n 55 2 0.961345 1.000000 0.000000
n 56 1 0.657523 0.072503 0.000000
n 57 1 1.104690 0.302675 0.000000
n 58 1 0.270113 0.029069 0.000000
n 59 1 0.582397 0.427680 0.000000
n 60 1 0.180360 0.297436 0.000000
n 61 1 0.659706 0.448135 0.000000
n 62 2 0.615606 1.000000 0.000000
n 63 1 0.922879 0.907821 0.000000
n 64 1 0.905147 0.450055 0.000000
n 65 1 0.441399 0.256529 0.000000
n 66 1 -0.051009 0.301497 0.000000
n 67 2 0.152449 0.000000 0.000000
n 68 1 0.228488 0.932135 0.000000
n 69 2 0.475906 1.000000 0.000000
n 70 1 0.338541 0.419836 0.000000
n 71 1 0.834560 0.479601 0.000000
n 72 1 0.222098 0.479379 0.000000
n 73 1 0.720814 0.455443 0.000000
n 74 1 0.981818 0.620102 0.000000
n 75 1 0.687812 0.213002 0.000000
n 76 2 0.765249 0.000000 0.000000
n 77 1 0.704806 0.430534 0.000000
n 78 1 0.945264 0.696485 0.000000
n 79 1 0.493546 0.484305 0.000000
n 80 1 0.740131 0.055294 0.000000
n 81 1 1.105150 0.403698 0.000000
n 82 1 0.762003 0.625653 0.000000
n 83 2 0.900657 1.000000 0.000000
n 84 1 0.683142 0.938286 0.000000
n 85 1 0.299684 0.611221 0.000000
n 86 1 0.411450 0.806332 0.000000
n 87 1 1.125418 0.388174 0.000000
n 88 1 0.670436 0.421355 0.000000
n 89 1 0.040942 0.765676 0.000000
n 90 1 0.526493 0.759564 0.000000
n 91 1 0.429069 0.270349 0.000000
n 92 2 0.972361 0.000000 0.000000
n 93 1 0.879516 0.469199 0.000000
n 94 1 0.501819 0.728352 0.000000
n 95 1 0.457308 0.232513 0.000000
n 96 1 0.709086 0.749864 0.000000
n 97 1 1.211196 0.761616 0.000000
n 98 2 0.211798 0.000000 0.000000
n 99 1 0.566048 0.320128 0.000000
n 100 1 0.890147 0.137028 0.000000
n 101 1 0.770968 0.622399 0.000000
n 102 1 -0.137285 0.084350 0.000000
n 103 1 0.750513 0.571709 0.000000
n 104 2 0.303951 1.000000 0.000000
n 105 1 0.607778 0.803666 0.000000
n 106 1 0.821988 0.728024 0.000000
n 107 1 0.800565 0.227650 0.000000
n 108 1 0.119614 0.372113 0.000000
n 109 2 0.292746 0.000000 0.000000
n 110 1 0.661841 0.452181 0.000000
n 111 1 1.095119 0.212574 0.000000
n 112 1 0.212697 0.203399 0.000000
n 113 2 0.397471 0.000000 0.000000
n 114 1 0.160179 0.118386 0.000000
n 115 1 0.648238 0.248873 0.000000
n 116 2 0.282395 0.000000 0.000000
n 117 1 0.135357 0.327517 0.000000
n 118 1 0.315607 0.260257 0.000000
n 119 1 0.796930 0.400175 0.000000
n 120 1 0.386171 0.998442 0.000000
n 121 1 0.019210 0.639140 0.000000
n 122 1 0.542270 0.583867 0.000000
n 123 1 0.053264 0.463959 0.000000
n 124 1 0.100346 0.138172 0.000000
n 125 1 0.915393 0.601048 0.000000
n 126 1 0.182622 0.314915 0.000000
n 127 2 0.213444 0.000000 0.000000
n 128 1 0.651103 0.538640 0.000000
n 129 1 0.588546 0.043331 0.000000
n 130 1 0.600943 0.674733 0.000000
n 131 1 0.605657 0.175778 0.000000
n 132 1 0.331413 0.525109 0.000000
n 133 2 0.360699 1.000000 0.000000
n 134 1 1.049809 0.813967 0.000000
n 135 1 0.734710 0.421090 0.000000
n 136 1 0.799297 0.374113 0.000000
n 137 1 0.361259 0.124994 0.000000
n 138 1 0.448419 0.799928 0.000000
n 139 1 0.728829 0.402265 0.000000
n 140 1 1.052940 0.783152 0.000000
n 141 1 0.558751 0.750947 0.000000
n 142 1 0.988725 0.814934 0.000000
n 143 1 0.377147 0.511030 0.000000
n 144 1 0.070279 0.076361 0.000000
n 145 1 0.571780 0.106426 0.000000
n 146 1 0.286658 0.291894 0.000000
n 147 1 -0.155012 0.524345 0.000000
n 148 1 0.197737 0.470532 0.000000
n 149 1 0.696323 0.452196 0.000000
n 150 2 0.750198 0.000000 0.000000
n 151 1 0.936223 0.461227 0.000000
n 152 1 0.128398 0.061142 0.000000
n 153 1 -0.059998 0.522972 0.000000
n 154 1 0.766743 0.422349 0.000000
n 155 1 0.177086 0.717956 0.000000
n 156 1 1.119536 0.530917 0.000000
n 157 1 0.756271 0.183962 0.000000
n 158 1 0.174327 0.704072 0.000000
n 159 1 0.481485 0.314057 0.000000
n 160 1 0.319897 0.369322 0.000000
n 161 1 0.930847 0.681315 0.000000
n 162 1 0.626268 0.903535 0.000000
n 163 1 1.116073 0.984068 0.000000
n 164 1 0.204123 0.112070 0.000000
n 165 1 0.705549 0.104018 0.000000
n 166 1 0.191025 0.244099 0.000000
n 167 2 0.040182 0.000000 0.000000
n 168 1 0.083748 0.705334 0.000000
n 169 1 0.676029 0.989242 0.000000
n 170 1 0.287316 0.341104 0.000000
n 171 1 0.757154 0.175844 0.000000
n 172 1 0.750949 0.063263 0.000000
n 173 1 -0.140266 0.553470 0.000000
n 174 1 0.790343 0.321829 0.000000
n 175 1 0.334664 0.516900 0.000000
n 176 1 0.927536 0.718748 0.000000
n 177 1 0.547308 0.387294 0.000000
n 178 1 0.266646 0.136157 0.000000
n 179 1 0.412426 0.614276 0.000000
n 180 1 0.902851 0.682829 0.000000
n 181 1 0.502479 0.378090 0.000000
n 182 1 0.394869 0.348646 0.000000
n 183 1 -0.100063 0.266872 0.000000
n 184 2 0.340650 1.000000 0.000000
n 185 1 0.595160 0.725554 0.000000
n 186 1 0.332887 0.432681 0.000000
n 187 2 0.195883 0.000000 0.000000
n 188 1 1.050262 0.494813 0.000000
n 189 1 0.456282 0.206884 0.000000
n 190 1 0.952059 0.943411 0.000000
n 191 1 0.287077 0.586945 0.000000
n 192 1 -0.100675 0.415058 0.000000
n 193 2 0.813852 0.000000 0.000000
n 194 2 0.340763 0.000000 0.000000
n 195 1 0.129270 0.228632 0.000000
n 196 2 0.194664 1.000000 0.000000
n 197 1 0.519473 0.703778 0.000000
n 198 1 0.899327 0.454016 0.000000
n 199 1 0.242877 0.097506 0.000000
n 200 0 0.035193 0.153749 0.000000
n 201 0 -0.027601 0.145124 0.000000
n 202 0 0.086236 0.159758 0.000000
n 203 0 -0.026598 0.145257 0.000000
n 204 0 0.032697 0.153424 0.000000
n 205 0 0.049291 0.155543 0.000000
n 206 0 -0.051049 0.142086 0.000000
n 207 0 -0.146313 0.127881 0.000000
n 208 0 0.209805 0.176574 0.000000
n 209 0 0.234454 0.180161 0.000000
n 210 0 0.202641 0.175521 0.000000
n 211 0 0.092228 0.160437 0.000000
n 212 0 0.194737 0.174353 0.000000
n 213 0 0.089708 0.160151 0.000000
n 214 0 0.146202 0.166752 0.000000
n 215 0 0.280234 0.186502 0.000000
n 216 0 0.253092 0.182634 0.000000
n 217 0 -0.154856 0.126740 0.000000
n 218 0 0.183443 0.172698 0.000000
n 219 0 0.171193 0.170787 0.000000
n 220 0 0.941321 0.426830 0.000000
n 221 0 0.860153 0.439871 0.000000
n 222 0 0.781165 0.452402 0.000000
n 223 0 1.216574 0.381543 0.000000
n 224 0 1.075107 0.404934 0.000000
n 225 0 0.925726 0.429230 0.000000
n 226 0 0.926044 0.429180 0.000000
n 227 0 0.875109 0.437394 0.000000
n 228 0 0.850651 0.441381 0.000000
n 229 0 1.101727 0.400487 0.000000
n 230 0 1.132941 0.398590 0.000000
n 231 0 0.886472 0.435533 0.000000
n 232 0 0.813424 0.447244 0.000000
n 233 0 0.778695 0.452807 0.000000
n 234 0 0.808013 0.448118 0.000000
n 235 0 0.990189 0.418969 0.000000
n 236 0 0.761745 0.455676 0.000000
n 237 0 1.074192 0.405085 0.000000
n 238 0 0.923930 0.429515 0.000000
n 239 0 0.982249 0.420325 0.000000
n 240 0 0.801806 0.449122 0.000000
n 241 0 0.998584 0.417514 0.000000
n 242 0 0.836418 0.443577 0.000000
n 243 0 1.213725 0.382087 0.000000
n 244 0 0.922965 0.429668 0.000000
n 245 0 0.954718 0.315344 0.000000
n 246 0 0.947384 0.377392 0.000000
n 247 0 0.930439 0.520999 0.000000
n 248 0 0.947770 0.374165 0.000000
n 249 0 0.911294 0.672119 0.000000
n 250 0 0.927211 0.545284 0.000000
n 251 0 0.910337 0.680288 0.000000
n 252 0 0.913287 0.658041 0.000000
n 253 0 0.909394 0.754083 0.000000
n 254 0 0.921454 0.586862 0.000000
n 255 0 0.914133 0.651817 0.000000
n 256 0 0.908225 0.782847 0.000000
n 257 0 0.935496 0.477984 0.000000
n 258 0 0.927409 0.543827 0.000000
n 259 0 0.948273 0.369923 0.000000
n 260 0 0.908421 0.702621 0.000000
n 261 0 0.943522 0.408826 0.000000
n 262 0 0.796155 0.788592 0.000000
n 263 0 0.802109 0.808858 0.000000
n 264 0 0.835633 0.934288 0.000000
n 265 0 0.785272 0.753480 0.000000
n 266 0 0.793885 0.781059 0.000000
n 267 0 0.834943 0.932139 0.000000
n 268 0 0.815894 0.877149 0.000000
n 269 0 0.473497 0.554903 0.000000
n 270 0 0.416057 0.568857 0.000000
n 271 0 0.329481 0.595369 0.000000
n 272 0 0.275312 0.610049 0.000000
n 273 0 0.482543 0.552761 0.000000
n 274 0 0.482871 0.552684 0.000000
n 275 0 0.451978 0.560045 0.000000
n 276 0 0.335459 0.593614 0.000000
n 277 0 0.255427 0.615090 0.000000
n 278 0 0.085026 0.652290 0.000000
n 279 0 0.239338 0.619392 0.000000
n 280 0 0.400309 0.573194 0.000000
n 281 0 0.261606 0.613466 0.000000
n 282 0 0.694410 0.465194 0.000000
n 283 0 0.613293 0.372964 0.000000
n 284 0 0.510105 0.254869 0.000000
n 285 0 0.551191 0.301663 0.000000
n 286 0 0.689454 0.459754 0.000000
n 287 0 0.686716 0.456773 0.000000
n 288 0 0.675369 0.444848 0.000000
n 289 0 0.458322 0.198085 0.000000
n 290 0 0.580486 0.335253 0.000000
n 291 0 0.632431 0.394900 0.000000
n 292 0 0.599751 0.357458 0.000000
n 293 0 0.427363 0.161838 0.000000
n 294 0 0.687413 0.457529 0.000000
n 295 0 0.365077 0.098407 0.000000
n 296 0 0.682809 0.452588 0.000000
n 297 0 0.378486 0.112342 0.000000
n 298 0 0.514658 0.259998 0.000000
n 299 0 0.627567 0.389318 0.000000
n 300 0 0.008201 0.208936 0.000000
n 301 0 0.002465 0.220662 0.000000
n 302 0 0.023877 0.177053 0.000000
n 303 0 -0.008756 0.243634 0.000000
n 304 0 -0.003675 0.233259 0.000000
n 305 0 -0.026500 0.278956 0.000000
n 306 0 -0.026864 0.279676 0.000000
n 307 0 0.070535 0.076374 0.000000
n 308 0 -0.066089 0.356568 0.000000
n 309 0 0.078275 0.059746 0.000000
n 310 0 -0.027032 0.280009 0.000000
n 311 0 -0.160107 0.416284 0.000000
n 312 0 0.139001 0.308997 0.000000
n 313 0 0.049260 0.340412 0.000000
n 314 0 -0.053635 0.377761 0.000000
n 315 0 -0.168627 0.419326 0.000000
n 316 0 -0.166181 0.418455 0.000000
n 317 0 0.040857 0.343474 0.000000
n 318 0 -0.105150 0.396075 0.000000
n 319 0 -0.180915 0.423698 0.000000
n 320 0 -0.193029 0.428037 0.000000
n 321 0 0.151647 0.304101 0.000000
n 322 0 0.144745 0.306784 0.000000
n 323 0 0.017208 0.352051 0.000000
n 324 0 0.183171 0.291146 0.000000
n 325 0 -0.090912 0.391010 0.000000
n 326 0 0.009932 0.354696 0.000000
n 327 0 -0.046262 0.375090 0.000000
n 328 0 -0.169006 0.419462 0.000000
n 329 0 0.138206 0.309300 0.000000
n 330 0 -0.104282 0.395764 0.000000
n 331 0 -0.010946 0.362286 0.000000
n 332 0 0.861505 0.805805 0.000000
n 333 0 0.934756 0.822507 0.000000
n 334 0 0.815371 0.793697 0.000000
n 335 0 0.763598 0.780444 0.000000
n 336 0 0.909850 0.817233 0.000000
n 337 0 1.034064 0.847950 0.000000
n 338 0 1.122857 0.730111 0.000000
n 339 0 0.911770 0.499645 0.000000
n 340 0 0.902830 0.489459 0.000000
n 341 0 0.848651 0.426527 0.000000
n 342 0 0.788232 0.354883 0.000000
n 343 0 0.880657 0.463650 0.000000
n 344 0 0.825356 0.399129 0.000000
n 345 0 0.798840 0.367620 0.000000
n 346 0 0.805475 0.375541 0.000000
n 347 0 0.804379 0.374234 0.000000
n 348 0 0.943277 0.535893 0.000000
n 349 0 1.115390 0.722361 0.000000
n 350 0 0.906177 0.493277 0.000000
n 351 0 0.991924 0.592627 0.000000
n 352 0 1.014015 0.616744 0.000000
n 353 0 0.827068 0.401154 0.000000
n 354 0 0.717891 0.421429 0.000000
n 355 0 0.973070 0.144386 0.000000
n 356 0 0.917663 0.205209 0.000000
n 357 0 0.751619 0.384807 0.000000
n 358 0 0.784898 0.350123 0.000000
n 359 0 0.908131 0.215502 0.000000
n 360 0 0.941344 0.179490 0.000000
n 361 0 0.856976 0.271091 0.000000
n 362 0 0.809160 0.323559 0.000000
n 363 0 0.803939 0.329349 0.000000
n 364 0 0.717764 0.421567 0.000000
n 365 0 0.751001 0.385464 0.000000
n 366 0 0.775510 0.359774 0.000000
n 367 0 0.861204 0.266376 0.000000
n 368 0 0.851863 0.276799 0.000000
n 369 0 0.810086 0.322533 0.000000
n 370 0 0.869811 0.256853 0.000000
n 371 0 0.422660 0.575215 0.000000
n 372 0 0.347992 0.610663 0.000000
n 373 0 0.703994 0.461398 0.000000
n 374 0 0.718869 0.455515 0.000000
n 375 0 0.569477 0.517744 0.000000
n 376 0 0.316674 0.625362 0.000000
n 377 0 0.291601 0.635750 0.000000
n 378 0 0.711626 0.458397 0.000000
n 379 0 0.482293 0.551428 0.000000
n 380 0 0.482756 0.551246 0.000000
n 381 0 0.457150 0.561384 0.000000
n 382 0 0.643545 0.485999 0.000000
n 383 0 0.597241 0.505634 0.000000
n 384 0 0.336412 0.615974 0.000000
n 385 0 0.676323 0.472535 0.000000
n 386 0 0.656773 0.480485 0.000000
n 387 0 0.403382 0.583612 0.000000
n 388 0 0.646942 0.484574 0.000000
n 389 0 0.490914 0.317053 0.000000
n 390 0 0.501157 0.321738 0.000000
n 391 0 0.707165 0.416170 0.000000
n 392 0 0.432936 0.290849 0.000000
n 393 0 0.462580 0.303983 0.000000
n 394 0 0.809116 0.465307 0.000000
n 395 0 0.779014 0.451418 0.000000
n 396 0 0.808808 0.465164 0.000000
n 397 0 0.717956 0.421463 0.000000
n 398 0 0.445438 0.296352 0.000000
n 399 0 0.630863 0.380998 0.000000
n 400 0 0.599529 0.366685 0.000000
n 401 0 0.747161 0.437018 0.000000
n 402 0 0.715381 0.420161 0.000000
n 403 0 0.430819 0.289917 0.000000
n 404 0 0.638702 0.384562 0.000000
n 405 0 0.686306 0.032461 0.000000
n 406 0 0.576362 0.030642 0.000000
n 407 0 0.762495 0.033084 0.000000
n 408 0 0.765581 0.033067 0.000000
n 409 0 0.822767 0.033769 0.000000
n 410 0 0.407696 0.657763 0.000000
n 411 0 0.369048 0.669686 0.000000
n 412 0 0.324023 0.682785 0.000000
n 413 0 0.025361 0.751241 0.000000
n 414 0 0.027658 0.750692 0.000000
n 415 0 0.106125 0.735862 0.000000
n 416 0 0.339761 0.678097 0.000000
n 417 0 0.008705 0.755772 0.000000
n 418 0 0.098227 0.738107 0.000000
n 419 0 0.171745 0.714683 0.000000
n 420 0 -0.016085 0.762766 0.000000
n 421 0 0.150986 0.721696 0.000000
n 422 0 -0.000144 0.214091 0.000000
n 423 0 0.012926 0.206011 0.000000
n 424 0 -0.030197 0.232643 0.000000
n 425 0 0.016406 0.203853 0.000000
n 426 0 -0.057485 0.249035 0.000000
n 427 0 -0.075744 0.259993 0.000000
n 428 0 -0.151453 0.305613 0.000000
n 429 0 0.094424 0.154413 0.000000
n 430 0 0.205745 0.086151 0.000000
n 431 0 0.208135 0.084696 0.000000
n 432 0 -0.128948 0.291855 0.000000
n 433 0 0.091057 0.156611 0.000000
n 434 0 -0.131152 0.293204 0.000000
n 435 0 0.125911 0.134033 0.000000
n 436 0 -0.188786 0.328330 0.000000
n 437 0 -0.090208 0.268665 0.000000
n 438 0 0.221767 0.076410 0.000000
n 439 0 -0.124082 0.288884 0.000000
n 440 0 0.677115 0.082248 0.000000
n 441 0 0.631882 0.243970 0.000000
n 442 0 0.619267 0.287242 0.000000
n 443 0 0.623543 0.272924 0.000000
n 444 0 0.668783 0.104376 0.000000
n 445 0 0.640328 0.217174 0.000000
n 446 0 0.858249 0.829834 0.000000
n 447 0 0.939717 0.855842 0.000000
n 448 0 0.825097 0.817269 0.000000
n 449 0 0.880725 0.837844 0.000000
n 450 0 1.006923 0.880756 0.000000
n 451 0 1.234044 0.955867 0.000000
n 452 0 0.492810 0.310873 0.000000
n 453 0 0.468927 0.386780 0.000000
n 454 0 0.501765 0.281565 0.000000
n 455 0 0.468437 0.388297 0.000000
n 456 0 0.506678 0.265725 0.000000
n 457 0 0.522693 0.214085 0.000000
n 458 0 0.493061 0.310049 0.000000
n 459 0 0.522468 0.214826 0.000000
n 460 0 0.554234 0.105397 0.000000
n 461 0 0.554204 0.105497 0.000000
n 462 0 0.507724 0.262409 0.000000
n 463 0 0.341314 0.711801 0.000000
n 464 0 0.443927 0.686139 0.000000
n 465 0 0.763574 0.631267 0.000000
n 466 0 0.402029 0.696813 0.000000
n 467 0 0.344945 0.710832 0.000000
n 468 0 0.509739 0.672349 0.000000
n 469 0 0.497315 0.674813 0.000000
n 470 0 0.600664 0.657509 0.000000
n 471 0 0.342766 0.711412 0.000000
n 472 0 0.538895 0.667671 0.000000
n 473 0 0.418858 0.772366 0.000000
n 474 0 0.675700 0.982058 0.000000
n 475 0 0.350870 0.718803 0.000000
n 476 0 0.535278 0.858961 0.000000
n 477 0 0.342914 0.712968 0.000000
n 478 0 0.449809 0.797753 0.000000
n 479 0 0.505707 0.836901 0.000000
n 480 0 0.434363 0.784982 0.000000
n 481 0 0.312449 0.473234 0.000000
n 482 0 0.146165 0.315802 0.000000
n 483 0 0.142316 0.312154 0.000000
n 484 0 0.390649 0.544876 0.000000
n 485 0 0.065822 0.235481 0.000000
n 486 0 0.365093 0.521729 0.000000
n 487 0 0.182200 0.348933 0.000000
n 488 0 0.302649 0.463909 0.000000
n 489 0 0.334466 0.493856 0.000000
n 490 0 0.257380 0.421378 0.000000
n 491 0 0.350697 0.509328 0.000000
n 492 0 0.392112 0.546229 0.000000
n 493 0 0.139535 0.309507 0.000000
n 494 0 0.215640 0.380650 0.000000
n 495 0 0.089871 0.260437 0.000000
n 496 0 0.005033 0.227073 0.000000
n 497 0 0.016963 0.256417 0.000000
n 498 0 0.003370 0.222927 0.000000
n 499 0 0.056261 0.358029 0.000000
n 500 0 -0.042719 0.103454 0.000000
n 501 0 0.016439 0.255089 0.000000
n 502 0 0.105007 0.476929 0.000000
n 503 0 0.035900 0.305920 0.000000
n 504 0 0.074994 0.404666 0.000000
n 505 0 0.033392 0.299340 0.000000
n 506 0 0.029656 0.289536 0.000000
n 507 0 0.099527 0.463393 0.000000
n 508 0 0.038191 0.311918 0.000000
n 509 0 0.594395 0.799296 0.000000
n 510 0 0.525496 0.754352 0.000000
n 511 0 0.604174 0.806296 0.000000
n 512 0 0.335752 0.600571 0.000000
n 513 0 0.493696 0.727958 0.000000
n 514 0 0.304975 0.574803 0.000000
n 515 0 0.286735 0.559692 0.000000
n 516 0 0.559228 0.774583 0.000000
n 517 0 0.492790 0.727199 0.000000
n 518 0 0.511495 0.788489 0.000000
n 519 0 0.383334 0.763687 0.000000
n 520 0 0.346597 0.756928 0.000000
n 521 0 0.460310 0.781321 0.000000
n 522 0 0.543156 0.792747 0.000000
n 523 0 0.442201 0.777550 0.000000
n 524 0 0.925397 0.430820 0.000000
n 525 0 0.907765 0.518938 0.000000
n 526 0 0.877537 0.665085 0.000000
n 527 0 0.884645 0.630440 0.000000
n 528 0 0.867650 0.753754 0.000000
n 529 0 0.887409 0.617601 0.000000
n 530 0 0.864434 0.782448 0.000000
n 531 0 0.913859 0.489250 0.000000
n 532 0 0.925063 0.432437 0.000000
n 533 0 0.905931 0.527737 0.000000
n 534 0 0.853725 0.855041 0.000000
n 535 0 0.875886 0.674985 0.000000
n 536 0 0.877735 0.663960 0.000000
n 537 0 0.926348 0.426220 0.000000
n 538 0 0.997644 0.246836 0.000000
n 539 0 1.010482 0.212519 0.000000
n 540 0 0.982016 0.287053 0.000000
n 541 0 0.988261 0.271126 0.000000
n 542 0 0.924913 0.432049 0.000000
n 543 0 0.949114 0.370716 0.000000
n 544 0 1.070001 0.046237 0.000000
n 545 0 0.984054 0.281849 0.000000
n 546 0 0.927788 0.424755 0.000000
n 547 0 0.911934 0.681029 0.000000
n 548 0 0.924817 0.753436 0.000000
n 549 0 0.928828 0.781972 0.000000
n 550 0 0.949703 0.934102 0.000000
n 551 0 0.931824 0.801466 0.000000
n 552 0 0.914603 0.707836 0.000000
n 553 0 0.989738 0.242875 0.000000
n 554 0 0.753906 0.120443 0.000000
n 555 0 0.874213 0.182013 0.000000
n 556 0 0.934055 0.213842 0.000000
n 557 0 0.878353 0.184222 0.000000
n 558 0 0.845412 0.166688 0.000000
n 559 0 1.015440 0.255650 0.000000
n 560 0 1.049293 0.273211 0.000000
n 561 0 0.817754 0.151860 0.000000
n 562 0 1.045435 0.271180 0.000000
n 563 0 0.766006 0.126720 0.000000
n 564 0 0.854157 0.171314 0.000000
n 565 0 1.066989 0.282623 0.000000
n 566 0 0.578061 0.422030 0.000000
n 567 0 0.455793 0.262558 0.000000
n 568 0 0.459733 0.267774 0.000000
n 569 0 0.334207 0.111557 0.000000
n 570 0 0.276847 0.037869 0.000000
n 571 0 0.317509 0.090502 0.000000
n 572 0 0.388902 0.178876 0.000000
n 573 0 0.270801 0.029967 0.000000
n 574 0 0.491922 0.309717 0.000000
n 575 0 0.318961 0.092362 0.000000
n 576 0 0.333365 0.110503 0.000000
n 577 0 0.466645 0.276887 0.000000
n 578 0 0.571527 0.413514 0.000000
n 579 0 0.560006 0.398304 0.000000
n 580 0 0.428841 0.226940 0.000000
n 581 0 0.291205 0.056647 0.000000
n 582 0 0.449019 0.380071 0.000000
n 583 0 0.468329 0.386579 0.000000
n 584 0 0.183007 0.298224 0.000000
n 585 0 0.637603 0.441093 0.000000
n 586 0 0.597869 0.428435 0.000000
n 587 0 0.242182 0.315835 0.000000
n 588 0 0.430768 0.373962 0.000000
n 589 0 0.304460 0.334930 0.000000
n 590 0 0.562982 0.417249 0.000000
n 591 0 0.593137 0.426912 0.000000
n 592 0 0.330071 0.342944 0.000000
n 593 0 0.550329 0.413292 0.000000
n 594 0 0.297061 0.332630 0.000000
n 595 0 0.303669 0.334684 0.000000
n 596 0 0.285751 0.329132 0.000000
n 597 0 0.869266 0.923997 0.000000
n 598 0 0.842415 0.932099 0.000000
n 599 0 0.835803 0.421179 0.000000
n 600 0 0.714493 0.368886 0.000000
n 601 0 0.885194 0.441568 0.000000
n 602 0 0.459480 0.264103 0.000000
n 603 0 0.541390 0.297532 0.000000
n 604 0 0.821268 0.415098 0.000000
n 605 0 0.790380 0.402015 0.000000
n 606 0 0.806383 0.408871 0.000000
n 607 0 0.769860 0.392815 0.000000
n 608 0 0.758534 0.387827 0.000000
n 609 0 0.625094 0.332456 0.000000
n 610 0 0.600582 0.322128 0.000000
n 611 0 0.479428 0.272391 0.000000
n 612 0 0.830924 0.419139 0.000000
n 613 0 0.694634 0.360454 0.000000
n 614 0 0.903749 0.449461 0.000000
n 615 0 -0.031918 0.273804 0.000000
n 616 0 -0.041935 0.288325 0.000000
n 617 0 0.100004 0.077836 0.000000
n 618 0 0.094821 0.085489 0.000000
n 619 0 -0.035259 0.278635 0.000000
n 620 0 0.357841 0.966985 0.000000
n 621 0 0.352273 0.965469 0.000000
n 622 0 0.358809 0.967245 0.000000
n 623 0 0.370090 0.970187 0.000000
n 624 0 0.260260 0.940690 0.000000
n 625 0 0.668964 0.457447 0.000000
n 626 0 0.716259 0.462965 0.000000
n 627 0 0.458459 0.432885 0.000000
n 628 0 0.471837 0.434504 0.000000
n 629 0 0.806507 0.476373 0.000000
n 630 0 0.774333 0.472527 0.000000
n 631 0 0.809377 0.476704 0.000000
n 632 0 0.639271 0.454018 0.000000
n 633 0 0.597388 0.449433 0.000000
n 634 0 0.775296 0.472652 0.000000
n 635 0 0.686037 0.459379 0.000000
n 636 0 0.635715 0.453625 0.000000
n 637 0 0.389184 0.425168 0.000000
n 638 0 0.511093 0.439191 0.000000
n 639 0 0.622890 0.452233 0.000000
n 640 0 0.353404 0.421401 0.000000
n 641 0 0.599040 0.449617 0.000000
n 642 0 0.709000 0.455881 0.000000
n 643 0 0.464321 0.465188 0.000000
n 644 0 0.474096 0.464796 0.000000
n 645 0 0.639863 0.458566 0.000000
n 646 0 0.597190 0.460538 0.000000
n 647 0 0.688014 0.456722 0.000000
n 648 0 0.352609 0.470503 0.000000
n 649 0 0.448376 0.465841 0.000000
n 650 0 0.630932 0.458976 0.000000
n 651 0 0.367360 0.469597 0.000000
n 652 0 0.612879 0.459832 0.000000
n 653 0 0.731842 0.274843 0.000000
n 654 0 0.823916 0.404769 0.000000
n 655 0 0.798440 0.369258 0.000000
n 656 0 0.805584 0.379260 0.000000
n 657 0 0.802668 0.375179 0.000000
n 658 0 0.934786 0.555662 0.000000
n 659 0 0.893539 0.499843 0.000000
n 660 0 0.924590 0.541706 0.000000
n 661 0 0.829487 0.412482 0.000000
n 662 0 0.770741 0.329480 0.000000
n 663 0 0.760823 0.073988 0.000000
n 664 0 0.705152 0.428431 0.000000
n 665 0 0.713640 0.374020 0.000000
n 666 0 0.721421 0.327647 0.000000
n 667 0 0.762902 0.027431 0.000000
n 668 0 0.745543 0.179952 0.000000
n 669 0 0.758395 0.092664 0.000000
n 670 0 0.717577 0.350950 0.000000
n 671 0 0.772266 0.616261 0.000000
n 672 0 0.815713 0.636123 0.000000
n 673 0 0.597257 0.529977 0.000000
n 674 0 0.626208 0.542258 0.000000
n 675 0 0.848844 0.651707 0.000000
n 676 0 0.881956 0.667132 0.000000
n 677 0 0.929301 0.236161 0.000000
n 678 0 0.877976 0.185730 0.000000
n 679 0 0.847792 0.156047 0.000000
n 680 0 0.973838 0.279278 0.000000
n 681 0 1.026330 0.329553 0.000000
n 682 0 1.094958 0.394135 0.000000
n 683 0 0.802428 0.110619 0.000000
n 684 0 1.022248 0.325636 0.000000
n 685 0 0.751541 0.065603 0.000000
n 686 0 0.974954 0.280339 0.000000
n 687 0 0.852019 0.160193 0.000000
n 688 0 1.023584 0.326914 0.000000
n 689 0 0.797942 0.754081 0.000000
n 690 0 0.810223 0.781630 0.000000
n 691 0 0.872267 0.932620 0.000000
n 692 0 0.840532 0.862508 0.000000
n 693 0 0.568626 0.832237 0.000000
n 694 0 0.338126 0.643218 0.000000
n 695 0 0.473539 0.759268 0.000000
n 696 0 0.658588 0.915548 0.000000
n 697 0 0.532722 0.804590 0.000000
n 698 0 0.466332 0.753055 0.000000
n 699 0 0.201451 0.504287 0.000000
n 700 0 0.342385 0.707392 0.000000
n 701 0 0.270678 0.602890 0.000000
n 702 0 0.262274 0.590491 0.000000
n 703 0 0.187300 0.481125 0.000000
n 704 0 0.154042 0.427801 0.000000
n 705 0 0.271140 0.603594 0.000000
n 706 0 0.410433 0.804789 0.000000
n 707 0 1.024646 0.750579 0.000000
n 708 0 0.790140 0.539192 0.000000
n 709 0 0.763830 0.513416 0.000000
n 710 0 0.811898 0.560298 0.000000
n 711 0 0.688743 0.437599 0.000000
n 712 0 0.936637 0.679969 0.000000
n 713 0 0.696918 0.444852 0.000000
n 714 0 0.934751 0.678272 0.000000
n 715 0 1.015455 0.742126 0.000000
n 716 0 0.483117 0.555860 0.000000
n 717 0 0.433349 0.293034 0.000000
n 718 0 0.485484 0.568837 0.000000
n 719 0 0.514694 0.698891 0.000000
n 720 0 0.462918 0.457669 0.000000
n 721 0 0.445370 0.356871 0.000000
n 722 0 0.432635 0.289250 0.000000
n 723 0 0.463246 0.459444 0.000000
n 724 0 0.516343 0.706504 0.000000
n 725 0 0.912876 0.313244 0.000000
n 726 0 0.900673 0.369214 0.000000
n 727 0 0.908790 0.331910 0.000000
n 728 0 0.921958 0.270879 0.000000
n 729 0 0.895346 0.393778 0.000000
n 730 0 0.462310 0.301066 0.000000
n 731 0 0.484064 0.568461 0.000000
n 732 0 0.500875 0.717872 0.000000
n 733 0 0.473511 0.457409 0.000000
n 734 0 0.465630 0.332852 0.000000
n 735 0 0.460513 0.279048 0.000000
n 736 0 0.473336 0.455131 0.000000
n 737 0 0.501050 0.719817 0.000000
n 738 0 1.129778 0.758425 0.000000
n 739 0 1.004260 0.750329 0.000000
n 740 0 1.073927 0.756168 0.000000
n 741 0 1.002801 0.750324 0.000000
n 742 0 1.119848 0.758035 0.000000
n 743 0 0.269627 0.052418 0.000000
n 744 0 0.314506 0.093790 0.000000
n 745 0 0.419521 0.186738 0.000000
n 746 0 0.262832 0.046140 0.000000
n 747 0 0.213333 0.001377 0.000000
n 748 0 0.312460 0.091908 0.000000
n 749 0 0.333035 0.110503 0.000000
n 750 0 0.504365 0.263574 0.000000
n 751 0 0.449717 0.211681 0.000000
n 752 0 0.283313 0.065109 0.000000
n 753 0 0.808866 0.466362 0.000000
n 754 0 0.836083 0.356442 0.000000
n 755 0 0.799516 0.504240 0.000000
n 756 0 0.859281 0.261386 0.000000
n 757 0 0.811267 0.456253 0.000000
n 758 0 0.854908 0.279753 0.000000
n 759 0 0.826053 0.396389 0.000000
n 760 0 0.777706 0.590546 0.000000
n 761 0 0.778070 0.588910 0.000000
n 762 0 0.865687 0.234834 0.000000
n 763 0 0.804428 0.343965 0.000000
n 764 0 0.796112 0.378769 0.000000
n 765 0 0.791264 0.398340 0.000000
n 766 0 0.774530 0.471671 0.000000
n 767 0 0.797513 0.373037 0.000000
n 768 0 0.836923 0.202741 0.000000
n 769 0 0.782981 0.434748 0.000000
n 770 0 0.826173 0.251491 0.000000
n 771 0 0.809776 0.320967 0.000000
n 772 0 0.751464 0.567530 0.000000
n 773 0 0.751276 0.568353 0.000000
n 774 0 0.849565 0.147761 0.000000
n 775 0 0.355352 0.968461 0.000000
n 776 0 0.358772 0.966434 0.000000
n 777 0 0.399058 0.942845 0.000000
n 778 0 0.805420 0.373658 0.000000
n 779 0 0.810907 0.518913 0.000000
n 780 0 0.808289 0.454011 0.000000
n 781 0 0.802526 0.286758 0.000000
n 782 0 0.814768 0.622286 0.000000
n 783 0 0.814373 0.616139 0.000000
n 784 0 0.229143 0.137972 0.000000
n 785 0 0.188026 0.218584 0.000000
n 786 0 0.253067 0.088038 0.000000
n 787 0 0.241661 0.112001 0.000000
n 788 0 0.182544 0.229858 0.000000
n 789 0 0.148492 0.310868 0.000000
n 790 0 0.236004 0.123721 0.000000
n 791 0 0.242968 0.109273 0.000000
n 792 0 0.771489 0.391934 0.000000
n 793 0 1.069316 0.226328 0.000000
n 794 0 0.711974 0.424694 0.000000
n 795 0 0.885149 0.328576 0.000000
n 796 0 1.064142 0.229086 0.000000
n 797 0 0.898033 0.321434 0.000000
n 798 0 0.819507 0.365774 0.000000
n 799 0 0.972646 0.279955 0.000000
n 800 0 0.883488 0.329502 0.000000
n 801 0 0.265074 0.148093 0.000000
n 802 0 0.316004 0.092149 0.000000
n 803 0 0.298698 0.111414 0.000000
n 804 0 0.268874 0.144123 0.000000
n 805 0 0.248145 0.165538 0.000000
n 806 0 0.221835 0.135950 0.000000
n 807 0 0.200781 0.129979 0.000000
n 808 0 0.614586 0.238784 0.000000
n 809 0 0.603024 0.235330 0.000000
n 810 0 0.519759 0.213337 0.000000
n 811 0 0.592740 0.232351 0.000000
n 812 0 0.270392 0.149553 0.000000
n 813 0 0.241324 0.141289 0.000000
n 814 0 0.219005 0.135159 0.000000
n 815 0 0.209188 0.132379 0.000000
n 816 0 0.191023 0.198535 0.000000
n 817 0 0.244345 0.087360 0.000000
n 818 0 0.232967 0.112013 0.000000
n 819 0 0.178787 0.223537 0.000000
n 820 0 0.143256 0.310079 0.000000
n 821 0 0.232677 0.112636 0.000000
n 822 0 0.225467 0.128177 0.000000
n 823 0 0.236872 0.103676 0.000000
n 824 0 0.627113 0.349027 0.000000
n 825 0 0.600160 0.341064 0.000000
n 826 0 0.427017 0.291313 0.000000
n 827 0 0.683773 0.365038 0.000000
n 828 0 0.364526 0.273894 0.000000
n 829 0 0.359022 0.972042 0.000000
n 830 0 0.103696 0.733443 0.000000
n 831 0 0.080217 0.707236 0.000000
n 832 0 0.363621 0.976515 0.000000
n 833 0 0.124481 0.753182 0.000000
n 834 0 0.293908 0.909645 0.000000
n 835 0 0.332064 0.533014 0.000000
n 836 0 0.348735 0.536249 0.000000
n 837 0 0.309340 0.527432 0.000000
n 838 0 0.168650 0.495173 0.000000
n 839 0 0.391765 0.545128 0.000000
n 840 0 0.086697 0.472339 0.000000
n 841 0 0.975042 0.457528 0.000000
n 842 0 0.936841 0.550942 0.000000
n 843 0 0.992868 0.412222 0.000000
n 844 0 1.041724 0.291690 0.000000
n 845 0 1.030101 0.320212 0.000000
n 846 0 0.205912 0.084550 0.000000
n 847 0 0.185856 0.235419 0.000000
n 848 0 0.210044 0.041447 0.000000
n 849 0 0.196972 0.158493 0.000000
n 850 0 0.199134 0.142633 0.000000
n 851 0 0.617612 0.269331 0.000000
n 852 0 0.647409 0.512907 0.000000
n 853 0 0.639206 0.453521 0.000000
n 854 0 0.596969 0.105074 0.000000
n 855 0 0.613414 0.225621 0.000000
n 856 0 0.631612 0.387592 0.000000
n 857 0 0.641023 0.467385 0.000000
n 858 0 0.642949 0.481676 0.000000
n 859 0 0.602127 0.259886 0.000000
n 860 0 0.599479 0.584265 0.000000
n 861 0 0.597283 0.454835 0.000000
n 862 0 0.603310 0.228854 0.000000
n 863 0 0.598615 0.401792 0.000000
n 864 0 0.597808 0.430920 0.000000
n 865 0 0.597409 0.448408 0.000000
n 866 0 0.333470 0.550089 0.000000
n 867 0 0.359455 0.980787 0.000000
n 868 0 0.352576 0.859117 0.000000
n 869 0 1.027145 0.780639 0.000000
n 870 0 1.030752 0.785944 0.000000
n 871 0 0.935031 0.678055 0.000000
n 872 0 1.003745 0.749708 0.000000
n 873 0 0.569006 0.240584 0.000000
n 874 0 0.743291 0.340194 0.000000
n 875 0 0.691280 0.452342 0.000000
n 876 0 0.665284 0.487628 0.000000
n 877 0 0.660407 0.494392 0.000000
n 878 0 0.496746 0.723634 0.000000
n 879 0 1.037045 0.781604 0.000000
n 880 0 0.959669 0.779859 0.000000
n 881 0 0.574852 0.753265 0.000000
n 882 0 0.144160 0.696614 0.000000
n 883 0 0.220326 0.644157 0.000000
n 884 0 0.275623 0.598910 0.000000
n 885 0 0.121479 0.078565 0.000000
n 886 0 0.555499 0.105472 0.000000
n 887 0 0.089568 0.077299 0.000000
n 888 0 0.224553 0.085801 0.000000
n 889 0 0.261934 0.088694 0.000000
n 890 0 -0.035342 0.463066 0.000000
n 891 0 -0.121264 0.507534 0.000000
n 892 0 0.017224 0.434692 0.000000
n 893 0 -0.147027 0.520368 0.000000
n 894 0 0.230333 0.322213 0.000000
n 895 0 0.360185 0.460958 0.000000
n 896 0 0.200363 0.470366 0.000000
n 897 0 0.467665 0.457551 0.000000
n 898 0 0.624955 0.453968 0.000000
n 899 0 0.364744 0.460755 0.000000
n 900 0 0.605748 0.454583 0.000000
n 901 0 0.873183 0.297378 0.000000
n 902 0 0.881609 0.319318 0.000000
n 903 0 0.923698 0.428918 0.000000
n 904 0 -0.012354 0.407353 0.000000
n 905 0 0.109628 0.108409 0.000000
n 906 0 0.037021 0.290842 0.000000
n 907 0 0.020274 0.330309 0.000000
n 908 0 1.019514 0.612142 0.000000
n 909 0 0.845054 0.481604 0.000000
n 910 0 1.161884 0.708641 0.000000
n 911 0 1.118930 0.530325 0.000000
n 912 0 0.786592 0.213253 0.000000
n 913 0 1.070068 0.482596 0.000000
n 914 0 0.878489 0.302487 0.000000
n 915 0 0.965556 0.386348 0.000000
n 916 0 0.363561 0.456732 0.000000
n 917 0 0.315171 0.373258 0.000000
n 918 0 0.733322 0.943325 0.000000
n 919 0 0.958022 0.936601 0.000000
n 920 0 0.232491 0.112014 0.000000
n 921 0 0.240434 0.112004 0.000000
n 922 0 0.228755 0.112022 0.000000
n 923 0 0.161987 0.194851 0.000000
n 924 0 0.156647 0.185202 0.000000
n 925 0 0.325585 0.327352 0.000000
n 926 0 0.306573 0.334169 0.000000
n 927 0 0.303813 0.335163 0.000000
n 928 0 0.575539 0.411773 0.000000
n 929 0 0.375682 0.497528 0.000000
n 930 0 0.558418 0.419243 0.000000
n 931 0 0.760186 0.575243 0.000000
n 932 0 0.328565 0.337775 0.000000
n 933 0 0.319293 0.305301 0.000000
n 934 0 0.303356 0.333645 0.000000
n 935 0 0.283826 0.330520 0.000000
n 936 0 0.055643 0.294262 0.000000
n 937 0 0.299085 0.319569 0.000000
n 938 0 0.234423 0.118468 0.000000
n 939 0 0.231612 0.109081 0.000000
