b 824 100 1.000000 1.000000 0.000000 1 0 0
f 0 0.010000 0 208 207 201 200 205 212 209 204 206 203 210 211 202 1 
f 1 0.010000 2 200 230 219 221 223 217 225 222 227 213 214 218 224 216 220 229 226 215 228 3 
f 2 0.010000 4 239 246 242 247 244 231 233 234 236 237 240 245 238 243 232 241 248 235 5 
f 3 0.010000 6 252 255 253 256 249 257 259 254 250 258 251 7 
f 4 0.010000 8 269 267 273 260 277 276 266 272 261 268 270 265 264 262 275 263 271 274 9 
f 5 0.010000 10 278 283 279 282 281 284 280 11 
f 6 0.010000 12 297 294 285 292 299 289 260 293 288 291 295 290 287 213 296 286 298 13 
f 7 0.010000 14 302 307 303 305 310 306 308 300 304 309 301 15 
f 8 0.010000 16 317 318 326 315 201 314 319 320 324 322 327 325 312 323 311 316 321 313 17 
f 9 0.010000 18 339 285 340 333 261 336 331 338 328 335 332 330 329 231 337 334 311 19 
f 10 0.010000 20 278 341 300 21 
f 11 0.010000 22 347 348 279 344 352 350 349 301 342 343 351 345 346 23 
f 12 0.010000 24 353 356 354 357 202 360 359 361 355 358 249 25 
f 13 0.010000 26 365 364 375 370 232 371 373 368 366 328 363 262 372 367 369 362 374 27 
f 14 0.010000 28 203 376 377 380 250 378 379 381 382 29 
f 15 0.010000 30 387 394 389 393 386 395 391 385 384 388 383 390 312 392 396 31 
f 16 0.010000 32 400 399 398 405 410 403 407 397 383 409 408 411 412 402 406 401 404 33 
f 17 0.010000 34 384 421 397 417 419 313 413 233 329 418 415 414 423 263 420 422 362 416 425 424 35 
f 18 0.010000 36 428 429 427 426 214 430 286 431 37 
f 19 0.010000 38 437 434 447 443 439 440 385 442 445 435 436 446 438 432 433 444 441 39 
f 20 0.010000 40 451 453 449 450 215 454 448 452 432 41 
f 21 0.010000 42 342 459 463 461 462 460 455 457 264 363 458 456 330 234 413 43 
f 22 0.010000 44 473 468 469 472 466 471 464 465 470 467 45 
f 23 0.010000 46 477 478 476 475 474 47 
f 24 0.010000 48 482 480 481 479 483 216 49 
f 25 0.010000 50 414 489 488 486 487 490 251 485 204 484 51 
f 26 0.010000 52 235 502 496 495 493 499 331 492 265 491 455 494 497 498 501 500 53 
f 27 0.010000 54 505 504 503 507 217 508 506 509 55 
f 28 0.010000 56 515 518 512 514 510 464 511 516 513 517 519 57 
f 29 0.010000 58 525 415 521 456 332 236 523 526 520 522 398 524 529 433 527 448 528 59 
f 30 0.010000 60 539 541 536 532 537 538 535 540 534 205 542 533 531 503 530 61 
f 31 0.010000 62 546 548 551 545 544 547 465 510 549 543 550 63 
f 32 0.010000 64 560 449 553 479 561 557 218 426 287 555 558 556 559 530 504 552 554 484 206 376 65 
f 33 0.010000 66 563 288 568 571 570 266 566 333 562 564 491 457 569 565 567 416 67 
f 34 0.010000 68 577 573 576 574 572 207 314 575 69 
f 35 0.010000 70 579 208 572 315 583 219 578 531 552 505 580 267 581 353 289 582 71 
f 36 0.010000 72 364 592 595 584 590 399 586 520 593 589 585 417 316 334 591 594 532 587 588 73 
f 37 0.010000 74 603 543 466 602 511 302 601 604 597 600 598 599 596 75 
f 38 0.010000 76 596 607 608 609 605 612 303 544 467 512 610 611 606 252 77 
f 39 0.010000 78 418 521 458 335 237 614 617 613 400 615 584 620 616 365 618 220 619 553 79 
f 40 0.010000 80 624 317 621 221 578 533 554 622 354 623 625 81 
f 41 0.010000 82 627 427 290 555 628 222 506 629 573 626 401 83 
f 42 0.010000 84 632 634 304 631 630 635 633 85 
f 43 0.010000 86 636 640 637 579 574 642 318 621 223 507 641 556 639 291 428 638 87 
f 44 0.010000 88 209 646 534 575 319 643 644 636 402 434 647 645 89 
f 45 0.010000 90 654 650 652 656 253 651 649 655 657 653 648 91 
f 46 0.010000 92 664 663 661 459 343 662 658 630 665 660 659 648 93 
f 47 0.010000 94 667 403 669 435 672 673 674 386 671 670 668 666 474 95 
f 48 0.010000 96 535 675 676 320 643 637 626 404 97 
f 49 0.010000 98 638 677 627 224 557 680 678 480 679 99 
f 50 0.010000 100 681 597 605 683 305 545 682 101 
f 51 0.010000 102 606 686 685 649 687 355 689 688 377 485 684 103 
f 52 0.010000 104 690 691 387 666 475 105 
f 53 0.010000 106 700 701 699 694 697 460 692 562 268 336 693 695 696 702 698 107 
f 54 0.010000 108 344 703 705 706 704 707 254 109 
f 55 0.010000 110 711 468 280 708 709 710 703 111 
f 56 0.010000 112 607 712 598 713 681 717 714 715 513 716 469 708 113 
f 57 0.010000 114 720 585 419 321 337 721 722 536 718 719 684 115 
f 58 0.010000 116 639 563 580 269 723 356 725 724 658 631 117 
f 59 0.010000 118 727 692 564 270 492 338 366 726 728 729 238 613 586 522 405 436 119 
f 60 0.010000 120 437 406 640 644 731 322 537 587 718 239 730 733 732 121 
f 61 0.010000 122 736 675 538 588 719 730 739 740 735 486 741 737 271 420 367 565 738 734 123 
f 62 0.010000 124 659 744 747 745 685 742 255 746 743 650 125 
f 63 0.010000 126 599 712 608 341 748 632 127 
f 64 0.010000 128 750 388 421 407 667 720 589 523 614 240 751 726 368 752 493 693 749 272 566 753 292 129 
f 65 0.010000 130 378 754 758 759 756 422 369 567 757 734 494 755 694 461 345 131 
f 66 0.010000 132 476 668 763 389 762 765 764 438 766 524 590 615 761 370 241 760 495 695 749 133 
f 67 0.010000 134 767 210 622 723 581 273 293 568 768 696 496 760 371 135 
f 68 0.010000 136 439 408 769 390 323 591 721 539 242 770 735 487 771 379 754 772 137 
f 69 0.010000 138 774 497 755 697 462 727 346 775 294 339 724 776 773 623 357 211 767 139 
f 70 0.010000 140 777 440 750 409 769 778 779 731 324 676 736 540 141 
f 71 0.010000 142 709 782 281 347 781 780 143 
f 72 0.010000 144 576 785 624 508 225 783 558 295 429 677 698 784 145 
f 73 0.010000 146 713 600 609 306 786 546 787 660 633 625 773 147 
f 74 0.010000 148 651 742 686 788 610 514 470 547 307 601 714 149 
f 75 0.010000 150 256 789 652 743 710 791 282 348 790 780 151 
f 76 0.010000 152 751 728 792 243 761 796 592 616 793 441 795 226 450 794 690 153 
f 77 0.010000 154 559 641 783 628 227 296 430 798 678 481 797 451 155 
f 78 0.010000 156 704 257 358 687 799 800 653 744 515 682 801 548 786 308 157 
f 79 0.010000 158 802 488 737 274 756 803 804 705 654 159 
f 80 0.010000 160 244 525 802 489 423 275 372 569 738 757 774 498 699 806 661 349 805 161 
f 81 0.010000 162 359 807 799 655 745 788 611 549 471 602 516 715 163 
f 82 0.010000 164 499 752 373 792 729 245 617 526 593 410 669 809 442 391 777 808 477 165 
f 83 0.010000 166 732 810 739 246 541 722 594 392 325 778 411 443 645 167 
f 84 0.010000 168 360 688 380 258 490 733 810 740 770 247 169 
f 85 0.010000 170 748 634 309 662 811 297 775 340 753 276 570 171 
f 86 0.010000 172 618 793 444 527 452 813 814 762 393 812 670 478 173 
f 87 0.010000 174 815 816 706 789 656 746 603 550 472 716 517 175 
f 88 0.010000 176 482 679 797 453 560 794 228 817 394 763 812 671 818 808 177 
f 89 0.010000 178 805 350 663 700 500 424 819 374 803 815 820 758 381 771 179 
f 90 0.010000 180 811 351 463 806 701 501 425 819 804 816 181 
f 91 0.010000 182 741 382 759 820 772 707 259 689 361 807 800 657 747 518 183 
f 92 0.010000 184 821 672 822 764 813 528 454 795 229 619 483 561 680 798 298 431 509 185 
f 93 0.010000 186 781 790 283 352 664 187 
f 94 0.010000 188 791 782 284 473 711 519 189 
f 95 0.010000 190 809 445 821 673 823 765 814 817 691 191 
f 96 0.010000 192 299 582 277 571 768 702 784 502 248 375 796 595 620 529 766 446 822 823 674 395 818 193 
f 97 0.010000 194 577 629 785 642 326 583 230 542 212 646 195 
f 98 0.010000 196 396 327 779 412 447 647 197 
f 99 0.010000 198 725 776 635 665 787 801 551 310 683 612 604 717 199 
n 0 1 0.447522 0.810637 0.000000
n 1 1 0.185391 0.382504 0.000000
n 2 1 0.401597 0.698585 0.000000
n 3 1 -0.024024 0.954297 0.000000
n 4 1 0.600886 0.642345 0.000000
n 5 1 1.090103 0.749528 0.000000
n 6 1 0.454157 0.134851 0.000000
n 7 1 0.539164 0.632067 0.000000
n 8 1 1.228690 0.625791 0.000000
n 9 1 0.753971 0.464812 0.000000
n 10 1 1.069601 0.042492 0.000000
n 11 1 0.568025 0.045540 0.000000
n 12 1 0.025336 0.420181 0.000000
n 13 1 0.246722 0.873636 0.000000
n 14 1 0.372847 0.088588 0.000000
n 15 1 -0.088835 0.253738 0.000000
n 16 1 0.310347 0.808808 0.000000
n 17 1 0.802131 0.723827 0.000000
n 18 1 1.095917 0.453773 0.000000
n 19 1 0.705276 0.760355 0.000000
n 20 2 0.972909 0.000000 0.000000
n 21 1 0.095096 0.261748 0.000000
n 22 1 0.805554 0.014759 0.000000
n 23 1 1.029972 0.471345 0.000000
n 24 1 0.122791 0.584384 0.000000
n 25 1 0.528382 0.309972 0.000000
n 26 1 1.016469 0.809361 0.000000
n 27 1 0.761219 0.375672 0.000000
n 28 1 0.245267 0.544054 0.000000
n 29 1 0.735534 0.467260 0.000000
n 30 2 1.008143 1.000000 0.000000
n 31 1 0.631784 0.704129 0.000000
n 32 1 0.953226 0.762677 0.000000
n 33 1 0.479586 0.920735 0.000000
n 34 1 0.797064 0.844556 0.000000
n 35 1 0.793277 0.345716 0.000000
n 36 1 0.153308 0.722070 0.000000
n 37 2 0.329345 1.000000 0.000000
n 38 1 0.544044 0.906214 0.000000
n 39 1 1.040875 0.834191 0.000000
n 40 2 0.201781 1.000000 0.000000
n 41 1 0.967912 0.824014 0.000000
n 42 1 0.933355 0.247685 0.000000
n 43 1 0.791813 0.725028 0.000000
n 44 2 0.642649 0.000000 0.000000
n 45 1 0.252502 0.207789 0.000000
n 46 1 0.724510 0.908867 0.000000
n 47 2 0.984573 1.000000 0.000000
n 48 2 0.260207 1.000000 0.000000
n 49 1 0.092052 0.766536 0.000000
n 50 1 0.801378 0.539662 0.000000
n 51 1 0.305585 0.580563 0.000000
n 52 1 1.058409 0.743750 0.000000
n 53 1 0.805555 0.310711 0.000000
n 54 1 0.259731 0.671495 0.000000
n 55 2 0.343623 1.000000 0.000000
n 56 1 0.287049 0.319313 0.000000
n 57 2 0.455566 0.000000 0.000000
n 58 1 0.683618 0.564480 0.000000
n 59 1 1.058777 0.898221 0.000000
n 60 1 0.676079 0.668732 0.000000
n 61 1 0.176455 0.697189 0.000000
n 62 1 0.103621 0.230687 0.000000
n 63 1 0.575735 0.084198 0.000000
n 64 1 0.136967 0.973377 0.000000
n 65 1 0.330979 0.516105 0.000000
n 66 1 1.201495 0.680338 0.000000
n 67 1 0.789704 0.393538 0.000000
n 68 2 0.451759 1.000000 0.000000
n 69 1 0.443211 0.724458 0.000000
n 70 1 0.472681 0.828398 0.000000
n 71 1 0.063290 0.535575 0.000000
n 72 1 1.013022 0.786781 0.000000
n 73 1 0.530425 0.648396 0.000000
n 74 1 0.581363 0.159199 0.000000
n 75 1 0.096204 0.035067 0.000000
n 76 1 0.058240 0.016995 0.000000
n 77 1 0.514493 0.220338 0.000000
n 78 1 0.768870 0.647949 0.000000
n 79 1 0.191102 0.921311 0.000000
n 80 1 0.419822 0.879911 0.000000
n 81 1 0.157345 0.452930 0.000000
n 82 1 0.114952 0.744625 0.000000
n 83 1 0.569355 0.953223 0.000000
n 84 1 -0.118127 0.095677 0.000000
n 85 1 0.203514 0.481437 0.000000
n 86 1 0.624271 0.870178 0.000000
n 87 1 0.144649 0.722371 0.000000
n 88 1 0.342659 0.644222 0.000000
n 89 1 0.726216 0.970051 0.000000
n 90 1 0.719347 0.142102 0.000000
n 91 1 0.279040 0.376016 0.000000
n 92 1 -0.150665 0.244871 0.000000
n 93 1 0.328957 0.384510 0.000000
n 94 1 0.807340 0.778191 0.000000
n 95 2 0.954541 1.000000 0.000000
n 96 1 0.521040 0.655024 0.000000
n 97 2 0.473452 1.000000 0.000000
n 98 1 0.152281 0.723690 0.000000
n 99 2 0.244647 1.000000 0.000000
n 100 2 0.251146 0.000000 0.000000
n 101 1 0.235222 0.261359 0.000000
n 102 1 0.441305 0.128558 0.000000
n 103 1 0.464554 0.628809 0.000000
n 104 2 0.165381 1.000000 0.000000
n 105 1 0.911021 0.976939 0.000000
n 106 1 0.799273 0.284238 0.000000
n 107 1 1.087082 0.695354 0.000000
n 108 1 0.848536 0.088676 0.000000
n 109 1 0.486362 0.426627 0.000000
n 110 2 0.496113 0.000000 0.000000
n 111 1 0.815425 0.187544 0.000000
n 112 1 0.115622 0.058517 0.000000
n 113 1 0.612125 0.050142 0.000000
n 114 1 0.882907 0.751838 0.000000
n 115 1 0.403197 0.606302 0.000000
n 116 1 0.185364 0.746683 0.000000
n 117 1 0.057367 0.261738 0.000000
n 118 1 0.954960 0.381713 0.000000
n 119 1 0.905653 0.879329 0.000000
n 120 2 0.579424 1.000000 0.000000
n 121 1 0.622124 0.586949 0.000000
n 122 1 0.480801 0.721844 0.000000
n 123 1 0.861762 0.408798 0.000000
n 124 1 0.200858 0.388768 0.000000
n 125 1 0.651083 0.175174 0.000000
n 126 2 0.222405 0.000000 0.000000
n 127 1 -0.061157 0.256227 0.000000
n 128 1 0.747778 0.876895 0.000000
n 129 1 0.071308 0.498974 0.000000
n 130 1 0.537284 0.535013 0.000000
n 131 1 1.002969 0.351770 0.000000
n 132 2 0.895044 1.000000 0.000000
n 133 1 1.009089 0.566215 0.000000
n 134 1 0.377728 0.452254 0.000000
n 135 1 0.941045 0.683919 0.000000
n 136 1 0.760991 0.918158 0.000000
n 137 1 0.576573 0.449438 0.000000
n 138 1 -0.156474 0.401788 0.000000
n 139 1 0.330814 0.514266 0.000000
n 140 1 0.874385 0.897830 0.000000
n 141 1 0.422385 0.675283 0.000000
n 142 1 0.530759 0.121955 0.000000
n 143 2 0.848507 0.000000 0.000000
n 144 1 0.461833 0.896701 0.000000
n 145 1 0.018832 0.659865 0.000000
n 146 1 0.230132 0.040192 0.000000
n 147 1 0.170471 0.536249 0.000000
n 148 1 0.470812 0.295135 0.000000
n 149 2 0.277020 0.000000 0.000000
n 150 1 0.475627 0.281123 0.000000
n 151 2 0.847634 0.000000 0.000000
n 152 1 0.899536 0.634529 0.000000
n 153 2 1.136410 1.000000 0.000000
n 154 1 0.239832 0.730822 0.000000
n 155 2 0.194788 1.000000 0.000000
n 156 1 0.571882 0.444176 0.000000
n 157 1 0.155380 0.155525 0.000000
n 158 1 0.785787 0.635291 0.000000
n 159 1 0.710972 0.139667 0.000000
n 160 1 0.727912 0.675386 0.000000
n 161 1 0.924710 0.218790 0.000000
n 162 1 0.432214 0.453698 0.000000
n 163 2 0.410100 0.000000 0.000000
n 164 1 0.981186 0.577919 0.000000
n 165 2 0.784542 1.000000 0.000000
n 166 1 0.614597 0.573093 0.000000
n 167 2 0.737108 1.000000 0.000000
n 168 1 0.339909 0.396348 0.000000
n 169 1 0.747753 0.693958 0.000000
n 170 1 -0.027099 0.128943 0.000000
n 171 1 1.047508 0.618850 0.000000
n 172 1 1.111606 0.741224 0.000000
n 173 2 0.828562 1.000000 0.000000
n 174 1 0.706921 0.435782 0.000000
n 175 1 0.413242 0.026515 0.000000
n 176 1 0.312014 0.998291 0.000000
n 177 1 0.817868 0.914156 0.000000
n 178 1 0.932164 0.218916 0.000000
n 179 1 0.566771 0.549962 0.000000
n 180 1 1.080226 0.346733 0.000000
n 181 1 0.580601 0.354369 0.000000
n 182 1 0.699532 0.539070 0.000000
n 183 1 0.288447 0.239692 0.000000
n 184 1 -0.134183 0.882111 0.000000
n 185 1 0.364910 0.865128 0.000000
n 186 2 0.840701 0.000000 0.000000
n 187 1 -0.134299 0.273476 0.000000
n 188 1 0.748216 0.092299 0.000000
n 189 2 0.435108 0.000000 0.000000
n 190 1 0.809225 0.833838 0.000000
n 191 2 1.041651 1.000000 0.000000
n 192 1 0.112329 0.511961 0.000000
n 193 1 -0.122698 0.948449 0.000000
n 194 2 0.458992 1.000000 0.000000
n 195 1 0.349146 0.602627 0.000000
n 196 1 0.635094 0.687963 0.000000
n 197 2 0.684109 1.000000 0.000000
n 198 1 0.120511 0.514569 0.000000
n 199 1 0.265287 0.040069 0.000000
n 200 0 0.389007 0.706022 0.000000
n 201 0 0.433855 0.786348 0.000000
n 202 0 0.259648 0.492190 0.000000
n 203 0 0.287935 0.536523 0.000000
n 204 0 0.314921 0.579647 0.000000
n 205 0 0.376598 0.684554 0.000000
n 206 0 0.309933 0.571213 0.000000
n 207 0 0.443550 0.803592 0.000000
n 208 0 0.447404 0.810427 0.000000
n 209 0 0.364368 0.662527 0.000000
n 210 0 0.274118 0.513754 0.000000
n 211 0 0.267448 0.503711 0.000000
n 212 0 0.364514 0.662787 0.000000
n 213 0 0.214757 0.809662 0.000000
n 214 0 0.210820 0.812113 0.000000
n 215 0 0.064481 0.898985 0.000000
n 216 0 0.150570 0.849025 0.000000
n 217 0 0.283524 0.768055 0.000000
n 218 0 0.204286 0.816167 0.000000
n 219 0 0.340996 0.734181 0.000000
n 220 0 0.113397 0.870042 0.000000
n 221 0 0.337164 0.736448 0.000000
n 222 0 0.234010 0.797668 0.000000
n 223 0 0.289002 0.764798 0.000000
n 224 0 0.187027 0.826803 0.000000
n 225 0 0.254642 0.785017 0.000000
n 226 0 0.067929 0.896910 0.000000
n 227 0 0.227741 0.801555 0.000000
n 228 0 -0.010484 0.945835 0.000000
n 229 0 0.106410 0.874139 0.000000
n 230 0 0.377748 0.712674 0.000000
n 231 0 0.796653 0.688412 0.000000
n 232 0 0.965223 0.724030 0.000000
n 233 0 0.797192 0.688533 0.000000
n 234 0 0.803360 0.689913 0.000000
n 235 0 1.057971 0.743008 0.000000
n 236 0 0.831920 0.696279 0.000000
n 237 0 0.848447 0.699829 0.000000
n 238 0 0.921501 0.714830 0.000000
n 239 0 0.616763 0.645806 0.000000
n 240 0 0.892555 0.708828 0.000000
n 241 0 0.967384 0.724478 0.000000
n 242 0 0.666885 0.656956 0.000000
n 243 0 0.955903 0.722098 0.000000
n 244 0 0.728746 0.673649 0.000000
n 245 0 0.918271 0.714155 0.000000
n 246 0 0.637530 0.650332 0.000000
n 247 0 0.717804 0.670344 0.000000
n 248 0 0.992341 0.729692 0.000000
n 249 0 0.493037 0.332009 0.000000
n 250 0 0.521267 0.510754 0.000000
n 251 0 0.529213 0.563228 0.000000
n 252 0 0.463350 0.194310 0.000000
n 253 0 0.474194 0.264206 0.000000
n 254 0 0.500307 0.414225 0.000000
n 255 0 0.472853 0.255774 0.000000
n 256 0 0.476856 0.280172 0.000000
n 257 0 0.497837 0.389185 0.000000
n 258 0 0.523807 0.525830 0.000000
n 259 0 0.498671 0.397634 0.000000
n 260 0 1.102207 0.580797 0.000000
n 261 0 0.985467 0.540182 0.000000
n 262 0 0.829511 0.490406 0.000000
n 263 0 0.796116 0.479340 0.000000
n 264 0 0.863712 0.501215 0.000000
n 265 0 0.931062 0.522541 0.000000
n 266 0 1.028899 0.554364 0.000000
n 267 0 1.137731 0.594423 0.000000
n 268 0 0.976648 0.537279 0.000000
n 269 0 1.148768 0.598229 0.000000
n 270 0 0.940694 0.525602 0.000000
n 271 0 0.782648 0.474669 0.000000
n 272 0 1.023805 0.552663 0.000000
n 273 0 1.125997 0.590282 0.000000
n 274 0 0.767948 0.469617 0.000000
n 275 0 0.814052 0.485405 0.000000
n 276 0 1.042970 0.559116 0.000000
n 277 0 1.077171 0.570927 0.000000
n 278 0 0.992767 0.043471 0.000000
n 279 0 0.822381 0.047646 0.000000
n 280 0 0.571749 0.045485 0.000000
n 281 0 0.732779 0.051356 0.000000
n 282 0 0.788016 0.049003 0.000000
n 283 0 0.845273 0.045349 0.000000
n 284 0 0.592973 0.045168 0.000000
n 285 0 0.057558 0.485383 0.000000
n 286 0 0.235070 0.850168 0.000000
n 287 0 0.210503 0.801179 0.000000
n 288 0 0.119556 0.621016 0.000000
n 289 0 0.093397 0.559660 0.000000
n 290 0 0.201448 0.783181 0.000000
n 291 0 0.175350 0.731049 0.000000
n 292 0 0.067320 0.503466 0.000000
n 293 0 0.109463 0.597735 0.000000
n 294 0 0.037382 0.446490 0.000000
n 295 0 0.184171 0.748969 0.000000
n 296 0 0.223671 0.827350 0.000000
n 297 0 0.030144 0.430683 0.000000
n 298 0 0.244515 0.869190 0.000000
n 299 0 0.089534 0.550341 0.000000
n 300 0 0.058989 0.198202 0.000000
n 301 0 -0.077865 0.250759 0.000000
n 302 0 0.354646 0.095292 0.000000
n 303 0 0.301702 0.114435 0.000000
n 304 0 0.015010 0.222460 0.000000
n 305 0 0.243896 0.138707 0.000000
n 306 0 0.217124 0.149604 0.000000
n 307 0 0.347139 0.098058 0.000000
n 308 0 0.171066 0.166479 0.000000
n 309 0 0.000243 0.229543 0.000000
n 310 0 0.236329 0.141840 0.000000
n 311 0 0.734810 0.736902 0.000000
n 312 0 0.680290 0.744269 0.000000
n 313 0 0.797384 0.724736 0.000000
n 314 0 0.443368 0.784640 0.000000
n 315 0 0.417746 0.789312 0.000000
n 316 0 0.791783 0.725808 0.000000
n 317 0 0.372509 0.797596 0.000000
n 318 0 0.385644 0.795227 0.000000
n 319 0 0.497409 0.775637 0.000000
n 320 0 0.502376 0.774819 0.000000
n 321 0 0.792284 0.725712 0.000000
n 322 0 0.603808 0.757305 0.000000
n 323 0 0.696950 0.741407 0.000000
n 324 0 0.592933 0.759257 0.000000
n 325 0 0.664005 0.746873 0.000000
n 326 0 0.398488 0.792888 0.000000
n 327 0 0.642851 0.750322 0.000000
n 328 0 0.898377 0.608623 0.000000
n 329 0 0.797197 0.688000 0.000000
n 330 0 0.806356 0.681068 0.000000
n 331 0 0.954768 0.564053 0.000000
n 332 0 0.811094 0.677478 0.000000
n 333 0 0.996043 0.532070 0.000000
n 334 0 0.760080 0.716835 0.000000
n 335 0 0.812357 0.676519 0.000000
n 336 0 0.980938 0.543661 0.000000
n 337 0 0.760536 0.716476 0.000000
n 338 0 0.935080 0.579579 0.000000
n 339 0 1.091145 0.457705 0.000000
n 340 0 1.037411 0.500330 0.000000
n 341 0 1.032682 0.151903 0.000000
n 342 0 0.929426 0.265437 0.000000
n 343 0 0.929670 0.265925 0.000000
n 344 0 0.848489 0.088712 0.000000
n 345 0 0.980354 0.361208 0.000000
n 346 0 1.014726 0.437502 0.000000
n 347 0 0.807866 0.019214 0.000000
n 348 0 0.813097 0.029298 0.000000
n 349 0 0.916979 0.234632 0.000000
n 350 0 0.916219 0.232383 0.000000
n 351 0 0.971925 0.344377 0.000000
n 352 0 0.855424 0.102094 0.000000
n 353 0 0.123178 0.584130 0.000000
n 354 0 0.208122 0.528403 0.000000
n 355 0 0.452700 0.357351 0.000000
n 356 0 0.142501 0.571466 0.000000
n 357 0 0.248577 0.500281 0.000000
n 358 0 0.454276 0.356176 0.000000
n 359 0 0.423980 0.381314 0.000000
n 360 0 0.375196 0.419668 0.000000
n 361 0 0.451480 0.358270 0.000000
n 362 0 0.795418 0.432166 0.000000
n 363 0 0.853889 0.532096 0.000000
n 364 0 1.000541 0.783401 0.000000
n 365 0 1.011949 0.801994 0.000000
n 366 0 0.927131 0.658344 0.000000
n 367 0 0.808337 0.453470 0.000000
n 368 0 0.930171 0.663726 0.000000
n 369 0 0.796337 0.433690 0.000000
n 370 0 0.966823 0.726723 0.000000
n 371 0 0.941135 0.683870 0.000000
n 372 0 0.819587 0.473184 0.000000
n 373 0 0.936233 0.674659 0.000000
n 374 0 0.761604 0.376308 0.000000
n 375 0 0.981270 0.751131 0.000000
n 376 0 0.325729 0.529852 0.000000
n 377 0 0.460006 0.516670 0.000000
n 378 0 0.604655 0.500333 0.000000
n 379 0 0.604812 0.500295 0.000000
n 380 0 0.505770 0.512942 0.000000
n 381 0 0.613943 0.498009 0.000000
n 382 0 0.635781 0.492486 0.000000
n 383 0 0.778833 0.823371 0.000000
n 384 0 0.797169 0.838205 0.000000
n 385 0 0.834888 0.865874 0.000000
n 386 0 0.897988 0.914574 0.000000
n 387 0 0.987675 0.983665 0.000000
n 388 0 0.788236 0.831061 0.000000
n 389 0 0.914576 0.926909 0.000000
n 390 0 0.705248 0.764113 0.000000
n 391 0 0.843951 0.872828 0.000000
n 392 0 0.658962 0.726596 0.000000
n 393 0 0.912252 0.925153 0.000000
n 394 0 0.919659 0.930785 0.000000
n 395 0 0.895466 0.912694 0.000000
n 396 0 0.637715 0.709032 0.000000
n 397 0 0.797509 0.817381 0.000000
n 398 0 0.920953 0.774175 0.000000
n 399 0 0.940823 0.767103 0.000000
n 400 0 0.950342 0.763706 0.000000
n 401 0 0.489188 0.917332 0.000000
n 402 0 0.616173 0.875559 0.000000
n 403 0 0.826564 0.807536 0.000000
n 404 0 0.479639 0.920716 0.000000
n 405 0 0.915653 0.776043 0.000000
n 406 0 0.587983 0.884949 0.000000
n 407 0 0.801602 0.816035 0.000000
n 408 0 0.731458 0.838344 0.000000
n 409 0 0.743143 0.834717 0.000000
n 410 0 0.884521 0.786760 0.000000
n 411 0 0.692097 0.851031 0.000000
n 412 0 0.659005 0.861663 0.000000
n 413 0 0.797165 0.708751 0.000000
n 414 0 0.794927 0.540127 0.000000
n 415 0 0.797517 0.665095 0.000000
n 416 0 0.795548 0.397454 0.000000
n 417 0 0.797411 0.727384 0.000000
n 418 0 0.797502 0.666764 0.000000
n 419 0 0.797409 0.727188 0.000000
n 420 0 0.796143 0.463683 0.000000
n 421 0 0.797459 0.820718 0.000000
n 422 0 0.795442 0.434008 0.000000
n 423 0 0.795240 0.524713 0.000000
n 424 0 0.793390 0.348856 0.000000
n 425 0 0.794012 0.366125 0.000000
n 426 0 0.207883 0.807509 0.000000
n 427 0 0.188732 0.777555 0.000000
n 428 0 0.155396 0.725428 0.000000
n 429 0 0.163622 0.738659 0.000000
n 430 0 0.223046 0.831222 0.000000
n 431 0 0.247033 0.869103 0.000000
n 432 0 0.991419 0.841650 0.000000
n 433 0 0.997594 0.840697 0.000000
n 434 0 0.637122 0.892810 0.000000
n 435 0 0.863196 0.862000 0.000000
n 436 0 0.907962 0.855487 0.000000
n 437 0 0.586474 0.900104 0.000000
n 438 0 0.934778 0.850692 0.000000
n 439 0 0.746287 0.878421 0.000000
n 440 0 0.813945 0.868681 0.000000
n 441 0 1.031116 0.835655 0.000000
n 442 0 0.848416 0.864039 0.000000
n 443 0 0.701497 0.884527 0.000000
n 444 0 1.007001 0.839274 0.000000
n 445 0 0.850713 0.863726 0.000000
n 446 0 0.928239 0.851834 0.000000
n 447 0 0.663313 0.889544 0.000000
n 448 0 0.034553 0.875330 0.000000
n 449 0 0.142936 0.958367 0.000000
n 450 0 0.073617 0.905970 0.000000
n 451 0 0.195496 0.995396 0.000000
n 452 0 -0.001538 0.846934 0.000000
n 453 0 0.164103 0.973389 0.000000
n 454 0 0.035114 0.875773 0.000000
n 455 0 0.883474 0.440016 0.000000
n 456 0 0.808411 0.675034 0.000000
n 457 0 0.879259 0.453250 0.000000
n 458 0 0.808717 0.674132 0.000000
n 459 0 0.929340 0.265826 0.000000
n 460 0 0.891918 0.413211 0.000000
n 461 0 0.897378 0.395835 0.000000
n 462 0 0.892233 0.412205 0.000000
n 463 0 0.909410 0.353590 0.000000
n 464 0 0.382000 0.141677 0.000000
n 465 0 0.376855 0.144259 0.000000
n 466 0 0.426023 0.119017 0.000000
n 467 0 0.368708 0.148407 0.000000
n 468 0 0.563741 0.040809 0.000000
n 469 0 0.544351 0.052158 0.000000
n 470 0 0.374106 0.145649 0.000000
n 471 0 0.413596 0.125638 0.000000
n 472 0 0.463466 0.098157 0.000000
n 473 0 0.568336 0.038246 0.000000
n 474 0 0.945710 0.986096 0.000000
n 475 0 0.922477 0.977920 0.000000
n 476 0 0.903158 0.971228 0.000000
n 477 0 0.813926 0.940245 0.000000
n 478 0 0.873179 0.961038 0.000000
n 479 0 0.175346 0.883860 0.000000
n 480 0 0.231095 0.960377 0.000000
n 481 0 0.207252 0.926676 0.000000
n 482 0 0.250514 0.987329 0.000000
n 483 0 0.167458 0.872831 0.000000
n 484 0 0.306026 0.580520 0.000000
n 485 0 0.461283 0.568201 0.000000
n 486 0 0.689272 0.544043 0.000000
n 487 0 0.626545 0.553652 0.000000
n 488 0 0.775183 0.541590 0.000000
n 489 0 0.787543 0.540659 0.000000
n 490 0 0.569605 0.559755 0.000000
n 491 0 0.898681 0.466147 0.000000
n 492 0 0.939462 0.537217 0.000000
n 493 0 0.978531 0.605792 0.000000
n 494 0 0.864940 0.408225 0.000000
n 495 0 0.991833 0.629668 0.000000
n 496 0 1.003451 0.650789 0.000000
n 497 0 0.863619 0.406007 0.000000
n 498 0 0.855633 0.392720 0.000000
n 499 0 0.972901 0.595733 0.000000
n 500 0 0.816766 0.329248 0.000000
n 501 0 0.836691 0.362192 0.000000
n 502 0 1.019444 0.677757 0.000000
n 503 0 0.264785 0.691384 0.000000
n 504 0 0.262315 0.681653 0.000000
n 505 0 0.261500 0.678450 0.000000
n 506 0 0.297897 0.827750 0.000000
n 507 0 0.282220 0.762721 0.000000
n 508 0 0.292243 0.805636 0.000000
n 509 0 0.309288 0.867004 0.000000
n 510 0 0.381148 0.143144 0.000000
n 511 0 0.399441 0.111308 0.000000
n 512 0 0.375944 0.152100 0.000000
n 513 0 0.429765 0.053861 0.000000
n 514 0 0.376887 0.150462 0.000000
n 515 0 0.318123 0.270895 0.000000
n 516 0 0.413462 0.084682 0.000000
n 517 0 0.430806 0.051884 0.000000
n 518 0 0.320481 0.267221 0.000000
n 519 0 0.452788 0.005332 0.000000
n 520 0 0.900153 0.755894 0.000000
n 521 0 0.804097 0.671098 0.000000
n 522 0 0.916255 0.770054 0.000000
n 523 0 0.872977 0.732246 0.000000
n 524 0 0.948630 0.798210 0.000000
n 525 0 0.752110 0.624984 0.000000
n 526 0 0.899427 0.755259 0.000000
n 527 0 1.001498 0.844219 0.000000
n 528 0 1.035023 0.875775 0.000000
n 529 0 0.954208 0.803069 0.000000
n 530 0 0.257889 0.691837 0.000000
n 531 0 0.278842 0.690473 0.000000
n 532 0 0.616410 0.672409 0.000000
n 533 0 0.308694 0.688792 0.000000
n 534 0 0.389369 0.684004 0.000000
n 535 0 0.517331 0.677782 0.000000
n 536 0 0.620944 0.672114 0.000000
n 537 0 0.614049 0.672562 0.000000
n 538 0 0.535540 0.677151 0.000000
n 539 0 0.671532 0.669000 0.000000
n 540 0 0.437910 0.682947 0.000000
n 541 0 0.643419 0.670657 0.000000
n 542 0 0.370175 0.684876 0.000000
n 543 0 0.447086 0.124613 0.000000
n 544 0 0.366178 0.147099 0.000000
n 545 0 0.238766 0.186552 0.000000
n 546 0 0.209686 0.196238 0.000000
n 547 0 0.373769 0.145064 0.000000
n 548 0 0.212516 0.195319 0.000000
n 549 0 0.413445 0.134578 0.000000
n 550 0 0.476217 0.115462 0.000000
n 551 0 0.219984 0.192851 0.000000
n 552 0 0.263201 0.679626 0.000000
n 553 0 0.165535 0.904431 0.000000
n 554 0 0.280425 0.641579 0.000000
n 555 0 0.215394 0.789340 0.000000
n 556 0 0.233092 0.747711 0.000000
n 557 0 0.192595 0.843844 0.000000
n 558 0 0.223876 0.769061 0.000000
n 559 0 0.239435 0.733081 0.000000
n 560 0 0.138410 0.969748 0.000000
n 561 0 0.180462 0.872298 0.000000
n 562 0 0.953619 0.502938 0.000000
n 563 0 1.158659 0.649326 0.000000
n 564 0 0.943899 0.496353 0.000000
n 565 0 0.840039 0.427136 0.000000
n 566 0 1.024793 0.551529 0.000000
n 567 0 0.830913 0.421151 0.000000
n 568 0 1.096735 0.603601 0.000000
n 569 0 0.840345 0.427337 0.000000
n 570 0 1.043375 0.564453 0.000000
n 571 0 1.070070 0.583317 0.000000
n 572 0 0.443595 0.807719 0.000000
n 573 0 0.444533 0.896932 0.000000
n 574 0 0.443654 0.813105 0.000000
n 575 0 0.443223 0.728938 0.000000
n 576 0 0.444123 0.887544 0.000000
n 577 0 0.449906 0.971332 0.000000
n 578 0 0.332090 0.727903 0.000000
n 579 0 0.456963 0.817223 0.000000
n 580 0 0.149853 0.603156 0.000000
n 581 0 0.129585 0.588595 0.000000
n 582 0 0.087026 0.554563 0.000000
n 583 0 0.392934 0.771608 0.000000
n 584 0 0.967235 0.774364 0.000000
n 585 0 0.822518 0.734435 0.000000
n 586 0 0.917201 0.760616 0.000000
n 587 0 0.614136 0.671763 0.000000
n 588 0 0.561330 0.657023 0.000000
n 589 0 0.861749 0.745433 0.000000
n 590 0 0.955636 0.771163 0.000000
n 591 0 0.679474 0.690778 0.000000
n 592 0 0.995675 0.782083 0.000000
n 593 0 0.899246 0.755644 0.000000
n 594 0 0.646385 0.680980 0.000000
n 595 0 0.969049 0.774862 0.000000
n 596 0 0.114270 0.039027 0.000000
n 597 0 0.248775 0.068955 0.000000
n 598 0 0.188118 0.055268 0.000000
n 599 0 0.169409 0.051113 0.000000
n 600 0 0.227359 0.064063 0.000000
n 601 0 0.343384 0.092116 0.000000
n 602 0 0.413705 0.115504 0.000000
n 603 0 0.490412 0.135773 0.000000
n 604 0 0.256770 0.070817 0.000000
n 605 0 0.246992 0.092217 0.000000
n 606 0 0.441626 0.183254 0.000000
n 607 0 0.158939 0.056591 0.000000
n 608 0 0.161847 0.057740 0.000000
n 609 0 0.224975 0.083195 0.000000
n 610 0 0.378626 0.153458 0.000000
n 611 0 0.411967 0.169876 0.000000
n 612 0 0.250028 0.093456 0.000000
n 613 0 0.918848 0.743901 0.000000
n 614 0 0.882402 0.721064 0.000000
n 615 0 0.956546 0.767631 0.000000
n 616 0 1.007304 0.799141 0.000000
n 617 0 0.907895 0.737017 0.000000
n 618 0 1.033125 0.815233 0.000000
n 619 0 1.119116 0.873785 0.000000
n 620 0 0.968798 0.775346 0.000000
n 621 0 0.367954 0.789656 0.000000
n 622 0 0.218403 0.543975 0.000000
n 623 0 0.180619 0.485874 0.000000
n 624 0 0.415752 0.872829 0.000000
n 625 0 0.173893 0.476354 0.000000
n 626 0 0.480633 0.913502 0.000000
n 627 0 0.167265 0.767974 0.000000
n 628 0 0.228751 0.795301 0.000000
n 629 0 0.423081 0.887344 0.000000
n 630 0 0.079476 0.312317 0.000000
n 631 0 0.066552 0.295765 0.000000
n 632 0 -0.009550 0.198398 0.000000
n 633 0 0.172564 0.435747 0.000000
n 634 0 -0.007696 0.200153 0.000000
n 635 0 0.152314 0.405853 0.000000
n 636 0 0.600558 0.862711 0.000000
n 637 0 0.493761 0.829091 0.000000
n 638 0 0.152583 0.724628 0.000000
n 639 0 0.181575 0.732867 0.000000
n 640 0 0.590864 0.859659 0.000000
n 641 0 0.236679 0.748776 0.000000
n 642 0 0.400277 0.799798 0.000000
n 643 0 0.501654 0.779264 0.000000
n 644 0 0.591416 0.855026 0.000000
n 645 0 0.721992 0.966388 0.000000
n 646 0 0.364469 0.662612 0.000000
n 647 0 0.667153 0.918826 0.000000
n 648 0 0.284037 0.373283 0.000000
n 649 0 0.442783 0.279198 0.000000
n 650 0 0.595480 0.199801 0.000000
n 651 0 0.455245 0.272557 0.000000
n 652 0 0.551385 0.222548 0.000000
n 653 0 0.383278 0.319008 0.000000
n 654 0 0.712173 0.145443 0.000000
n 655 0 0.413277 0.297315 0.000000
n 656 0 0.550284 0.223124 0.000000
n 657 0 0.383663 0.318748 0.000000
n 658 0 0.070415 0.310079 0.000000
n 659 0 0.251426 0.365133 0.000000
n 660 0 0.187228 0.339469 0.000000
n 661 0 -0.094168 0.258809 0.000000
n 662 0 0.005400 0.291504 0.000000
n 663 0 -0.109792 0.254392 0.000000
n 664 0 -0.135807 0.248332 0.000000
n 665 0 0.173784 0.335064 0.000000
n 666 0 0.941504 0.979549 0.000000
n 667 0 0.819024 0.796027 0.000000
n 668 0 0.912375 0.935557 0.000000
n 669 0 0.855383 0.849904 0.000000
n 670 0 0.907986 0.929081 0.000000
n 671 0 0.907923 0.928989 0.000000
n 672 0 0.876024 0.881650 0.000000
n 673 0 0.876340 0.882130 0.000000
n 674 0 0.896002 0.911663 0.000000
n 675 0 0.514782 0.693421 0.000000
n 676 0 0.511300 0.718678 0.000000
n 677 0 0.155777 0.734567 0.000000
n 678 0 0.211701 0.900414 0.000000
n 679 0 0.239388 0.985346 0.000000
n 680 0 0.201672 0.871208 0.000000
n 681 0 0.249765 0.052374 0.000000
n 682 0 0.237586 0.211468 0.000000
n 683 0 0.245937 0.107838 0.000000
n 684 0 0.464355 0.625125 0.000000
n 685 0 0.442354 0.268127 0.000000
n 686 0 0.442037 0.253242 0.000000
n 687 0 0.452536 0.355103 0.000000
n 688 0 0.461743 0.476865 0.000000
n 689 0 0.452832 0.359204 0.000000
n 690 0 0.134550 0.997245 0.000000
n 691 0 0.023899 0.987044 0.000000
n 692 0 0.944612 0.489624 0.000000
n 693 0 1.003171 0.576614 0.000000
n 694 0 0.883520 0.401090 0.000000
n 695 0 1.005334 0.579872 0.000000
n 696 0 1.039371 0.631816 0.000000
n 697 0 0.891042 0.411946 0.000000
n 698 0 1.082943 0.689859 0.000000
n 699 0 0.863809 0.373460 0.000000
n 700 0 0.825853 0.321141 0.000000
n 701 0 0.853947 0.360146 0.000000
n 702 0 1.041587 0.634960 0.000000
n 703 0 0.758978 0.157353 0.000000
n 704 0 0.514371 0.401464 0.000000
n 705 0 0.725443 0.209239 0.000000
n 706 0 0.610980 0.303012 0.000000
n 707 0 0.509229 0.406288 0.000000
n 708 0 0.581162 0.051063 0.000000
n 709 0 0.630178 0.085509 0.000000
n 710 0 0.685211 0.117899 0.000000
n 711 0 0.551761 0.033719 0.000000
n 712 0 0.163396 0.056393 0.000000
n 713 0 0.228606 0.053334 0.000000
n 714 0 0.314285 0.050484 0.000000
n 715 0 0.413014 0.053283 0.000000
n 716 0 0.432206 0.053907 0.000000
n 717 0 0.262028 0.051835 0.000000
n 718 0 0.614308 0.670174 0.000000
n 719 0 0.563181 0.655541 0.000000
n 720 0 0.861539 0.745680 0.000000
n 721 0 0.679016 0.689501 0.000000
n 722 0 0.645952 0.679463 0.000000
n 723 0 0.144896 0.581017 0.000000
n 724 0 0.118107 0.468682 0.000000
n 725 0 0.123599 0.507372 0.000000
n 726 0 0.926059 0.668695 0.000000
n 727 0 0.950827 0.424814 0.000000
n 728 0 0.925398 0.675149 0.000000
n 729 0 0.922425 0.705059 0.000000
n 730 0 0.620349 0.607087 0.000000
n 731 0 0.603007 0.764200 0.000000
n 732 0 0.621372 0.595501 0.000000
n 733 0 0.621318 0.596112 0.000000
n 734 0 0.860368 0.409975 0.000000
n 735 0 0.641548 0.589076 0.000000
n 736 0 0.494125 0.710699 0.000000
n 737 0 0.769881 0.485034 0.000000
n 738 0 0.840675 0.426603 0.000000
n 739 0 0.623950 0.604039 0.000000
n 740 0 0.627780 0.600796 0.000000
n 741 0 0.696442 0.536812 0.000000
n 742 0 0.449871 0.264763 0.000000
n 743 0 0.562192 0.214544 0.000000
n 744 0 0.368640 0.310349 0.000000
n 745 0 0.412367 0.283662 0.000000
n 746 0 0.548489 0.220657 0.000000
n 747 0 0.369860 0.309656 0.000000
n 748 0 -0.008496 0.197216 0.000000
n 749 0 1.007685 0.571321 0.000000
n 750 0 0.771759 0.849727 0.000000
n 751 0 0.923364 0.671953 0.000000
n 752 0 0.955335 0.633499 0.000000
n 753 0 1.040901 0.533220 0.000000
n 754 0 0.604795 0.500261 0.000000
n 755 0 0.868184 0.406980 0.000000
n 756 0 0.763642 0.444976 0.000000
n 757 0 0.845591 0.415630 0.000000
n 758 0 0.618069 0.493380 0.000000
n 759 0 0.628335 0.488076 0.000000
n 760 0 0.983070 0.661162 0.000000
n 761 0 0.964666 0.735348 0.000000
n 762 0 0.915889 0.921819 0.000000
n 763 0 0.913817 0.929872 0.000000
n 764 0 0.926796 0.879181 0.000000
n 765 0 0.918568 0.911480 0.000000
n 766 0 0.940696 0.828524 0.000000
n 767 0 0.285868 0.506779 0.000000
n 768 0 0.044636 0.629008 0.000000
n 769 0 0.727384 0.826595 0.000000
n 770 0 0.653141 0.619358 0.000000
n 771 0 0.607254 0.505376 0.000000
n 772 0 0.584697 0.464069 0.000000
n 773 0 0.173424 0.484564 0.000000
n 774 0 -0.148964 0.403365 0.000000
n 775 0 0.031332 0.444429 0.000000
n 776 0 0.137293 0.475460 0.000000
n 777 0 0.839687 0.881095 0.000000
n 778 0 0.679134 0.802132 0.000000
n 779 0 0.648398 0.786561 0.000000
n 780 0 0.846666 0.000745 0.000000
n 781 0 0.840921 0.003094 0.000000
n 782 0 0.669153 0.071221 0.000000
n 783 0 0.232359 0.773435 0.000000
n 784 0 0.027505 0.663923 0.000000
n 785 0 0.419421 0.874771 0.000000
n 786 0 0.210065 0.193713 0.000000
n 787 0 0.202154 0.251746 0.000000
n 788 0 0.410679 0.207179 0.000000
n 789 0 0.550400 0.223283 0.000000
n 790 0 0.841068 0.005070 0.000000
n 791 0 0.728341 0.087000 0.000000
n 792 0 0.931621 0.684954 0.000000
n 793 0 1.023783 0.824042 0.000000
n 794 0 1.111969 0.964200 0.000000
n 795 0 1.054838 0.875397 0.000000
n 796 0 0.978561 0.756393 0.000000
n 797 0 0.198058 0.978174 0.000000
n 798 0 0.216466 0.870405 0.000000
n 799 0 0.418866 0.336603 0.000000
n 800 0 0.390985 0.323150 0.000000
n 801 0 0.218239 0.199022 0.000000
n 802 0 0.777491 0.561986 0.000000
n 803 0 0.754513 0.381510 0.000000
n 804 0 0.753147 0.368988 0.000000
n 805 0 0.919378 0.229715 0.000000
n 806 0 0.870066 0.357974 0.000000
n 807 0 0.419100 0.338425 0.000000
n 808 0 0.824871 0.915370 0.000000
n 809 0 0.849142 0.862594 0.000000
n 810 0 0.621623 0.596332 0.000000
n 811 0 1.020215 0.345428 0.000000
n 812 0 0.908064 0.929009 0.000000
n 813 0 0.963995 0.877042 0.000000
n 814 0 0.923464 0.914914 0.000000
n 815 0 0.695923 0.414274 0.000000
n 816 0 0.669125 0.361869 0.000000
n 817 0 -0.046773 0.936940 0.000000
n 818 0 -0.111500 0.926405 0.000000
n 819 0 0.771318 0.368300 0.000000
n 820 0 0.624674 0.485965 0.000000
n 821 0 -0.124316 0.881666 0.000000
n 822 0 -0.087194 0.879924 0.000000
n 823 0 0.902101 0.900184 0.000000
