b 854 100 1.000000 1.000000 0.000000 1 0 0
f 0 0.010000 0 217 211 213 209 202 201 207 210 214 208 203 215 204 205 212 216 206 200 1 
f 1 0.010000 2 226 224 225 221 223 228 227 231 222 230 219 218 229 220 3 
f 2 0.010000 4 232 245 239 241 247 240 246 238 233 236 237 244 235 243 234 242 5 
f 3 0.010000 6 248 262 257 255 263 254 260 261 264 253 259 266 256 252 265 251 250 258 249 7 
f 4 0.010000 8 268 273 267 277 278 270 271 276 272 275 274 269 9 
f 5 0.010000 10 284 291 280 293 283 286 281 288 292 290 282 285 287 279 289 11 
f 6 0.010000 12 300 301 297 299 303 267 302 298 294 295 296 13 
f 7 0.010000 14 306 310 308 232 312 305 304 307 311 313 309 15 
f 8 0.010000 16 317 316 314 315 318 17 
f 9 0.010000 18 325 322 320 319 321 324 323 19 
f 10 0.010000 20 330 326 328 248 332 333 279 327 331 329 21 
f 11 0.010000 22 249 342 341 335 343 337 339 344 340 334 336 338 23 
f 12 0.010000 24 347 357 359 356 353 349 355 351 233 350 358 348 361 345 360 346 354 352 25 
f 13 0.010000 26 367 362 364 370 371 369 365 200 368 363 372 366 27 
f 14 0.010000 28 373 375 294 380 379 378 377 374 376 334 29 
f 15 0.010000 30 386 391 388 383 385 381 390 218 389 393 382 392 387 384 31 
f 16 0.010000 32 406 396 362 402 405 399 398 395 397 201 400 394 404 403 410 407 408 401 409 33 
f 17 0.010000 34 419 420 416 418 394 415 202 411 412 413 414 417 35 
f 18 0.010000 36 426 429 424 433 428 427 422 431 434 219 432 381 425 423 421 430 37 
f 19 0.010000 38 435 437 436 447 441 445 438 439 443 442 446 444 440 39 
f 20 0.010000 40 268 451 454 373 450 448 449 452 453 41 
f 21 0.010000 42 462 459 461 457 460 465 455 466 220 463 464 458 456 421 43 
f 22 0.010000 44 476 345 477 474 472 470 473 468 471 479 467 250 475 335 478 469 45 
f 23 0.010000 46 488 485 483 490 221 487 486 480 482 489 304 435 336 481 484 269 47 
f 24 0.010000 48 503 203 502 494 499 493 395 492 411 500 501 495 505 496 314 504 491 506 498 497 49 
f 25 0.010000 50 511 510 251 467 509 422 382 455 512 363 508 507 51 
f 26 0.010000 52 396 364 514 513 204 456 423 383 53 
f 27 0.010000 54 516 326 517 515 519 518 295 448 55 
f 28 0.010000 56 491 522 525 521 524 520 507 523 57 
f 29 0.010000 58 527 535 534 529 530 532 531 234 457 384 526 424 468 528 252 533 59 
f 30 0.010000 60 513 205 458 425 385 222 541 469 337 538 539 536 540 537 61 
f 31 0.010000 62 552 223 547 546 480 544 550 305 542 436 545 549 280 548 543 551 270 63 
f 32 0.010000 64 556 553 559 554 346 558 560 557 470 426 555 526 65 
f 33 0.010000 66 319 520 570 527 573 572 569 564 565 563 571 347 566 567 562 568 561 67 
f 34 0.010000 68 542 437 338 481 574 374 575 576 515 578 577 296 449 69 
f 35 0.010000 70 581 206 365 579 580 71 
f 36 0.010000 72 438 585 582 306 590 586 587 584 592 348 591 583 589 588 73 
f 37 0.010000 74 593 594 595 412 492 397 75 
f 38 0.010000 76 598 599 297 600 281 596 439 597 582 77 
f 39 0.010000 78 608 602 606 605 601 607 440 282 603 604 79 
f 40 0.010000 80 611 613 413 398 493 207 610 612 614 609 81 
f 41 0.010000 82 450 375 298 619 618 271 616 543 617 615 283 83 
f 42 0.010000 84 307 629 623 482 544 561 627 626 630 625 621 620 349 624 622 628 235 85 
f 43 0.010000 86 635 609 634 386 208 632 494 631 399 414 633 87 
f 44 0.010000 88 636 350 644 637 645 640 641 638 643 308 441 646 545 284 639 642 272 89 
f 45 0.010000 90 652 553 650 649 601 651 285 647 327 648 91 
f 46 0.010000 92 451 273 658 299 656 286 596 653 442 657 654 655 93 
f 47 0.010000 94 667 660 666 663 400 415 209 661 662 495 665 659 664 95 
f 48 0.010000 96 328 671 669 676 668 674 675 677 253 673 679 670 528 471 678 672 427 97 
f 49 0.010000 98 472 583 636 236 351 683 620 681 684 690 686 562 687 685 682 680 689 483 688 99 
f 50 0.010000 100 593 659 496 315 698 696 401 697 694 691 695 680 692 224 693 101 
f 51 0.010000 102 700 329 701 647 287 704 702 703 602 705 352 699 103 
f 52 0.010000 104 484 574 376 708 668 254 709 706 707 105 
f 53 0.010000 106 715 714 719 712 621 681 353 711 710 718 713 716 529 717 720 508 107 
f 54 0.010000 108 669 255 723 699 354 554 584 721 722 109 
f 55 0.010000 110 585 597 443 653 288 300 726 725 603 724 700 111 
f 56 0.010000 112 727 670 256 730 536 731 729 339 309 728 113 
f 57 0.010000 114 739 485 691 740 732 737 736 741 563 734 735 733 710 622 237 738 459 115 
f 58 0.010000 116 753 320 747 521 497 742 743 751 752 750 749 745 746 732 682 692 225 744 486 546 623 748 117 
f 59 0.010000 118 637 756 238 683 355 624 711 733 755 564 758 759 742 754 498 760 522 757 316 119 
f 60 0.010000 120 654 764 586 638 239 765 763 762 712 625 684 356 761 734 565 766 767 743 754 121 
f 61 0.010000 122 366 771 530 770 713 755 735 761 773 357 566 768 769 685 226 693 744 487 547 772 123 
f 62 0.010000 124 367 402 776 631 499 210 610 775 777 660 778 779 774 125 
f 63 0.010000 126 368 523 321 127 
f 64 0.010000 128 782 257 781 671 516 330 575 377 274 639 780 548 783 615 129 
f 65 0.010000 130 587 721 640 786 240 762 785 714 626 686 567 768 736 745 784 787 131 
f 66 0.010000 132 500 661 788 211 403 791 793 792 488 694 789 746 737 769 687 568 627 715 763 790 241 641 722 133 
f 67 0.010000 134 258 509 672 428 795 387 460 242 531 794 770 716 569 135 
f 68 0.010000 136 797 322 747 524 570 717 771 532 794 243 461 588 796 137 
f 69 0.010000 138 798 799 289 648 331 701 724 604 598 139 
f 70 0.010000 140 212 801 369 579 800 323 141 
f 71 0.010000 142 718 628 244 738 462 589 796 555 429 473 727 803 673 259 802 537 143 
f 72 0.010000 144 599 725 290 444 805 649 605 702 804 806 807 145 
f 73 0.010000 146 310 445 808 549 291 780 642 275 378 576 517 809 147 
f 74 0.010000 148 728 810 812 629 748 489 550 811 245 643 590 764 655 149 
f 75 0.010000 150 452 814 815 798 332 813 804 703 606 650 556 151 
f 76 0.010000 152 611 594 817 501 662 788 213 404 818 416 820 819 774 739 688 227 816 772 153 
f 77 0.010000 154 324 800 580 822 370 514 821 502 632 214 612 775 663 155 
f 78 0.010000 156 388 430 503 215 821 776 405 417 823 157 
f 79 0.010000 158 704 651 607 805 446 292 726 301 600 656 824 551 616 276 159 
f 80 0.010000 160 806 813 333 799 825 453 161 
f 81 0.010000 162 674 260 827 706 826 557 474 591 358 644 756 246 163 
f 82 0.010000 164 828 749 784 789 740 695 689 490 552 228 816 810 830 311 340 829 165 
f 83 0.010000 166 664 317 757 504 833 831 832 750 828 741 571 773 359 690 630 719 785 167 
f 84 0.010000 168 581 463 229 389 838 431 834 341 475 835 538 729 837 836 169 
f 85 0.010000 170 406 822 371 801 216 464 390 432 230 839 834 342 171 
f 86 0.010000 172 765 790 247 786 645 592 476 360 558 840 826 707 841 261 675 173 
f 87 0.010000 174 781 262 842 608 705 559 652 657 175 
f 88 0.010000 176 361 477 560 840 843 263 676 708 177 
f 89 0.010000 178 478 343 835 510 844 533 730 845 802 677 264 841 827 709 843 723 782 842 807 179 
f 90 0.010000 180 823 633 613 595 817 665 505 217 847 407 846 181 
f 91 0.010000 182 391 634 614 777 666 418 818 791 849 846 408 696 831 751 848 766 758 572 534 183 
f 92 0.010000 184 465 392 795 433 678 479 265 844 511 539 731 850 836 829 185 
f 93 0.010000 186 454 302 277 851 824 617 783 293 808 646 447 312 811 187 
f 94 0.010000 188 812 830 313 344 837 850 540 845 266 679 803 189 
f 95 0.010000 190 635 667 778 852 819 419 792 697 409 787 832 752 848 767 759 573 535 191 
f 96 0.010000 192 779 852 820 420 793 849 410 847 318 698 833 506 760 525 325 797 753 193 
f 97 0.010000 194 814 577 518 853 379 618 278 851 303 658 195 
f 98 0.010000 196 825 815 809 578 519 853 380 619 197 
f 99 0.010000 198 720 372 512 466 393 838 434 839 541 231 199 
n 0 1 -0.239336 0.221912 0.000000
n 1 1 0.250053 0.119685 0.000000
n 2 1 0.710838 0.452558 0.000000
n 3 1 1.188929 0.307772 0.000000
n 4 1 0.726637 0.669693 0.000000
n 5 1 0.365996 0.315532 0.000000
n 6 1 0.246915 0.863717 0.000000
n 7 1 0.145785 0.372559 0.000000
n 8 2 0.798883 1.000000 0.000000
n 9 1 0.895568 0.760268 0.000000
n 10 1 0.868010 0.762995 0.000000
n 11 1 0.406169 0.939421 0.000000
n 12 1 0.604528 0.871966 0.000000
n 13 1 1.095284 0.975902 0.000000
n 14 1 0.621966 0.708454 0.000000
n 15 1 1.051379 0.458436 0.000000
n 16 2 0.600643 0.000000 0.000000
n 17 1 0.743167 0.249282 0.000000
n 18 1 0.613923 0.186537 0.000000
n 19 2 0.165424 0.000000 0.000000
n 20 1 0.027259 0.773246 0.000000
n 21 1 0.498549 0.956893 0.000000
n 22 1 0.169425 0.360689 0.000000
n 23 1 0.849564 0.734055 0.000000
n 24 1 0.650536 0.401054 0.000000
n 25 1 0.285975 0.736146 0.000000
n 26 2 0.068484 0.000000 0.000000
n 27 1 0.427508 0.332647 0.000000
n 28 2 0.910613 1.000000 0.000000
n 29 1 0.920245 0.571556 0.000000
n 30 1 -0.057279 0.206787 0.000000
n 31 1 0.384477 0.456248 0.000000
n 32 1 1.115180 0.006696 0.000000
n 33 1 0.716398 0.299216 0.000000
n 34 1 0.791721 0.304190 0.000000
n 35 2 0.915932 0.000000 0.000000
n 36 1 0.359837 0.519706 0.000000
n 37 1 -0.017195 0.180313 0.000000
n 38 1 0.918961 0.659156 0.000000
n 39 1 0.492786 0.902017 0.000000
n 40 1 0.716597 0.967923 0.000000
n 41 1 1.216279 0.994885 0.000000
n 42 1 0.483287 0.463720 0.000000
n 43 1 0.032404 0.232957 0.000000
n 44 1 0.551432 0.614145 0.000000
n 45 1 0.089276 0.412512 0.000000
n 46 1 0.738213 0.302797 0.000000
n 47 1 0.902255 0.781501 0.000000
n 48 1 1.047315 0.169697 0.000000
n 49 1 0.549413 0.220785 0.000000
n 50 1 0.116265 0.503921 0.000000
n 51 1 0.403850 0.096672 0.000000
n 52 2 0.097428 0.000000 0.000000
n 53 1 0.043906 0.331313 0.000000
n 54 1 1.087433 0.692938 0.000000
n 55 2 0.994285 1.000000 0.000000
n 56 1 0.659334 0.208350 0.000000
n 57 1 0.171895 0.102142 0.000000
n 58 1 0.569118 0.280772 0.000000
n 59 1 0.136075 0.517569 0.000000
n 60 1 0.081460 0.097761 0.000000
n 61 1 0.103039 0.598159 0.000000
n 62 1 0.790032 0.400149 0.000000
n 63 1 0.842992 0.899054 0.000000
n 64 1 0.536549 0.860604 0.000000
n 65 1 0.299416 0.413592 0.000000
n 66 1 0.431358 0.090384 0.000000
n 67 1 0.706780 0.511020 0.000000
n 68 1 0.803570 0.613214 0.000000
n 69 2 1.063990 1.000000 0.000000
n 70 1 0.187780 0.265945 0.000000
n 71 2 0.141734 0.000000 0.000000
n 72 1 0.732153 0.770382 0.000000
n 73 1 0.366998 0.419392 0.000000
n 74 2 0.686408 0.000000 0.000000
n 75 1 0.870036 0.189693 0.000000
n 76 2 0.620268 1.000000 0.000000
n 77 1 0.731041 0.736035 0.000000
n 78 1 0.322939 0.710414 0.000000
n 79 2 0.576343 1.000000 0.000000
n 80 2 0.749000 0.000000 0.000000
n 81 1 0.992128 0.311350 0.000000
n 82 2 0.946886 1.000000 0.000000
n 83 1 0.764608 0.768725 0.000000
n 84 1 0.945419 0.533658 0.000000
n 85 1 0.456381 0.424838 0.000000
n 86 1 0.972103 0.309991 0.000000
n 87 2 0.878994 0.000000 0.000000
n 88 1 0.501806 0.504305 0.000000
n 89 1 0.899146 0.822555 0.000000
n 90 1 0.495225 0.706965 0.000000
n 91 2 0.456157 1.000000 0.000000
n 92 2 0.840491 1.000000 0.000000
n 93 1 0.608743 0.712243 0.000000
n 94 1 0.940140 0.323001 0.000000
n 95 2 0.620134 0.000000 0.000000
n 96 1 0.112641 0.870725 0.000000
n 97 1 0.216533 0.383111 0.000000
n 98 1 0.402620 0.552352 0.000000
n 99 1 0.858035 0.355130 0.000000
n 100 2 0.710312 0.000000 0.000000
n 101 1 0.753799 0.488588 0.000000
n 102 2 0.508658 1.000000 0.000000
n 103 1 0.288254 0.619914 0.000000
n 104 1 0.830430 0.752101 0.000000
n 105 1 0.286780 0.569991 0.000000
n 106 1 0.689453 0.521205 0.000000
n 107 1 0.314141 0.186322 0.000000
n 108 1 0.132309 0.720230 0.000000
n 109 1 0.614692 0.602195 0.000000
n 110 1 0.726969 0.758827 0.000000
n 111 2 0.474228 1.000000 0.000000
n 112 1 0.354451 0.560570 0.000000
n 113 1 -0.135798 0.464281 0.000000
n 114 1 0.894594 0.341273 0.000000
n 115 1 0.407966 0.450318 0.000000
n 116 1 0.522030 0.144871 0.000000
n 117 1 0.842685 0.534016 0.000000
n 118 1 0.538376 0.553840 0.000000
n 119 1 0.692163 0.077998 0.000000
n 120 1 0.619655 0.768154 0.000000
n 121 1 0.628031 0.265340 0.000000
n 122 1 0.380680 0.304277 0.000000
n 123 1 0.847916 0.481256 0.000000
n 124 2 1.082120 0.000000 0.000000
n 125 1 0.798561 0.324904 0.000000
n 126 1 0.246232 0.201578 0.000000
n 127 2 0.428540 0.000000 0.000000
n 128 1 1.269162 0.739600 0.000000
n 129 1 0.778097 0.815161 0.000000
n 130 1 0.510409 0.729131 0.000000
n 131 1 0.723597 0.277689 0.000000
n 132 1 0.820390 0.182123 0.000000
n 133 1 0.581799 0.618327 0.000000
n 134 1 0.131178 0.426379 0.000000
n 135 1 0.610958 0.307489 0.000000
n 136 1 0.570422 0.060640 0.000000
n 137 1 0.381305 0.522985 0.000000
n 138 1 0.228249 0.900603 0.000000
n 139 1 0.722406 0.986372 0.000000
n 140 1 0.090819 0.237151 0.000000
n 141 2 0.168340 0.000000 0.000000
n 142 1 0.565263 0.400420 0.000000
n 143 1 0.100649 0.575981 0.000000
n 144 1 0.752766 0.966565 0.000000
n 145 1 0.288998 0.778696 0.000000
n 146 1 0.657581 0.686062 0.000000
n 147 1 1.101161 0.928668 0.000000
n 148 1 -0.065713 0.452238 0.000000
n 149 1 0.550887 0.771013 0.000000
n 150 2 0.085607 1.000000 0.000000
n 151 1 0.526581 0.789454 0.000000
n 152 2 0.818858 0.000000 0.000000
n 153 1 0.800748 0.485975 0.000000
n 154 2 0.173145 0.000000 0.000000
n 155 1 0.851700 0.243668 0.000000
n 156 1 0.034521 0.262996 0.000000
n 157 2 0.902096 0.000000 0.000000
n 158 1 0.373457 0.885622 0.000000
n 159 1 0.872229 0.865915 0.000000
n 160 1 0.416747 0.834886 0.000000
n 161 2 0.197878 1.000000 0.000000
n 162 1 0.114846 0.630727 0.000000
n 163 1 0.599541 0.515365 0.000000
n 164 1 0.629000 0.301942 0.000000
n 165 1 1.021870 0.611183 0.000000
n 166 1 0.682281 0.044514 0.000000
n 167 1 0.621450 0.541775 0.000000
n 168 1 0.216160 0.195209 0.000000
n 169 1 0.009448 0.649519 0.000000
n 170 2 0.114250 0.000000 0.000000
n 171 1 1.147368 0.406856 0.000000
n 172 1 0.627139 0.559291 0.000000
n 173 1 0.128692 0.610474 0.000000
n 174 1 1.183381 0.759430 0.000000
n 175 1 0.682987 0.768298 0.000000
n 176 1 0.484663 0.554711 0.000000
n 177 1 0.000772 0.667524 0.000000
n 178 1 0.103745 0.416668 0.000000
n 179 1 0.356294 0.851162 0.000000
n 180 2 0.907058 0.000000 0.000000
n 181 1 0.763637 0.266825 0.000000
n 182 1 -0.011600 0.225204 0.000000
n 183 1 0.499718 0.318833 0.000000
n 184 1 0.330939 0.319290 0.000000
n 185 1 0.945559 0.634919 0.000000
n 186 2 0.842439 1.000000 0.000000
n 187 1 0.773695 0.550774 0.000000
n 188 1 0.828052 0.487502 0.000000
n 189 1 0.321367 0.559927 0.000000
n 190 1 0.976944 0.290151 0.000000
n 191 1 0.479541 0.291173 0.000000
n 192 1 0.978106 0.357060 0.000000
n 193 1 0.522150 0.149383 0.000000
n 194 1 0.226818 0.957452 0.000000
n 195 1 0.729965 0.902814 0.000000
n 196 1 0.375768 0.948436 0.000000
n 197 1 0.876788 0.923978 0.000000
n 198 1 0.443124 0.269340 0.000000
n 199 1 0.954530 0.373648 0.000000
n 200 0 0.206546 0.128134 0.000000
n 201 0 -0.155410 0.203434 0.000000
n 202 0 -0.168865 0.206411 0.000000
n 203 0 -0.011901 0.174756 0.000000
n 204 0 0.073324 0.156144 0.000000
n 205 0 0.084460 0.153830 0.000000
n 206 0 0.164221 0.136353 0.000000
n 207 0 -0.099156 0.191734 0.000000
n 208 0 -0.064616 0.185081 0.000000
n 209 0 -0.175089 0.207784 0.000000
n 210 0 -0.081938 0.188428 0.000000
n 211 0 -0.197122 0.212651 0.000000
n 212 0 0.120391 0.146312 0.000000
n 213 0 -0.190672 0.211236 0.000000
n 214 0 -0.070974 0.186317 0.000000
n 215 0 -0.011392 0.174653 0.000000
n 216 0 0.124682 0.145343 0.000000
n 217 0 -0.209242 0.215310 0.000000
n 218 0 1.151828 0.319191 0.000000
n 219 0 1.142352 0.322234 0.000000
n 220 0 1.186093 0.308632 0.000000
n 221 0 0.777500 0.431018 0.000000
n 222 0 1.096148 0.336352 0.000000
n 223 0 0.791779 0.426425 0.000000
n 224 0 0.749701 0.439977 0.000000
n 225 0 0.758834 0.437060 0.000000
n 226 0 0.736981 0.444095 0.000000
n 227 0 0.803251 0.422782 0.000000
n 228 0 0.792853 0.426082 0.000000
n 229 0 1.164870 0.315067 0.000000
n 230 0 1.139189 0.323243 0.000000
n 231 0 1.034093 0.355304 0.000000
n 232 0 0.714916 0.659128 0.000000
n 233 0 0.547723 0.497646 0.000000
n 234 0 0.419430 0.368849 0.000000
n 235 0 0.479841 0.430887 0.000000
n 236 0 0.545273 0.495276 0.000000
n 237 0 0.484986 0.436178 0.000000
n 238 0 0.554052 0.503769 0.000000
n 239 0 0.619455 0.568417 0.000000
n 240 0 0.597867 0.547551 0.000000
n 241 0 0.612616 0.561873 0.000000
n 242 0 0.413334 0.362766 0.000000
n 243 0 0.437420 0.386989 0.000000
n 244 0 0.484142 0.435312 0.000000
n 245 0 0.698060 0.643935 0.000000
n 246 0 0.573832 0.522764 0.000000
n 247 0 0.612295 0.561565 0.000000
n 248 0 0.244965 0.854253 0.000000
n 249 0 0.147004 0.384842 0.000000
n 250 0 0.154305 0.442037 0.000000
n 251 0 0.155744 0.452105 0.000000
n 252 0 0.162158 0.503127 0.000000
n 253 0 0.171530 0.558056 0.000000
n 254 0 0.184092 0.613404 0.000000
n 255 0 0.201205 0.699978 0.000000
n 256 0 0.165988 0.527434 0.000000
n 257 0 0.222871 0.750559 0.000000
n 258 0 0.150638 0.421455 0.000000
n 259 0 0.169973 0.550250 0.000000
n 260 0 0.183538 0.610860 0.000000
n 261 0 0.181635 0.602343 0.000000
n 262 0 0.224572 0.755292 0.000000
n 263 0 0.186389 0.624314 0.000000
n 264 0 0.177418 0.584304 0.000000
n 265 0 0.157494 0.465327 0.000000
n 266 0 0.168247 0.540801 0.000000
n 267 0 0.832071 0.918761 0.000000
n 268 0 0.810043 0.972951 0.000000
n 269 0 0.892823 0.766344 0.000000
n 270 0 0.842580 0.893217 0.000000
n 271 0 0.850006 0.875300 0.000000
n 272 0 0.876445 0.803090 0.000000
n 273 0 0.813670 0.964075 0.000000
n 274 0 0.879130 0.796663 0.000000
n 275 0 0.876599 0.802717 0.000000
n 276 0 0.853454 0.866771 0.000000
n 277 0 0.832274 0.918263 0.000000
n 278 0 0.833527 0.915198 0.000000
n 279 0 0.429388 0.930233 0.000000
n 280 0 0.831646 0.778309 0.000000
n 281 0 0.694803 0.831115 0.000000
n 282 0 0.496477 0.905802 0.000000
n 283 0 0.786774 0.797951 0.000000
n 284 0 0.841813 0.774027 0.000000
n 285 0 0.468310 0.915475 0.000000
n 286 0 0.709139 0.825727 0.000000
n 287 0 0.463760 0.917164 0.000000
n 288 0 0.630072 0.857055 0.000000
n 289 0 0.412646 0.936858 0.000000
n 290 0 0.539872 0.891028 0.000000
n 291 0 0.833173 0.777665 0.000000
n 292 0 0.568459 0.880897 0.000000
n 293 0 0.813834 0.785875 0.000000
n 294 0 0.914164 0.936472 0.000000
n 295 0 1.007549 0.956772 0.000000
n 296 0 1.039434 0.963724 0.000000
n 297 0 0.671853 0.884769 0.000000
n 298 0 0.893735 0.932279 0.000000
n 299 0 0.769781 0.905299 0.000000
n 300 0 0.612673 0.873507 0.000000
n 301 0 0.632195 0.877201 0.000000
n 302 0 0.832342 0.918820 0.000000
n 303 0 0.793289 0.910365 0.000000
n 304 0 0.831834 0.591614 0.000000
n 305 0 0.811253 0.603684 0.000000
n 306 0 0.648499 0.698643 0.000000
n 307 0 0.926243 0.529642 0.000000
n 308 0 0.703570 0.667458 0.000000
n 309 0 1.002679 0.485031 0.000000
n 310 0 0.668287 0.691326 0.000000
n 311 0 0.933889 0.524941 0.000000
n 312 0 0.784990 0.618550 0.000000
n 313 0 0.973188 0.501137 0.000000
n 314 0 0.714562 0.200199 0.000000
n 315 0 0.728721 0.224650 0.000000
n 316 0 0.674251 0.132301 0.000000
n 317 0 0.670617 0.126122 0.000000
n 318 0 0.742598 0.248312 0.000000
n 319 0 0.459145 0.129869 0.000000
n 320 0 0.530372 0.154969 0.000000
n 321 0 0.356535 0.080294 0.000000
n 322 0 0.531836 0.155515 0.000000
n 323 0 0.167994 0.001056 0.000000
n 324 0 0.170460 0.002069 0.000000
n 325 0 0.564725 0.167944 0.000000
n 326 0 0.062724 0.785588 0.000000
n 327 0 0.463915 0.943290 0.000000
n 328 0 0.126905 0.818032 0.000000
n 329 0 0.481094 0.950029 0.000000
n 330 0 0.039806 0.777612 0.000000
n 331 0 0.469761 0.945573 0.000000
n 332 0 0.326390 0.885646 0.000000
n 333 0 0.338294 0.890701 0.000000
n 334 0 0.917642 0.642624 0.000000
n 335 0 1.112682 0.422825 0.000000
n 336 0 0.867470 0.711367 0.000000
n 337 0 1.101997 0.434909 0.000000
n 338 0 0.865335 0.714072 0.000000
n 339 0 1.040449 0.498909 0.000000
n 340 0 0.979084 0.565968 0.000000
n 341 0 1.126223 0.407761 0.000000
n 342 0 1.145291 0.386687 0.000000
n 343 0 1.108462 0.427589 0.000000
n 344 0 1.025764 0.514950 0.000000
n 345 0 0.458509 0.573377 0.000000
n 346 0 0.398178 0.625040 0.000000
n 347 0 0.640852 0.410053 0.000000
n 348 0 0.493911 0.546303 0.000000
n 349 0 0.590898 0.456395 0.000000
n 350 0 0.523249 0.521197 0.000000
n 351 0 0.554956 0.490681 0.000000
n 352 0 0.329341 0.694787 0.000000
n 353 0 0.601258 0.446761 0.000000
n 354 0 0.355108 0.670213 0.000000
n 355 0 0.559240 0.486565 0.000000
n 356 0 0.622722 0.426921 0.000000
n 357 0 0.639687 0.411135 0.000000
n 358 0 0.498419 0.542614 0.000000
n 359 0 0.636499 0.414099 0.000000
n 360 0 0.453555 0.577375 0.000000
n 361 0 0.482660 0.555098 0.000000
n 362 0 0.093151 0.022896 0.000000
n 363 0 0.317662 0.227422 0.000000
n 364 0 0.093903 0.023595 0.000000
n 365 0 0.155275 0.080191 0.000000
n 366 0 0.426800 0.331953 0.000000
n 367 0 0.076066 0.007081 0.000000
n 368 0 0.262143 0.184813 0.000000
n 369 0 0.145253 0.071190 0.000000
n 370 0 0.115924 0.044183 0.000000
n 371 0 0.117564 0.045707 0.000000
n 372 0 0.372130 0.278372 0.000000
n 373 0 0.911899 0.978502 0.000000
n 374 0 0.920848 0.785303 0.000000
n 375 0 0.913164 0.956780 0.000000
n 376 0 0.915059 0.713182 0.000000
n 377 0 0.920814 0.791220 0.000000
n 378 0 0.918173 0.828266 0.000000
n 379 0 0.914687 0.924855 0.000000
n 380 0 0.914661 0.925433 0.000000
n 381 0 0.118027 0.301603 0.000000
n 382 0 0.222873 0.358684 0.000000
n 383 0 0.057076 0.269182 0.000000
n 384 0 0.322033 0.417624 0.000000
n 385 0 0.093334 0.288456 0.000000
n 386 0 -0.056372 0.207343 0.000000
n 387 0 0.277456 0.390052 0.000000
n 388 0 0.030379 0.253891 0.000000
n 389 0 0.161038 0.324002 0.000000
n 390 0 0.138341 0.312224 0.000000
n 391 0 -0.024888 0.226679 0.000000
n 392 0 0.258772 0.378875 0.000000
n 393 0 0.163387 0.325245 0.000000
n 394 0 0.827085 0.216361 0.000000
n 395 0 0.870931 0.184093 0.000000
n 396 0 1.094122 0.022182 0.000000
n 397 0 0.867166 0.186755 0.000000
n 398 0 0.886296 0.173389 0.000000
n 399 0 0.923665 0.146928 0.000000
n 400 0 0.830736 0.213656 0.000000
n 401 0 0.734266 0.285799 0.000000
n 402 0 1.009247 0.085149 0.000000
n 403 0 0.781541 0.250195 0.000000
n 404 0 0.808578 0.230122 0.000000
n 405 0 0.961525 0.119989 0.000000
n 406 0 1.114981 0.006843 0.000000
n 407 0 0.766404 0.261525 0.000000
n 408 0 0.762464 0.264500 0.000000
n 409 0 0.729777 0.289170 0.000000
n 410 0 0.767948 0.260362 0.000000
n 411 0 0.838898 0.187376 0.000000
n 412 0 0.847331 0.166606 0.000000
n 413 0 0.858971 0.139035 0.000000
n 414 0 0.894933 0.052078 0.000000
n 415 0 0.828927 0.211831 0.000000
n 416 0 0.807040 0.265926 0.000000
n 417 0 0.909789 0.015427 0.000000
n 418 0 0.811521 0.254878 0.000000
n 419 0 0.797771 0.289022 0.000000
n 420 0 0.802724 0.276606 0.000000
n 421 0 0.050163 0.242152 0.000000
n 422 0 0.207398 0.380466 0.000000
n 423 0 0.060763 0.251790 0.000000
n 424 0 0.274147 0.443810 0.000000
n 425 0 0.093095 0.280004 0.000000
n 426 0 0.340127 0.502444 0.000000
n 427 0 0.215369 0.387921 0.000000
n 428 0 0.230488 0.401598 0.000000
n 429 0 0.328075 0.491887 0.000000
n 430 0 0.007033 0.202555 0.000000
n 431 0 0.156727 0.334373 0.000000
n 432 0 0.138880 0.319305 0.000000
n 433 0 0.231517 0.402542 0.000000
n 434 0 0.149839 0.328549 0.000000
n 435 0 0.865284 0.686631 0.000000
n 436 0 0.824543 0.709940 0.000000
n 437 0 0.856175 0.691293 0.000000
n 438 0 0.725903 0.764293 0.000000
n 439 0 0.718479 0.769210 0.000000
n 440 0 0.493247 0.901778 0.000000
n 441 0 0.788703 0.730853 0.000000
n 442 0 0.683538 0.793321 0.000000
n 443 0 0.715097 0.771482 0.000000
n 444 0 0.524946 0.885328 0.000000
n 445 0 0.770506 0.741583 0.000000
n 446 0 0.531138 0.882091 0.000000
n 447 0 0.803982 0.722118 0.000000
n 448 0 0.999467 0.983331 0.000000
n 449 0 1.054801 0.986340 0.000000
n 450 0 0.930916 0.979554 0.000000
n 451 0 0.820739 0.973527 0.000000
n 452 0 1.108286 0.988487 0.000000
n 453 0 1.204642 0.994195 0.000000
n 454 0 0.839328 0.974526 0.000000
n 455 0 0.239390 0.336236 0.000000
n 456 0 0.061504 0.248023 0.000000
n 457 0 0.356033 0.400976 0.000000
n 458 0 0.092568 0.263258 0.000000
n 459 0 0.440604 0.444369 0.000000
n 460 0 0.321353 0.381091 0.000000
n 461 0 0.415825 0.433280 0.000000
n 462 0 0.448268 0.447843 0.000000
n 463 0 0.170980 0.301116 0.000000
n 464 0 0.136600 0.284776 0.000000
n 465 0 0.283049 0.358831 0.000000
n 466 0 0.201777 0.316610 0.000000
n 467 0 0.161033 0.445057 0.000000
n 468 0 0.221388 0.473216 0.000000
n 469 0 0.101541 0.417908 0.000000
n 470 0 0.353823 0.528712 0.000000
n 471 0 0.197392 0.461089 0.000000
n 472 0 0.406064 0.551108 0.000000
n 473 0 0.295137 0.505729 0.000000
n 474 0 0.421821 0.557139 0.000000
n 475 0 0.118094 0.425257 0.000000
n 476 0 0.465501 0.576445 0.000000
n 477 0 0.437624 0.563803 0.000000
n 478 0 0.104924 0.419397 0.000000
n 479 0 0.174792 0.451201 0.000000
n 480 0 0.797605 0.495923 0.000000
n 481 0 0.869802 0.722718 0.000000
n 482 0 0.801064 0.505718 0.000000
n 483 0 0.766917 0.394079 0.000000
n 484 0 0.873072 0.734601 0.000000
n 485 0 0.759841 0.370725 0.000000
n 486 0 0.791353 0.477384 0.000000
n 487 0 0.786198 0.460881 0.000000
n 488 0 0.743513 0.319443 0.000000
n 489 0 0.817368 0.549440 0.000000
n 490 0 0.771352 0.409517 0.000000
n 491 0 0.655417 0.207432 0.000000
n 492 0 0.865086 0.184626 0.000000
n 493 0 0.893379 0.182309 0.000000
n 494 0 0.933461 0.179138 0.000000
n 495 0 0.807770 0.190551 0.000000
n 496 0 0.726458 0.198925 0.000000
n 497 0 0.579704 0.216967 0.000000
n 498 0 0.649482 0.208171 0.000000
n 499 0 0.925897 0.179737 0.000000
n 500 0 0.816070 0.189662 0.000000
n 501 0 0.810224 0.190289 0.000000
n 502 0 0.939432 0.178664 0.000000
n 503 0 0.988640 0.174710 0.000000
n 504 0 0.661076 0.206727 0.000000
n 505 0 0.803835 0.190967 0.000000
n 506 0 0.652368 0.207811 0.000000
n 507 0 0.383742 0.130033 0.000000
n 508 0 0.337066 0.207475 0.000000
n 509 0 0.183894 0.413042 0.000000
n 510 0 0.131391 0.484138 0.000000
n 511 0 0.125955 0.491247 0.000000
n 512 0 0.263438 0.303409 0.000000
n 513 0 0.081705 0.102355 0.000000
n 514 0 0.087181 0.066107 0.000000
n 515 0 1.015968 0.928507 0.000000
n 516 0 1.066116 0.772870 0.000000
n 517 0 1.024608 0.892294 0.000000
n 518 0 1.013608 0.936833 0.000000
n 519 0 1.015421 0.930476 0.000000
n 520 0 0.485650 0.167532 0.000000
n 521 0 0.553130 0.182936 0.000000
n 522 0 0.650133 0.206193 0.000000
n 523 0 0.321860 0.121886 0.000000
n 524 0 0.523607 0.175903 0.000000
n 525 0 0.647177 0.205498 0.000000
n 526 0 0.305638 0.427200 0.000000
n 527 0 0.561526 0.284987 0.000000
n 528 0 0.188859 0.488601 0.000000
n 529 0 0.472855 0.336923 0.000000
n 530 0 0.453545 0.347903 0.000000
n 531 0 0.444213 0.353401 0.000000
n 532 0 0.452572 0.348465 0.000000
n 533 0 0.143248 0.513597 0.000000
n 534 0 0.503194 0.318140 0.000000
n 535 0 0.549872 0.291457 0.000000
n 536 0 0.101705 0.514540 0.000000
n 537 0 0.102667 0.575243 0.000000
n 538 0 0.102017 0.459739 0.000000
n 539 0 0.101676 0.510877 0.000000
n 540 0 0.101940 0.530557 0.000000
n 541 0 0.096436 0.340930 0.000000
n 542 0 0.817946 0.634552 0.000000
n 543 0 0.840415 0.863096 0.000000
n 544 0 0.798759 0.505288 0.000000
n 545 0 0.830190 0.764921 0.000000
n 546 0 0.796119 0.482991 0.000000
n 547 0 0.794300 0.463552 0.000000
n 548 0 0.834000 0.803869 0.000000
n 549 0 0.831482 0.776730 0.000000
n 550 0 0.806111 0.558740 0.000000
n 551 0 0.840759 0.867360 0.000000
n 552 0 0.791698 0.425199 0.000000
n 553 0 0.489218 0.779834 0.000000
n 554 0 0.412158 0.650215 0.000000
n 555 0 0.334166 0.489593 0.000000
n 556 0 0.503358 0.803963 0.000000
n 557 0 0.373080 0.568363 0.000000
n 558 0 0.380208 0.584273 0.000000
n 559 0 0.478388 0.760252 0.000000
n 560 0 0.377691 0.578575 0.000000
n 561 0 0.684607 0.477643 0.000000
n 562 0 0.660861 0.441488 0.000000
n 563 0 0.634385 0.400012 0.000000
n 564 0 0.602768 0.350865 0.000000
n 565 0 0.624035 0.384017 0.000000
n 566 0 0.642041 0.411913 0.000000
n 567 0 0.652589 0.428558 0.000000
n 568 0 0.669235 0.454504 0.000000
n 569 0 0.581144 0.315786 0.000000
n 570 0 0.511509 0.206593 0.000000
n 571 0 0.637579 0.404964 0.000000
n 572 0 0.573428 0.304144 0.000000
n 573 0 0.565495 0.291521 0.000000
n 574 0 0.876381 0.733243 0.000000
n 575 0 0.924730 0.790624 0.000000
n 576 0 0.967397 0.860039 0.000000
n 577 0 1.022321 0.937747 0.000000
n 578 0 1.017359 0.930505 0.000000
n 579 0 0.150729 0.054153 0.000000
n 580 0 0.145241 0.021490 0.000000
n 581 0 0.187243 0.262994 0.000000
n 582 0 0.721834 0.760345 0.000000
n 583 0 0.474031 0.526556 0.000000
n 584 0 0.562542 0.616355 0.000000
n 585 0 0.723776 0.762221 0.000000
n 586 0 0.616420 0.669770 0.000000
n 587 0 0.564339 0.618165 0.000000
n 588 0 0.406727 0.459694 0.000000
n 589 0 0.411983 0.465026 0.000000
n 590 0 0.639378 0.690621 0.000000
n 591 0 0.491703 0.544048 0.000000
n 592 0 0.519494 0.573834 0.000000
n 593 0 0.712366 0.027152 0.000000
n 594 0 0.812713 0.131087 0.000000
n 595 0 0.827671 0.146475 0.000000
n 596 0 0.701656 0.815576 0.000000
n 597 0 0.719335 0.766940 0.000000
n 598 0 0.631487 0.972031 0.000000
n 599 0 0.650551 0.930168 0.000000
n 600 0 0.676331 0.874516 0.000000
n 601 0 0.475688 0.878217 0.000000
n 602 0 0.389918 0.779098 0.000000
n 603 0 0.531234 0.946943 0.000000
n 604 0 0.539918 0.957588 0.000000
n 605 0 0.460667 0.858418 0.000000
n 606 0 0.442334 0.835539 0.000000
n 607 0 0.478604 0.882125 0.000000
n 608 0 0.374954 0.763753 0.000000
n 609 0 0.958520 0.265946 0.000000
n 610 0 0.907388 0.200070 0.000000
n 611 0 0.815082 0.083711 0.000000
n 612 0 0.908322 0.201250 0.000000
n 613 0 0.842852 0.118871 0.000000
n 614 0 0.933179 0.231711 0.000000
n 615 0 0.796830 0.811210 0.000000
n 616 0 0.843673 0.867217 0.000000
n 617 0 0.822467 0.840953 0.000000
n 618 0 0.885342 0.921648 0.000000
n 619 0 0.887493 0.924389 0.000000
n 620 0 0.615773 0.462234 0.000000
n 621 0 0.620852 0.463424 0.000000
n 622 0 0.493492 0.434392 0.000000
n 623 0 0.819349 0.508878 0.000000
n 624 0 0.570005 0.451691 0.000000
n 625 0 0.621470 0.463567 0.000000
n 626 0 0.634653 0.466620 0.000000
n 627 0 0.659664 0.472321 0.000000
n 628 0 0.489297 0.433324 0.000000
n 629 0 0.855599 0.514844 0.000000
n 630 0 0.630356 0.465628 0.000000
n 631 0 0.931646 0.173301 0.000000
n 632 0 0.934478 0.182319 0.000000
n 633 0 0.889205 0.033472 0.000000
n 634 0 0.949098 0.229566 0.000000
n 635 0 0.965887 0.289835 0.000000
n 636 0 0.511170 0.511682 0.000000
n 637 0 0.543507 0.537860 0.000000
n 638 0 0.619077 0.599989 0.000000
n 639 0 0.870348 0.797870 0.000000
n 640 0 0.585918 0.573510 0.000000
n 641 0 0.600361 0.585151 0.000000
n 642 0 0.874652 0.801553 0.000000
n 643 0 0.686538 0.654373 0.000000
n 644 0 0.537699 0.533075 0.000000
n 645 0 0.577438 0.566741 0.000000
n 646 0 0.807501 0.746743 0.000000
n 647 0 0.466989 0.923403 0.000000
n 648 0 0.463724 0.944562 0.000000
n 649 0 0.478378 0.865444 0.000000
n 650 0 0.487107 0.814116 0.000000
n 651 0 0.474858 0.882174 0.000000
n 652 0 0.490888 0.759574 0.000000
n 653 0 0.689185 0.800080 0.000000
n 654 0 0.617648 0.721936 0.000000
n 655 0 0.611484 0.715227 0.000000
n 656 0 0.744246 0.871251 0.000000
n 657 0 0.661407 0.767318 0.000000
n 658 0 0.771643 0.907784 0.000000
n 659 0 0.718031 0.100178 0.000000
n 660 0 0.864792 0.247976 0.000000
n 661 0 0.812721 0.195507 0.000000
n 662 0 0.810115 0.192896 0.000000
n 663 0 0.856606 0.239982 0.000000
n 664 0 0.679712 0.062483 0.000000
n 665 0 0.805348 0.188130 0.000000
n 666 0 0.861743 0.244983 0.000000
n 667 0 0.905087 0.288099 0.000000
n 668 0 0.158888 0.624297 0.000000
n 669 0 0.138404 0.718438 0.000000
n 670 0 0.178212 0.529552 0.000000
n 671 0 0.139968 0.769776 0.000000
n 672 0 0.210873 0.406510 0.000000
n 673 0 0.173578 0.548776 0.000000
n 674 0 0.160155 0.617623 0.000000
n 675 0 0.162500 0.605282 0.000000
n 676 0 0.157098 0.633235 0.000000
n 677 0 0.169268 0.568977 0.000000
n 678 0 0.206657 0.423996 0.000000
n 679 0 0.175237 0.541669 0.000000
n 680 0 0.746662 0.403080 0.000000
n 681 0 0.618162 0.461136 0.000000
n 682 0 0.735752 0.407927 0.000000
n 683 0 0.558500 0.489002 0.000000
n 684 0 0.621598 0.459560 0.000000
n 685 0 0.690423 0.428073 0.000000
n 686 0 0.642495 0.449953 0.000000
n 687 0 0.681521 0.432090 0.000000
n 688 0 0.805593 0.377547 0.000000
n 689 0 0.756948 0.398479 0.000000
n 690 0 0.631615 0.454961 0.000000
n 691 0 0.743959 0.374405 0.000000
n 692 0 0.748395 0.423854 0.000000
n 693 0 0.750431 0.448639 0.000000
n 694 0 0.738827 0.327877 0.000000
n 695 0 0.745443 0.389811 0.000000
n 696 0 0.732920 0.270387 0.000000
n 697 0 0.734577 0.289182 0.000000
n 698 0 0.730421 0.242882 0.000000
n 699 0 0.321474 0.680451 0.000000
n 700 0 0.496904 0.978619 0.000000
n 701 0 0.479618 0.947256 0.000000
n 702 0 0.430074 0.846845 0.000000
n 703 0 0.427821 0.842276 0.000000
n 704 0 0.447276 0.883112 0.000000
n 705 0 0.379949 0.763799 0.000000
n 706 0 0.203027 0.605333 0.000000
n 707 0 0.225275 0.595945 0.000000
n 708 0 0.092070 0.647499 0.000000
n 709 0 0.191213 0.610348 0.000000
n 710 0 0.565432 0.416585 0.000000
n 711 0 0.577888 0.427174 0.000000
n 712 0 0.621458 0.463938 0.000000
n 713 0 0.507017 0.366927 0.000000
n 714 0 0.631786 0.472690 0.000000
n 715 0 0.650704 0.488605 0.000000
n 716 0 0.480600 0.343763 0.000000
n 717 0 0.461671 0.327013 0.000000
n 718 0 0.552966 0.405746 0.000000
n 719 0 0.629727 0.470950 0.000000
n 720 0 0.408841 0.273702 0.000000
n 721 0 0.565617 0.615536 0.000000
n 722 0 0.586544 0.609847 0.000000
n 723 0 0.231025 0.691568 0.000000
n 724 0 0.522790 0.954459 0.000000
n 725 0 0.578245 0.904421 0.000000
n 726 0 0.607083 0.878656 0.000000
n 727 0 0.208643 0.534908 0.000000
n 728 0 -0.089777 0.471177 0.000000
n 729 0 0.077757 0.509298 0.000000
n 730 0 0.147987 0.524263 0.000000
n 731 0 0.098111 0.513775 0.000000
n 732 0 0.714159 0.381396 0.000000
n 733 0 0.582707 0.412477 0.000000
n 734 0 0.623473 0.402654 0.000000
n 735 0 0.617946 0.403991 0.000000
n 736 0 0.670372 0.391570 0.000000
n 737 0 0.709133 0.382571 0.000000
n 738 0 0.478300 0.437497 0.000000
n 739 0 0.805837 0.360672 0.000000
n 740 0 0.729413 0.377822 0.000000
n 741 0 0.638276 0.399080 0.000000
n 742 0 0.627665 0.275232 0.000000
n 743 0 0.627749 0.275334 0.000000
n 744 0 0.774670 0.457029 0.000000
n 745 0 0.689784 0.351292 0.000000
n 746 0 0.711552 0.378203 0.000000
n 747 0 0.531501 0.156337 0.000000
n 748 0 0.838727 0.529753 0.000000
n 749 0 0.682862 0.342710 0.000000
n 750 0 0.649977 0.302384 0.000000
n 751 0 0.639923 0.290255 0.000000
n 752 0 0.640247 0.290649 0.000000
n 753 0 0.527757 0.151803 0.000000
n 754 0 0.627761 0.274934 0.000000
n 755 0 0.588637 0.394302 0.000000
n 756 0 0.545759 0.530844 0.000000
n 757 0 0.667319 0.153316 0.000000
n 758 0 0.621557 0.294223 0.000000
n 759 0 0.622605 0.290985 0.000000
n 760 0 0.649954 0.206736 0.000000
n 761 0 0.623376 0.405779 0.000000
n 762 0 0.620535 0.497120 0.000000
n 763 0 0.619711 0.548216 0.000000
n 764 0 0.617131 0.710029 0.000000
n 765 0 0.619565 0.560451 0.000000
n 766 0 0.627243 0.293002 0.000000
n 767 0 0.627305 0.290902 0.000000
n 768 0 0.657985 0.417283 0.000000
n 769 0 0.684780 0.426193 0.000000
n 770 0 0.458185 0.349834 0.000000
n 771 0 0.452913 0.347623 0.000000
n 772 0 0.801499 0.465929 0.000000
n 773 0 0.636956 0.410235 0.000000
n 774 0 0.804741 0.317714 0.000000
n 775 0 0.902362 0.205609 0.000000
n 776 0 0.967846 0.132752 0.000000
n 777 0 0.868617 0.243654 0.000000
n 778 0 0.829594 0.288801 0.000000
n 779 0 0.829486 0.288927 0.000000
n 780 0 0.868830 0.798088 0.000000
n 781 0 1.191844 0.758580 0.000000
n 782 0 1.268003 0.739874 0.000000
n 783 0 0.816754 0.807008 0.000000
n 784 0 0.690945 0.348846 0.000000
n 785 0 0.628773 0.479117 0.000000
n 786 0 0.589883 0.564890 0.000000
n 787 0 0.718405 0.289005 0.000000
n 788 0 0.809785 0.200627 0.000000
n 789 0 0.716898 0.368522 0.000000
n 790 0 0.612818 0.561484 0.000000
n 791 0 0.774843 0.262032 0.000000
n 792 0 0.759718 0.288965 0.000000
n 793 0 0.774158 0.263246 0.000000
n 794 0 0.451355 0.351499 0.000000
n 795 0 0.233468 0.400850 0.000000
n 796 0 0.403058 0.468829 0.000000
n 797 0 0.532511 0.153855 0.000000
n 798 0 0.274467 0.909248 0.000000
n 799 0 0.305701 0.915090 0.000000
n 800 0 0.166721 0.004948 0.000000
n 801 0 0.123935 0.135424 0.000000
n 802 0 0.161544 0.553701 0.000000
n 803 0 0.187396 0.543189 0.000000
n 804 0 0.423428 0.844199 0.000000
n 805 0 0.517306 0.882240 0.000000
n 806 0 0.411109 0.838845 0.000000
n 807 0 0.304050 0.786111 0.000000
n 808 0 0.810386 0.765127 0.000000
n 809 0 1.096818 0.926605 0.000000
n 810 0 0.885857 0.490353 0.000000
n 811 0 0.778593 0.580162 0.000000
n 812 0 0.883125 0.492531 0.000000
n 813 0 0.373906 0.864969 0.000000
n 814 0 0.177310 0.952681 0.000000
n 815 0 0.212069 0.936021 0.000000
n 816 0 0.802710 0.433602 0.000000
n 817 0 0.810715 0.178079 0.000000
n 818 0 0.807497 0.255665 0.000000
n 819 0 0.806060 0.288952 0.000000
n 820 0 0.806501 0.278352 0.000000
n 821 0 -0.023217 0.151026 0.000000
n 822 0 0.117380 0.043064 0.000000
n 823 0 0.904503 0.004835 0.000000
n 824 0 0.826247 0.868166 0.000000
n 825 0 0.270459 0.940450 0.000000
n 826 0 0.248671 0.593451 0.000000
n 827 0 0.190460 0.608878 0.000000
n 828 0 0.648634 0.316803 0.000000
n 829 0 1.002055 0.590243 0.000000
n 830 0 0.889748 0.493135 0.000000
n 831 0 0.651468 0.287697 0.000000
n 832 0 0.651186 0.290393 0.000000
n 833 0 0.660509 0.211428 0.000000
n 834 0 0.143379 0.368113 0.000000
n 835 0 0.112533 0.437351 0.000000
n 836 0 0.061444 0.543280 0.000000
n 837 0 0.070282 0.525222 0.000000
n 838 0 0.160191 0.326013 0.000000
n 839 0 0.139822 0.331024 0.000000
n 840 0 0.337784 0.587358 0.000000
n 841 0 0.186662 0.601576 0.000000
n 842 0 0.275716 0.750830 0.000000
n 843 0 0.196692 0.621239 0.000000
n 844 0 0.132199 0.486144 0.000000
n 845 0 0.154692 0.539082 0.000000
n 846 0 0.765127 0.263970 0.000000
n 847 0 0.767195 0.260011 0.000000
n 848 0 0.637895 0.290699 0.000000
n 849 0 0.772533 0.262491 0.000000
n 850 0 0.081603 0.527283 0.000000
n 851 0 0.831877 0.915003 0.000000
n 852 0 0.829215 0.288803 0.000000
n 853 0 0.922862 0.925784 0.000000
