b 872 100 1.000000 1.000000 0.000000 1 0 0
f 0 0.010000 0 202 200 201 1 
f 1 0.010000 2 205 214 208 204 209 215 211 212 210 203 213 207 206 3 
f 2 0.010000 4 230 224 223 216 226 217 219 229 227 225 221 222 228 220 218 5 
f 3 0.010000 6 236 234 232 237 231 233 235 238 7 
f 4 0.010000 8 239 242 249 244 241 245 246 250 243 248 247 251 240 216 9 
f 5 0.010000 10 256 263 255 262 260 252 253 257 254 259 261 258 11 
f 6 0.010000 12 268 267 265 264 266 13 
f 7 0.010000 14 272 273 279 278 277 275 203 271 269 274 280 270 276 15 
f 8 0.010000 16 285 283 281 286 291 292 284 269 287 288 290 294 289 282 293 17 
f 9 0.010000 18 297 296 301 302 299 304 252 306 309 312 305 298 281 303 310 295 307 313 308 300 311 19 
f 10 0.010000 20 323 316 321 320 314 315 322 318 317 324 326 319 325 21 
f 11 0.010000 22 327 330 328 335 332 295 337 331 336 329 270 333 334 23 
f 12 0.010000 24 231 352 340 351 345 354 355 344 353 349 339 342 338 350 348 341 347 343 346 25 
f 13 0.010000 26 271 360 362 361 364 359 204 357 363 356 358 27 
f 14 0.010000 28 365 314 368 370 366 371 239 372 373 369 367 29 
f 15 0.010000 30 374 377 381 376 365 315 380 378 385 338 379 382 384 383 375 31 
f 16 0.010000 32 390 387 386 392 393 391 389 388 374 33 
f 17 0.010000 34 394 217 407 403 395 405 399 404 400 396 406 397 398 401 402 35 
f 18 0.010000 36 232 410 409 415 414 408 413 411 412 37 
f 19 0.010000 38 419 416 428 418 424 429 420 427 417 394 426 240 430 421 375 423 422 425 339 39 
f 20 0.010000 40 437 439 264 431 436 433 435 432 438 434 41 
f 21 0.010000 42 444 408 443 446 448 386 449 447 442 445 441 440 43 
f 22 0.010000 44 459 455 453 452 457 218 451 416 458 454 450 327 456 45 
f 23 0.010000 46 464 468 469 467 465 460 463 376 466 462 461 47 
f 24 0.010000 48 470 471 356 205 472 282 49 
f 25 0.010000 50 481 473 477 480 479 475 482 483 476 484 478 233 474 51 
f 26 0.010000 52 492 488 491 440 296 487 486 490 485 494 493 489 241 53 
f 27 0.010000 54 377 460 495 316 366 496 242 497 498 485 55 
f 28 0.010000 56 506 441 297 500 486 502 505 503 507 501 504 499 508 57 
f 29 0.010000 58 340 517 510 512 521 520 518 509 522 513 514 511 473 516 519 523 395 515 59 
f 30 0.010000 60 528 530 533 527 298 283 526 328 525 531 450 524 529 417 219 532 61 
f 31 0.010000 62 543 265 431 536 539 538 535 537 540 541 220 534 542 418 63 
f 32 0.010000 64 549 551 461 317 547 378 546 341 545 544 550 243 548 499 65 
f 33 0.010000 66 556 553 559 558 554 555 234 552 409 560 557 67 
f 34 0.010000 68 552 410 565 474 564 387 567 566 442 367 500 487 561 562 299 563 253 69 
f 35 0.010000 70 574 575 572 569 577 571 570 419 451 534 578 568 221 573 576 71 
f 36 0.010000 72 579 432 582 581 588 535 580 585 586 587 222 568 583 589 584 420 524 73 
f 37 0.010000 74 591 598 595 599 590 597 342 379 596 594 593 544 592 75 
f 38 0.010000 76 579 602 433 604 536 601 600 606 396 605 603 77 
f 39 0.010000 78 616 206 611 618 610 254 608 607 609 488 614 612 617 613 615 79 
f 40 0.010000 80 625 452 622 537 580 621 600 397 624 626 619 620 623 272 81 
f 41 0.010000 82 343 627 628 380 629 318 462 631 630 83 
f 42 0.010000 84 319 644 553 590 636 344 642 633 640 639 509 645 475 634 632 643 635 637 641 638 85 
f 43 0.010000 86 554 647 591 345 648 649 510 646 650 476 87 
f 44 0.010000 88 658 653 659 654 632 651 477 511 655 223 656 660 421 652 657 89 
f 45 0.010000 90 207 666 667 284 669 329 663 569 664 665 662 661 668 91 
f 46 0.010000 92 244 489 675 678 670 501 679 255 671 674 673 330 525 676 680 672 300 677 570 93 
f 47 0.010000 94 685 398 601 684 538 581 687 682 434 453 683 686 661 681 200 95 
f 48 0.010000 96 695 696 619 688 694 692 693 690 691 607 301 561 502 689 97 
f 49 0.010000 98 208 357 698 705 706 703 702 697 701 704 620 688 699 700 99 
f 50 0.010000 100 707 245 712 713 670 711 503 710 708 562 302 608 709 101 
f 51 0.010000 102 381 463 320 368 714 346 592 707 246 718 717 504 256 719 671 715 716 285 526 303 103 
f 52 0.010000 104 257 563 304 708 505 689 490 369 723 725 464 722 724 721 720 388 105 
f 53 0.010000 106 728 735 235 478 646 512 731 732 734 733 633 422 729 382 727 726 730 107 
f 54 0.010000 108 740 738 697 741 273 258 737 690 736 609 491 506 739 109 
f 55 0.010000 110 411 742 389 720 465 495 321 370 714 627 347 545 593 743 726 111 
f 56 0.010000 112 305 527 286 747 751 331 749 744 571 748 745 746 662 681 750 113 
f 57 0.010000 114 358 752 470 754 753 266 115 
f 58 0.010000 116 274 287 755 757 759 756 359 209 698 758 471 752 117 
f 59 0.010000 118 760 767 610 259 709 691 736 492 764 761 766 762 765 634 479 513 763 119 
f 60 0.010000 120 769 770 768 275 772 611 760 773 771 528 306 260 710 121 
f 61 0.010000 122 628 546 348 594 775 727 780 774 383 423 779 783 224 778 514 480 651 782 635 776 777 781 123 
f 62 0.010000 124 784 785 572 276 663 744 787 788 307 332 786 125 
f 63 0.010000 126 682 790 582 435 602 789 267 127 
f 64 0.010000 128 692 793 699 796 792 603 794 399 795 515 791 573 225 583 424 454 672 308 129 
f 65 0.010000 130 728 800 390 564 799 798 443 797 742 412 131 
f 66 0.010000 132 693 737 261 803 802 277 768 210 360 755 288 804 333 801 574 784 133 
f 67 0.010000 134 236 555 647 806 595 807 636 805 349 425 729 384 774 135 
f 68 0.010000 136 810 455 683 808 809 745 664 785 575 801 334 289 756 811 361 211 769 137 
f 69 0.010000 138 815 516 813 226 426 812 456 673 814 715 262 816 507 711 139 
f 70 0.010000 140 466 322 629 547 385 350 596 775 743 730 817 652 247 818 812 529 427 584 141 
f 71 0.010000 142 823 227 576 791 821 822 820 819 621 684 539 604 436 789 268 143 
f 72 0.010000 144 622 540 585 819 826 400 605 792 828 700 825 637 776 824 653 761 612 827 145 
f 73 0.010000 146 437 830 753 401 829 147 
f 74 0.010000 148 613 762 833 654 834 824 777 832 638 793 694 623 835 701 831 402 149 
f 75 0.010000 150 624 695 685 829 831 738 702 836 839 837 770 212 362 757 290 838 151 
f 76 0.010000 152 403 846 842 813 481 655 778 763 845 639 841 843 844 731 840 648 351 153 
f 77 0.010000 154 656 850 779 640 847 849 732 848 840 649 517 352 237 565 155 
f 78 0.010000 156 771 530 309 851 716 814 674 852 248 657 817 780 157 
f 79 0.010000 158 855 794 404 854 820 586 541 457 625 808 853 746 665 201 159 
f 80 0.010000 160 444 413 797 391 721 467 323 371 496 249 493 675 712 856 717 548 508 161 
f 81 0.010000 162 445 739 614 764 658 781 832 641 825 857 405 795 821 163 
f 82 0.010000 164 630 549 858 324 556 597 805 353 642 733 847 859 841 518 482 615 765 833 165 
f 83 0.010000 166 531 862 676 335 786 310 747 291 616 666 213 772 802 278 861 860 167 
f 84 0.010000 168 577 748 809 853 686 863 169 
f 85 0.010000 170 406 606 826 854 822 587 228 578 542 428 458 311 677 787 749 336 864 292 667 171 
f 86 0.010000 172 414 557 798 446 865 392 722 468 372 497 173 
f 87 0.010000 174 293 472 214 363 758 867 866 740 175 
f 88 0.010000 176 202 750 668 863 459 810 438 790 687 588 177 
f 89 0.010000 178 827 617 766 659 834 643 782 815 519 842 868 407 532 229 823 589 429 179 
f 90 0.010000 180 866 703 836 860 869 279 803 618 767 773 533 312 851 181 
f 91 0.010000 182 566 447 723 373 498 494 678 713 856 718 250 550 183 
f 92 0.010000 184 848 354 598 806 558 325 185 
f 93 0.010000 186 483 520 843 870 849 734 355 807 599 559 644 326 858 551 631 187 
f 94 0.010000 188 415 560 799 448 865 393 724 469 189 
f 95 0.010000 190 725 449 567 800 735 238 484 650 521 844 870 859 191 
f 96 0.010000 192 645 522 845 230 783 850 660 430 251 818 852 719 263 679 816 193 
f 97 0.010000 194 837 871 861 869 741 835 704 696 626 796 828 855 857 523 846 868 195 
f 98 0.010000 196 705 215 364 811 759 294 838 804 280 669 864 751 337 788 313 680 862 197 
f 99 0.010000 198 871 839 706 867 754 830 439 543 199 
n 0 2 -0.048684 0.000000 0.000000
n 1 1 0.225366 0.147828 0.000000
n 2 1 0.493242 0.002810 0.000000
n 3 1 0.327532 0.471054 0.000000
n 4 1 0.845454 0.705471 0.000000
n 5 1 1.068704 0.260705 0.000000
n 6 2 0.700552 1.000000 0.000000
n 7 1 0.692768 0.637158 0.000000
n 8 1 0.331572 0.811246 0.000000
n 9 1 0.896102 0.553952 0.000000
n 10 1 0.189727 0.639582 0.000000
n 11 1 0.633000 0.420089 0.000000
n 12 2 0.824868 0.000000 0.000000
n 13 1 0.750482 0.272968 0.000000
n 14 1 0.694257 0.421930 0.000000
n 15 1 0.224453 0.242177 0.000000
n 16 1 0.214943 0.494649 0.000000
n 17 1 0.460922 0.069025 0.000000
n 18 1 0.532357 0.617077 0.000000
n 19 1 0.101479 0.350725 0.000000
n 20 1 0.328711 0.810750 0.000000
n 21 1 -0.158938 0.913141 0.000000
n 22 1 0.092453 0.577828 0.000000
n 23 1 0.355809 0.155856 0.000000
n 24 1 0.679715 0.810324 0.000000
n 25 1 1.179813 0.777478 0.000000
n 26 1 0.334542 0.321117 0.000000
n 27 2 0.528051 0.000000 0.000000
n 28 1 0.088410 0.875767 0.000000
n 29 1 0.527707 0.644967 0.000000
n 30 2 0.252998 1.000000 0.000000
n 31 1 -0.049792 0.683180 0.000000
n 32 1 0.612144 0.785235 0.000000
n 33 2 0.176774 1.000000 0.000000
n 34 1 1.021531 0.524449 0.000000
n 35 1 0.655971 0.180637 0.000000
n 36 1 0.785535 0.833926 0.000000
n 37 2 0.414202 1.000000 0.000000
n 38 1 1.065757 0.330512 0.000000
n 39 1 0.919252 0.805644 0.000000
n 40 2 0.657527 0.000000 0.000000
n 41 1 1.002742 0.226748 0.000000
n 42 2 0.476048 1.000000 0.000000
n 43 1 0.599931 0.534240 0.000000
n 44 1 -0.015197 0.119671 0.000000
n 45 1 0.145268 0.595560 0.000000
n 46 1 0.424536 0.794954 0.000000
n 47 1 -0.061414 0.910719 0.000000
n 48 2 0.558148 0.000000 0.000000
n 49 1 0.347169 0.188343 0.000000
n 50 1 0.889461 0.538413 0.000000
n 51 1 0.550560 0.899863 0.000000
n 52 1 0.631206 0.520573 0.000000
n 53 1 0.198104 0.758952 0.000000
n 54 2 0.120732 1.000000 0.000000
n 55 1 0.315022 0.656785 0.000000
n 56 1 0.618221 0.583384 0.000000
n 57 1 0.132393 0.680245 0.000000
n 58 1 0.716492 0.839013 0.000000
n 59 1 0.938579 0.392895 0.000000
n 60 1 0.459529 0.489263 0.000000
n 61 1 -0.041747 0.439840 0.000000
n 62 2 0.715231 0.000000 0.000000
n 63 1 1.056869 0.360858 0.000000
n 64 2 0.933674 1.000000 0.000000
n 65 1 0.187169 0.652512 0.000000
n 66 1 0.987065 0.839797 0.000000
n 67 1 0.501609 0.946910 0.000000
n 68 1 0.684658 0.937207 0.000000
n 69 1 0.412672 0.511081 0.000000
n 70 1 0.366957 0.143787 0.000000
n 71 1 -0.047751 0.413171 0.000000
n 72 1 0.881989 0.031037 0.000000
n 73 1 0.048069 0.505606 0.000000
n 74 1 0.704232 0.869976 0.000000
n 75 1 1.186282 0.750796 0.000000
n 76 2 0.926353 0.000000 0.000000
n 77 1 0.859831 0.411330 0.000000
n 78 1 0.311738 0.388736 0.000000
n 79 1 0.768290 0.608702 0.000000
n 80 1 1.120890 0.209572 0.000000
n 81 1 0.672682 0.425558 0.000000
n 82 1 1.107842 0.777167 0.000000
n 83 2 0.981904 1.000000 0.000000
n 84 1 -0.068711 0.944165 0.000000
n 85 1 0.730351 0.481447 0.000000
n 86 2 0.833401 1.000000 0.000000
n 87 1 0.736649 0.668102 0.000000
n 88 1 0.651831 0.514752 0.000000
n 89 1 1.114340 0.713744 0.000000
n 90 1 0.393640 0.418155 0.000000
n 91 1 0.021892 0.071015 0.000000
n 92 1 0.223689 0.753695 0.000000
n 93 1 0.128731 0.261152 0.000000
n 94 1 0.749068 0.341909 0.000000
n 95 1 0.170301 0.078672 0.000000
n 96 1 0.814558 0.336974 0.000000
n 97 1 0.421394 0.628379 0.000000
n 98 1 0.454888 0.097035 0.000000
n 99 1 0.800072 0.472129 0.000000
n 100 1 0.151207 0.756126 0.000000
n 101 1 0.569438 0.494704 0.000000
n 102 1 0.131210 0.909391 0.000000
n 103 1 0.235172 0.426098 0.000000
n 104 1 0.460310 0.495689 0.000000
n 105 1 0.325671 0.973660 0.000000
n 106 1 0.559638 0.724057 0.000000
n 107 1 1.058610 0.743435 0.000000
n 108 1 0.670775 0.233290 0.000000
n 109 1 0.531779 0.711057 0.000000
n 110 1 0.470805 0.988115 0.000000
n 111 1 1.028433 0.740082 0.000000
n 112 1 0.313421 0.493394 0.000000
n 113 1 0.047737 0.061723 0.000000
n 114 2 0.525617 0.000000 0.000000
n 115 1 0.771109 0.260404 0.000000
n 116 1 0.334134 0.288615 0.000000
n 117 2 0.549891 0.000000 0.000000
n 118 1 0.397474 0.424736 0.000000
n 119 1 0.855030 0.641516 0.000000
n 120 1 0.486982 0.147408 0.000000
n 121 1 0.377740 0.630378 0.000000
n 122 1 1.102445 0.809980 0.000000
n 123 1 0.705388 0.493112 0.000000
n 124 2 0.263526 0.000000 0.000000
n 125 1 0.183825 0.462276 0.000000
n 126 1 0.989012 0.246354 0.000000
n 127 2 0.780943 0.000000 0.000000
n 128 1 0.697088 0.417752 0.000000
n 129 1 0.193278 0.382878 0.000000
n 130 1 0.658295 0.715712 0.000000
n 131 2 0.437342 1.000000 0.000000
n 132 1 0.637649 0.472439 0.000000
n 133 1 0.244511 0.160020 0.000000
n 134 2 0.647020 1.000000 0.000000
n 135 1 1.004746 0.687548 0.000000
n 136 1 -0.017149 0.184663 0.000000
n 137 1 0.485484 0.226708 0.000000
n 138 1 -0.158907 0.504338 0.000000
n 139 1 0.322849 0.651566 0.000000
n 140 1 0.060179 0.921910 0.000000
n 141 1 1.026111 0.418385 0.000000
n 142 1 1.000154 0.430602 0.000000
n 143 2 0.818856 0.000000 0.000000
n 144 1 1.010271 0.248724 0.000000
n 145 1 0.664969 0.605831 0.000000
n 146 2 0.698271 0.000000 0.000000
n 147 1 0.734848 0.365779 0.000000
n 148 1 0.765123 0.644501 0.000000
n 149 1 0.671545 0.147558 0.000000
n 150 1 0.827223 0.353171 0.000000
n 151 1 0.340696 0.233790 0.000000
n 152 1 0.944598 0.403216 0.000000
n 153 1 0.720600 0.848814 0.000000
n 154 1 0.960649 0.629676 0.000000
n 155 1 0.545086 0.901757 0.000000
n 156 1 0.416082 0.472175 0.000000
n 157 1 1.003241 0.737646 0.000000
n 158 1 0.823364 0.449183 0.000000
n 159 1 0.193283 0.118934 0.000000
n 160 1 0.514140 0.996639 0.000000
n 161 1 0.132784 0.662968 0.000000
n 162 1 0.559465 0.618141 0.000000
n 163 1 0.980005 0.359543 0.000000
n 164 2 0.987194 1.000000 0.000000
n 165 1 0.755087 0.592434 0.000000
n 166 1 0.104964 0.463929 0.000000
n 167 1 0.575633 0.296065 0.000000
n 168 1 0.188663 0.262239 0.000000
n 169 2 -0.060641 0.000000 0.000000
n 170 1 0.836150 0.360699 0.000000
n 171 1 0.335272 0.360197 0.000000
n 172 2 0.614653 1.000000 0.000000
n 173 1 0.258604 0.733565 0.000000
n 174 2 0.346653 0.000000 0.000000
n 175 1 0.679085 0.279777 0.000000
n 176 2 0.164492 -0.000000 0.000000
n 177 1 0.939723 0.232073 0.000000
n 178 1 0.606368 0.615265 0.000000
n 179 1 1.053804 0.402238 0.000000
n 180 1 0.659498 0.203965 0.000000
n 181 1 0.304157 0.550702 0.000000
n 182 1 0.612946 0.733696 0.000000
n 183 1 1.113397 0.710693 0.000000
n 184 1 0.790391 0.749671 0.000000
n 185 2 0.887756 1.000000 0.000000
n 186 1 0.692738 0.598837 0.000000
n 187 1 1.002027 0.996047 0.000000
n 188 2 0.646125 1.000000 0.000000
n 189 1 0.317587 0.801357 0.000000
n 190 1 0.337388 0.784320 0.000000
n 191 1 0.830630 0.719912 0.000000
n 192 1 0.798549 0.651080 0.000000
n 193 1 0.296167 0.629978 0.000000
n 194 1 0.461676 0.261609 0.000000
n 195 1 0.920057 0.468379 0.000000
n 196 1 0.487026 0.117921 0.000000
n 197 1 0.131416 0.459937 0.000000
n 198 1 0.457153 0.297957 0.000000
n 199 2 0.729570 0.000000 0.000000
n 200 0 0.140481 0.102445 0.000000
n 201 0 0.186283 0.126932 0.000000
n 202 0 0.087462 0.078729 0.000000
n 203 0 0.383419 0.305908 0.000000
n 204 0 0.451053 0.128753 0.000000
n 205 0 0.468195 0.076131 0.000000
n 206 0 0.346758 0.402124 0.000000
n 207 0 0.352396 0.381911 0.000000
n 208 0 0.459559 0.101640 0.000000
n 209 0 0.448843 0.135898 0.000000
n 210 0 0.392716 0.283635 0.000000
n 211 0 0.418277 0.224180 0.000000
n 212 0 0.407196 0.249796 0.000000
n 213 0 0.353202 0.379411 0.000000
n 214 0 0.460743 0.097945 0.000000
n 215 0 0.437224 0.173629 0.000000
n 216 0 0.916224 0.565463 0.000000
n 217 0 0.958255 0.463390 0.000000
n 218 0 1.047273 0.296430 0.000000
n 219 0 0.969710 0.440920 0.000000
n 220 0 1.028348 0.327978 0.000000
n 221 0 1.000591 0.380681 0.000000
n 222 0 1.005550 0.371195 0.000000
n 223 0 0.889113 0.615085 0.000000
n 224 0 0.880574 0.632420 0.000000
n 225 0 0.995468 0.390474 0.000000
n 226 0 0.931139 0.528865 0.000000
n 227 0 0.988918 0.402984 0.000000
n 228 0 1.013475 0.355928 0.000000
n 229 0 0.970681 0.439004 0.000000
n 230 0 0.872893 0.648396 0.000000
n 231 0 0.688599 0.810128 0.000000
n 232 0 0.694796 0.865460 0.000000
n 233 0 0.686934 0.761396 0.000000
n 234 0 0.695767 0.904198 0.000000
n 235 0 0.687702 0.743601 0.000000
n 236 0 0.697983 0.955056 0.000000
n 237 0 0.688785 0.815151 0.000000
n 238 0 0.687934 0.738730 0.000000
n 239 0 0.276257 0.778272 0.000000
n 240 0 -0.016311 0.604055 0.000000
n 241 0 0.220313 0.746516 0.000000
n 242 0 0.257604 0.767153 0.000000
n 243 0 0.149430 0.704399 0.000000
n 244 0 0.222475 0.747735 0.000000
n 245 0 0.192314 0.730216 0.000000
n 246 0 0.173889 0.719358 0.000000
n 247 0 0.044485 0.641005 0.000000
n 248 0 0.098817 0.676207 0.000000
n 249 0 0.249785 0.762698 0.000000
n 250 0 0.166527 0.714883 0.000000
n 251 0 0.044281 0.640877 0.000000
n 252 0 0.398796 0.536064 0.000000
n 253 0 0.421551 0.524468 0.000000
n 254 0 0.516239 0.480905 0.000000
n 255 0 0.198461 0.635075 0.000000
n 256 0 0.190484 0.639192 0.000000
n 257 0 0.457845 0.504855 0.000000
n 258 0 0.630899 0.421069 0.000000
n 259 0 0.516811 0.480639 0.000000
n 260 0 0.395127 0.537962 0.000000
n 261 0 0.595847 0.437422 0.000000
n 262 0 0.222256 0.622643 0.000000
n 263 0 0.193562 0.637605 0.000000
n 264 0 0.800548 0.098341 0.000000
n 265 0 0.801396 0.094913 0.000000
n 266 0 0.758012 0.246706 0.000000
n 267 0 0.814182 0.041785 0.000000
n 268 0 0.822456 0.009333 0.000000
n 269 0 0.338970 0.289944 0.000000
n 270 0 0.287395 0.267672 0.000000
n 271 0 0.351331 0.294925 0.000000
n 272 0 0.687315 0.418663 0.000000
n 273 0 0.636904 0.394943 0.000000
n 274 0 0.334514 0.288141 0.000000
n 275 0 0.443034 0.326503 0.000000
n 276 0 0.227198 0.243288 0.000000
n 277 0 0.454987 0.330577 0.000000
n 278 0 0.470628 0.335845 0.000000
n 279 0 0.516277 0.350698 0.000000
n 280 0 0.322048 0.282838 0.000000
n 281 0 0.246312 0.442748 0.000000
n 282 0 0.445364 0.097661 0.000000
n 283 0 0.229964 0.470225 0.000000
n 284 0 0.308072 0.340139 0.000000
n 285 0 0.221484 0.484013 0.000000
n 286 0 0.262965 0.413958 0.000000
n 287 0 0.357919 0.258841 0.000000
n 288 0 0.358842 0.257385 0.000000
n 289 0 0.381361 0.222512 0.000000
n 290 0 0.369414 0.241098 0.000000
n 291 0 0.266216 0.408677 0.000000
n 292 0 0.295937 0.359687 0.000000
n 293 0 0.449942 0.089236 0.000000
n 294 0 0.371104 0.238491 0.000000
n 295 0 0.200441 0.413994 0.000000
n 296 0 0.493524 0.593119 0.000000
n 297 0 0.508094 0.602108 0.000000
n 298 0 0.299811 0.474693 0.000000
n 299 0 0.448416 0.565242 0.000000
n 300 0 0.144839 0.378420 0.000000
n 301 0 0.479245 0.584501 0.000000
n 302 0 0.450108 0.566278 0.000000
n 303 0 0.233231 0.434425 0.000000
n 304 0 0.442524 0.561659 0.000000
n 305 0 0.302609 0.476379 0.000000
n 306 0 0.395849 0.534318 0.000000
n 307 0 0.193918 0.409814 0.000000
n 308 0 0.155931 0.385542 0.000000
n 309 0 0.356014 0.509657 0.000000
n 310 0 0.218946 0.425738 0.000000
n 311 0 0.119080 0.361968 0.000000
n 312 0 0.349126 0.505341 0.000000
n 313 0 0.188832 0.406564 0.000000
n 314 0 0.133831 0.852929 0.000000
n 315 0 0.113604 0.856868 0.000000
n 316 0 0.217761 0.834191 0.000000
n 317 0 0.024111 0.872972 0.000000
n 318 0 0.055733 0.867137 0.000000
n 319 0 -0.087309 0.897036 0.000000
n 320 0 0.144922 0.850662 0.000000
n 321 0 0.203051 0.837460 0.000000
n 322 0 0.058380 0.866662 0.000000
n 323 0 0.310559 0.814585 0.000000
n 324 0 -0.073389 0.894505 0.000000
n 325 0 -0.148596 0.910816 0.000000
n 326 0 -0.077383 0.895250 0.000000
n 327 0 0.114791 0.545916 0.000000
n 328 0 0.169863 0.465795 0.000000
n 329 0 0.267980 0.299541 0.000000
n 330 0 0.162480 0.477790 0.000000
n 331 0 0.231018 0.360274 0.000000
n 332 0 0.189540 0.432664 0.000000
n 333 0 0.316697 0.220007 0.000000
n 334 0 0.319968 0.214642 0.000000
n 335 0 0.186774 0.437369 0.000000
n 336 0 0.231567 0.359334 0.000000
n 337 0 0.224161 0.372095 0.000000
n 338 0 1.046273 0.784985 0.000000
n 339 0 0.922896 0.794019 0.000000
n 340 0 0.732681 0.809545 0.000000
n 341 0 1.092786 0.781196 0.000000
n 342 0 1.037779 0.785689 0.000000
n 343 0 1.106131 0.780116 0.000000
n 344 0 0.869474 0.797805 0.000000
n 345 0 0.773906 0.806476 0.000000
n 346 0 1.161682 0.778127 0.000000
n 347 0 1.103251 0.780341 0.000000
n 348 0 1.068807 0.783079 0.000000
n 349 0 0.878624 0.796979 0.000000
n 350 0 1.053886 0.784343 0.000000
n 351 0 0.742190 0.809063 0.000000
n 352 0 0.697268 0.809937 0.000000
n 353 0 0.872651 0.797511 0.000000
n 354 0 0.810191 0.803450 0.000000
n 355 0 0.847871 0.800036 0.000000
n 356 0 0.492525 0.054804 0.000000
n 357 0 0.463229 0.105257 0.000000
n 358 0 0.527082 0.001494 0.000000
n 359 0 0.441658 0.146747 0.000000
n 360 0 0.369711 0.266253 0.000000
n 361 0 0.398391 0.223552 0.000000
n 362 0 0.384196 0.244774 0.000000
n 363 0 0.465242 0.101461 0.000000
n 364 0 0.414298 0.197700 0.000000
n 365 0 0.117519 0.861130 0.000000
n 366 0 0.239364 0.796715 0.000000
n 367 0 0.508134 0.655508 0.000000
n 368 0 0.145780 0.846795 0.000000
n 369 0 0.400587 0.713426 0.000000
n 370 0 0.183045 0.826810 0.000000
n 371 0 0.270743 0.780970 0.000000
n 372 0 0.301276 0.767384 0.000000
n 373 0 0.377864 0.724742 0.000000
n 374 0 0.228832 0.974950 0.000000
n 375 0 -0.043209 0.690145 0.000000
n 376 0 0.126131 0.870236 0.000000
n 377 0 0.171114 0.914716 0.000000
n 378 0 0.071550 0.810853 0.000000
n 379 0 0.045107 0.783802 0.000000
n 380 0 0.082528 0.822378 0.000000
n 381 0 0.137584 0.882323 0.000000
n 382 0 0.006264 0.744688 0.000000
n 383 0 -0.036200 0.697560 0.000000
n 384 0 -0.023233 0.711575 0.000000
n 385 0 0.054565 0.793407 0.000000
n 386 0 0.520894 0.833036 0.000000
n 387 0 0.594199 0.794024 0.000000
n 388 0 0.340436 0.920202 0.000000
n 389 0 0.345628 0.917560 0.000000
n 390 0 0.600437 0.790969 0.000000
n 391 0 0.398218 0.891729 0.000000
n 392 0 0.443226 0.871630 0.000000
n 393 0 0.438668 0.873761 0.000000
n 394 0 1.004953 0.508452 0.000000
n 395 0 0.921263 0.428047 0.000000
n 396 0 0.865338 0.378286 0.000000
n 397 0 0.832299 0.347400 0.000000
n 398 0 0.792557 0.314517 0.000000
n 399 0 0.889654 0.399917 0.000000
n 400 0 0.874835 0.386744 0.000000
n 401 0 0.725628 0.250639 0.000000
n 402 0 0.681908 0.206702 0.000000
n 403 0 0.928342 0.434523 0.000000
n 404 0 0.884823 0.395628 0.000000
n 405 0 0.900518 0.409522 0.000000
n 406 0 0.846412 0.360574 0.000000
n 407 0 0.945380 0.450911 0.000000
n 408 0 0.483519 0.964518 0.000000
n 409 0 0.543590 0.938102 0.000000
n 410 0 0.646877 0.882113 0.000000
n 411 0 0.454062 0.978481 0.000000
n 412 0 0.450457 0.980369 0.000000
n 413 0 0.481251 0.965582 0.000000
n 414 0 0.535407 0.941973 0.000000
n 415 0 0.542938 0.938413 0.000000
n 416 0 1.060170 0.345232 0.000000
n 417 0 1.026042 0.446538 0.000000
n 418 0 1.055068 0.358734 0.000000
n 419 0 1.061901 0.340673 0.000000
n 420 0 1.027953 0.440916 0.000000
n 421 0 0.968415 0.647728 0.000000
n 422 0 0.938754 0.743464 0.000000
n 423 0 0.956370 0.691490 0.000000
n 424 0 1.045651 0.387400 0.000000
n 425 0 0.938518 0.744189 0.000000
n 426 0 0.998345 0.549355 0.000000
n 427 0 1.027067 0.443520 0.000000
n 428 0 1.055977 0.356287 0.000000
n 429 0 1.039464 0.408323 0.000000
n 430 0 0.970005 0.642888 0.000000
n 431 0 0.811200 0.105424 0.000000
n 432 0 0.939720 0.187679 0.000000
n 433 0 0.898456 0.161776 0.000000
n 434 0 0.968819 0.205984 0.000000
n 435 0 0.935259 0.184873 0.000000
n 436 0 0.880285 0.150175 0.000000
n 437 0 0.700797 0.029392 0.000000
n 438 0 0.965813 0.204144 0.000000
n 439 0 0.701411 0.029812 0.000000
n 440 0 0.598500 0.538689 0.000000
n 441 0 0.582273 0.589104 0.000000
n 442 0 0.547010 0.723141 0.000000
n 443 0 0.495644 0.926328 0.000000
n 444 0 0.482817 0.967061 0.000000
n 445 0 0.572362 0.611571 0.000000
n 446 0 0.499724 0.912931 0.000000
n 447 0 0.544799 0.733438 0.000000
n 448 0 0.500479 0.910391 0.000000
n 449 0 0.539945 0.755590 0.000000
n 450 0 0.092802 0.454191 0.000000
n 451 0 0.059362 0.342225 0.000000
n 452 0 0.031498 0.251535 0.000000
n 453 0 0.007989 0.187770 0.000000
n 454 0 0.072308 0.386320 0.000000
n 455 0 0.007661 0.186811 0.000000
n 456 0 0.143559 0.592777 0.000000
n 457 0 0.036621 0.266489 0.000000
n 458 0 0.063269 0.356661 0.000000
n 459 0 0.002646 0.172080 0.000000
n 460 0 0.209346 0.848538 0.000000
n 461 0 0.005500 0.896185 0.000000
n 462 0 0.042740 0.888097 0.000000
n 463 0 0.141279 0.866628 0.000000
n 464 0 0.374567 0.808586 0.000000
n 465 0 0.219020 0.846042 0.000000
n 466 0 0.058969 0.884738 0.000000
n 467 0 0.318400 0.821296 0.000000
n 468 0 0.363048 0.811728 0.000000
n 469 0 0.344014 0.816685 0.000000
n 470 0 0.540261 0.014926 0.000000
n 471 0 0.533190 0.020833 0.000000
n 472 0 0.452354 0.091205 0.000000
n 473 0 0.847889 0.584006 0.000000
n 474 0 0.612463 0.837010 0.000000
n 475 0 0.799302 0.638337 0.000000
n 476 0 0.745702 0.702178 0.000000
n 477 0 0.839344 0.593355 0.000000
n 478 0 0.704471 0.745149 0.000000
n 479 0 0.812860 0.622070 0.000000
n 480 0 0.836596 0.596354 0.000000
n 481 0 0.871710 0.557880 0.000000
n 482 0 0.789741 0.649740 0.000000
n 483 0 0.759732 0.686231 0.000000
n 484 0 0.712412 0.737477 0.000000
n 485 0 0.292360 0.704044 0.000000
n 486 0 0.459248 0.612921 0.000000
n 487 0 0.473207 0.604989 0.000000
n 488 0 0.617853 0.528004 0.000000
n 489 0 0.222031 0.745554 0.000000
n 490 0 0.421719 0.633853 0.000000
n 491 0 0.602220 0.536678 0.000000
n 492 0 0.620066 0.526772 0.000000
n 493 0 0.226183 0.743228 0.000000
n 494 0 0.268100 0.719556 0.000000
n 495 0 0.212788 0.842683 0.000000
n 496 0 0.256673 0.768575 0.000000
n 497 0 0.272940 0.744927 0.000000
n 498 0 0.284830 0.719746 0.000000
n 499 0 0.174189 0.670900 0.000000
n 500 0 0.475999 0.609370 0.000000
n 501 0 0.205703 0.664761 0.000000
n 502 0 0.435543 0.617758 0.000000
n 503 0 0.337458 0.636773 0.000000
n 504 0 0.185205 0.668982 0.000000
n 505 0 0.425661 0.619742 0.000000
n 506 0 0.585707 0.588558 0.000000
n 507 0 0.297951 0.643455 0.000000
n 508 0 0.149233 0.676480 0.000000
n 509 0 0.809083 0.660244 0.000000
n 510 0 0.760673 0.757803 0.000000
n 511 0 0.842327 0.594599 0.000000
n 512 0 0.766780 0.746166 0.000000
n 513 0 0.824726 0.627508 0.000000
n 514 0 0.839985 0.599043 0.000000
n 515 0 0.937878 0.394318 0.000000
n 516 0 0.882595 0.513615 0.000000
n 517 0 0.750535 0.777046 0.000000
n 518 0 0.802903 0.673113 0.000000
n 519 0 0.898242 0.474162 0.000000
n 520 0 0.782463 0.715884 0.000000
n 521 0 0.775650 0.729192 0.000000
n 522 0 0.813984 0.650130 0.000000
n 523 0 0.904040 0.461432 0.000000
n 524 0 0.029814 0.446902 0.000000
n 525 0 0.160261 0.464899 0.000000
n 526 0 0.224980 0.469827 0.000000
n 527 0 0.301619 0.474821 0.000000
n 528 0 0.406834 0.483568 0.000000
n 529 0 0.027192 0.446649 0.000000
n 530 0 0.398179 0.482633 0.000000
n 531 0 0.118367 0.460009 0.000000
n 532 0 -0.032899 0.440674 0.000000
n 533 0 0.375626 0.480351 0.000000
n 534 0 1.047273 0.349592 0.000000
n 535 0 0.970642 0.266220 0.000000
n 536 0 0.894212 0.190997 0.000000
n 537 0 0.978506 0.274224 0.000000
n 538 0 0.931729 0.229173 0.000000
n 539 0 0.901647 0.198589 0.000000
n 540 0 0.981575 0.277427 0.000000
n 541 0 0.998713 0.296033 0.000000
n 542 0 1.052892 0.356168 0.000000
n 543 0 0.722313 0.007688 0.000000
n 544 0 1.101294 0.769544 0.000000
n 545 0 1.096191 0.776535 0.000000
n 546 0 1.083069 0.794404 0.000000
n 547 0 1.056988 0.830514 0.000000
n 548 0 1.162536 0.687408 0.000000
n 549 0 0.963405 0.958326 0.000000
n 550 0 1.142924 0.713022 0.000000
n 551 0 0.967700 0.951744 0.000000
n 552 0 0.662865 0.905428 0.000000
n 553 0 0.897836 0.859659 0.000000
n 554 0 0.798690 0.883048 0.000000
n 555 0 0.776957 0.888007 0.000000
n 556 0 0.907579 0.857491 0.000000
n 557 0 0.533245 0.940275 0.000000
n 558 0 0.839021 0.873794 0.000000
n 559 0 0.896730 0.859908 0.000000
n 560 0 0.542738 0.938284 0.000000
n 561 0 0.466499 0.594350 0.000000
n 562 0 0.449375 0.566754 0.000000
n 563 0 0.443621 0.557746 0.000000
n 564 0 0.595683 0.796808 0.000000
n 565 0 0.623853 0.854285 0.000000
n 566 0 0.554122 0.733473 0.000000
n 567 0 0.565984 0.750504 0.000000
n 568 0 0.007157 0.376278 0.000000
n 569 0 0.211974 0.242564 0.000000
n 570 0 0.133658 0.299501 0.000000
n 571 0 0.177496 0.264361 0.000000
n 572 0 0.229817 0.231972 0.000000
n 573 0 -0.015122 0.391253 0.000000
n 574 0 0.286949 0.194463 0.000000
n 575 0 0.264206 0.208868 0.000000
n 576 0 -0.015599 0.391573 0.000000
n 577 0 0.185390 0.258527 0.000000
n 578 0 0.037427 0.355857 0.000000
n 579 0 0.907720 0.100853 0.000000
n 580 0 0.974322 0.276278 0.000000
n 581 0 0.950408 0.217094 0.000000
n 582 0 0.941157 0.191644 0.000000
n 583 0 1.011374 0.389447 0.000000
n 584 0 1.026831 0.437305 0.000000
n 585 0 0.976510 0.282550 0.000000
n 586 0 0.984844 0.307793 0.000000
n 587 0 1.000773 0.356080 0.000000
n 588 0 0.951276 0.219441 0.000000
n 589 0 1.020448 0.416393 0.000000
n 590 0 0.881485 0.824048 0.000000
n 591 0 0.787497 0.848639 0.000000
n 592 0 1.166510 0.755158 0.000000
n 593 0 1.088981 0.772598 0.000000
n 594 0 1.063625 0.778988 0.000000
n 595 0 0.835005 0.836388 0.000000
n 596 0 1.053688 0.781573 0.000000
n 597 0 0.887190 0.822555 0.000000
n 598 0 0.824961 0.839039 0.000000
n 599 0 0.870091 0.827080 0.000000
n 600 0 0.875162 0.327228 0.000000
n 601 0 0.884136 0.258050 0.000000
n 602 0 0.900849 0.145599 0.000000
n 603 0 0.861223 0.403069 0.000000
n 604 0 0.895226 0.184046 0.000000
n 605 0 0.861641 0.400590 0.000000
n 606 0 0.868743 0.360302 0.000000
n 607 0 0.582177 0.511886 0.000000
n 608 0 0.559830 0.500546 0.000000
n 609 0 0.605984 0.522366 0.000000
n 610 0 0.484114 0.465742 0.000000
n 611 0 0.420933 0.434797 0.000000
n 612 0 0.697483 0.574145 0.000000
n 613 0 0.758057 0.603849 0.000000
n 614 0 0.670109 0.559143 0.000000
n 615 0 0.762408 0.605913 0.000000
n 616 0 0.324111 0.393466 0.000000
n 617 0 0.698047 0.574444 0.000000
n 618 0 0.426820 0.437687 0.000000
n 619 0 0.740624 0.392027 0.000000
n 620 0 0.731747 0.396751 0.000000
n 621 0 0.944322 0.291378 0.000000
n 622 0 0.990582 0.268417 0.000000
n 623 0 0.717947 0.404229 0.000000
n 624 0 0.822205 0.351863 0.000000
n 625 0 1.083453 0.227146 0.000000
n 626 0 0.744663 0.389904 0.000000
n 627 0 1.105334 0.781488 0.000000
n 628 0 1.093128 0.802490 0.000000
n 629 0 1.058260 0.863007 0.000000
n 630 0 0.984353 0.995228 0.000000
n 631 0 0.990743 0.981484 0.000000
n 632 0 0.765650 0.564014 0.000000
n 633 0 0.846323 0.744146 0.000000
n 634 0 0.786022 0.610983 0.000000
n 635 0 0.750668 0.529941 0.000000
n 636 0 0.871862 0.803077 0.000000
n 637 0 0.747877 0.523403 0.000000
n 638 0 0.739764 0.504081 0.000000
n 639 0 0.813588 0.670375 0.000000
n 640 0 0.834797 0.717902 0.000000
n 641 0 0.743977 0.514212 0.000000
n 642 0 0.857672 0.770675 0.000000
n 643 0 0.757772 0.546540 0.000000
n 644 0 0.899430 0.863433 0.000000
n 645 0 0.804813 0.650694 0.000000
n 646 0 0.757460 0.746264 0.000000
n 647 0 0.795173 0.871883 0.000000
n 648 0 0.763823 0.769232 0.000000
n 649 0 0.763549 0.768231 0.000000
n 650 0 0.753752 0.732477 0.000000
n 651 0 0.825556 0.587673 0.000000
n 652 0 1.045405 0.682502 0.000000
n 653 0 0.725043 0.547350 0.000000
n 654 0 0.749915 0.557774 0.000000
n 655 0 0.850476 0.598031 0.000000
n 656 0 0.948145 0.638620 0.000000
n 657 0 1.068705 0.693062 0.000000
n 658 0 0.705818 0.538790 0.000000
n 659 0 0.741760 0.554438 0.000000
n 660 0 0.958305 0.643179 0.000000
n 661 0 0.099482 0.135105 0.000000
n 662 0 0.099908 0.135466 0.000000
n 663 0 0.224068 0.255594 0.000000
n 664 0 0.168472 0.198379 0.000000
n 665 0 0.144661 0.174488 0.000000
n 666 0 0.350779 0.380490 0.000000
n 667 0 0.328361 0.360107 0.000000
n 668 0 0.066386 0.107767 0.000000
n 669 0 0.284548 0.316805 0.000000
n 670 0 0.215969 0.715361 0.000000
n 671 0 0.194578 0.618126 0.000000
n 672 0 0.146311 0.386228 0.000000
n 673 0 0.193780 0.614554 0.000000
n 674 0 0.193783 0.614567 0.000000
n 675 0 0.220593 0.738463 0.000000
n 676 0 0.157278 0.447740 0.000000
n 677 0 0.141639 0.361626 0.000000
n 678 0 0.216427 0.717630 0.000000
n 679 0 0.198981 0.637288 0.000000
n 680 0 0.155565 0.437902 0.000000
n 681 0 1.099611 0.135026 0.000000
n 682 0 0.958780 0.211863 0.000000
n 683 0 1.009506 0.186975 0.000000
n 684 0 0.918664 0.237050 0.000000
n 685 0 0.754015 0.338793 0.000000
n 686 0 1.080637 0.145674 0.000000
n 687 0 0.957480 0.212657 0.000000
n 688 0 0.733012 0.398071 0.000000
n 689 0 0.423688 0.626657 0.000000
n 690 0 0.612881 0.485617 0.000000
n 691 0 0.583483 0.510822 0.000000
n 692 0 0.709824 0.416666 0.000000
n 693 0 0.633628 0.469096 0.000000
n 694 0 0.719171 0.409340 0.000000
n 695 0 0.801705 0.346520 0.000000
n 696 0 0.743798 0.389532 0.000000
n 697 0 0.659742 0.311491 0.000000
n 698 0 0.466663 0.108582 0.000000
n 699 0 0.746698 0.412312 0.000000
n 700 0 0.795445 0.466943 0.000000
n 701 0 0.711669 0.375595 0.000000
n 702 0 0.654639 0.305693 0.000000
n 703 0 0.612688 0.259466 0.000000
n 704 0 0.712013 0.375973 0.000000
n 705 0 0.482676 0.122787 0.000000
n 706 0 0.545350 0.196573 0.000000
n 707 0 0.168197 0.745417 0.000000
n 708 0 0.439269 0.573353 0.000000
n 709 0 0.561006 0.499831 0.000000
n 710 0 0.380937 0.613385 0.000000
n 711 0 0.315697 0.649236 0.000000
n 712 0 0.203227 0.723411 0.000000
n 713 0 0.212659 0.717462 0.000000
n 714 0 0.153400 0.810736 0.000000
n 715 0 0.195189 0.615008 0.000000
n 716 0 0.195498 0.613446 0.000000
n 717 0 0.178155 0.701349 0.000000
n 718 0 0.174796 0.715462 0.000000
n 719 0 0.190759 0.637768 0.000000
n 720 0 0.341750 0.915446 0.000000
n 721 0 0.358768 0.857690 0.000000
n 722 0 0.371983 0.818044 0.000000
n 723 0 0.396525 0.725994 0.000000
n 724 0 0.368201 0.830713 0.000000
n 725 0 0.381371 0.778081 0.000000
n 726 0 1.037081 0.744492 0.000000
n 727 0 1.019170 0.744851 0.000000
n 728 0 0.642086 0.736427 0.000000
n 729 0 0.939348 0.743469 0.000000
n 730 0 1.050829 0.743817 0.000000
n 731 0 0.776076 0.746043 0.000000
n 732 0 0.796291 0.745722 0.000000
n 733 0 0.843118 0.744231 0.000000
n 734 0 0.805390 0.745502 0.000000
n 735 0 0.651982 0.737912 0.000000
n 736 0 0.606422 0.520533 0.000000
n 737 0 0.619706 0.457524 0.000000
n 738 0 0.660643 0.307395 0.000000
n 739 0 0.576505 0.609460 0.000000
n 740 0 0.666142 0.267182 0.000000
n 741 0 0.651294 0.342999 0.000000
n 742 0 0.452508 0.977586 0.000000
n 743 0 0.051583 0.751888 0.000000
n 744 0 0.209201 0.323502 0.000000
n 745 0 0.138322 0.195301 0.000000
n 746 0 0.132364 0.184898 0.000000
n 747 0 0.260850 0.410427 0.000000
n 748 0 0.153571 0.222450 0.000000
n 749 0 0.230472 0.359341 0.000000
n 750 0 0.074011 0.098851 0.000000
n 751 0 0.233005 0.363679 0.000000
n 752 0 0.538972 0.013612 0.000000
n 753 0 0.709004 0.195451 0.000000
n 754 0 0.627973 0.104790 0.000000
n 755 0 0.359007 0.257523 0.000000
n 756 0 0.387863 0.222978 0.000000
n 757 0 0.372226 0.241809 0.000000
n 758 0 0.469283 0.104594 0.000000
n 759 0 0.386463 0.224711 0.000000
n 760 0 0.420684 0.435746 0.000000
n 761 0 0.700024 0.571670 0.000000
n 762 0 0.757167 0.598729 0.000000
n 763 0 0.832547 0.631123 0.000000
n 764 0 0.673077 0.557470 0.000000
n 765 0 0.758949 0.599524 0.000000
n 766 0 0.702012 0.572674 0.000000
n 767 0 0.426096 0.438313 0.000000
n 768 0 0.444003 0.322367 0.000000
n 769 0 0.467349 0.226026 0.000000
n 770 0 0.458523 0.261368 0.000000
n 771 0 0.408846 0.476402 0.000000
n 772 0 0.438046 0.348124 0.000000
n 773 0 0.418130 0.445121 0.000000
n 774 0 0.978676 0.709936 0.000000
n 775 0 1.052925 0.770551 0.000000
n 776 0 0.745615 0.525844 0.000000
n 777 0 0.743532 0.524151 0.000000
n 778 0 0.846998 0.604650 0.000000
n 779 0 0.917717 0.661078 0.000000
n 780 0 1.006101 0.735628 0.000000
n 781 0 0.737059 0.518884 0.000000
n 782 0 0.766204 0.542505 0.000000
n 783 0 0.899091 0.646954 0.000000
n 784 0 0.245327 0.160682 0.000000
n 785 0 0.234847 0.206640 0.000000
n 786 0 0.188769 0.436657 0.000000
n 787 0 0.202971 0.359811 0.000000
n 788 0 0.195743 0.399850 0.000000
n 789 0 0.855617 0.092238 0.000000
n 790 0 0.958515 0.211561 0.000000
n 791 0 0.984292 0.391295 0.000000
n 792 0 0.859047 0.403285 0.000000
n 793 0 0.720656 0.415742 0.000000
n 794 0 0.878700 0.401123 0.000000
n 795 0 0.920371 0.396333 0.000000
n 796 0 0.786794 0.408300 0.000000
n 797 0 0.470482 0.955398 0.000000
n 798 0 0.504136 0.916359 0.000000
n 799 0 0.506151 0.913960 0.000000
n 800 0 0.640863 0.737990 0.000000
n 801 0 0.309158 0.213547 0.000000
n 802 0 0.464984 0.337993 0.000000
n 803 0 0.501824 0.364688 0.000000
n 804 0 0.354114 0.253379 0.000000
n 805 0 0.874483 0.800708 0.000000
n 806 0 0.826897 0.843685 0.000000
n 807 0 0.859631 0.814236 0.000000
n 808 0 0.121516 0.193612 0.000000
n 809 0 0.128958 0.194339 0.000000
n 810 0 -0.010543 0.185235 0.000000
n 811 0 0.388308 0.223007 0.000000
n 812 0 0.038476 0.561986 0.000000
n 813 0 -0.108552 0.516056 0.000000
n 814 0 0.193796 0.614559 0.000000
n 815 0 -0.154315 0.505364 0.000000
n 816 0 0.260376 0.632670 0.000000
n 817 0 0.046531 0.707103 0.000000
n 818 0 0.044480 0.640874 0.000000
n 819 0 0.951308 0.308380 0.000000
n 820 0 0.959858 0.329612 0.000000
n 821 0 0.973747 0.363404 0.000000
n 822 0 0.970885 0.356481 0.000000
n 823 0 0.998243 0.425905 0.000000
n 824 0 0.744151 0.527414 0.000000
n 825 0 0.775714 0.491474 0.000000
n 826 0 0.902166 0.358920 0.000000
n 827 0 0.696443 0.575158 0.000000
n 828 0 0.832175 0.429954 0.000000
n 829 0 0.732138 0.331931 0.000000
n 830 0 0.700876 0.030373 0.000000
n 831 0 0.702189 0.322448 0.000000
n 832 0 0.741911 0.515617 0.000000
n 833 0 0.756540 0.595101 0.000000
n 834 0 0.748604 0.551060 0.000000
n 835 0 0.711719 0.375838 0.000000
n 836 0 0.583086 0.288416 0.000000
n 837 0 0.465438 0.264018 0.000000
n 838 0 0.368444 0.240851 0.000000
n 839 0 0.483697 0.271275 0.000000
n 840 0 0.764815 0.767371 0.000000
n 841 0 0.807915 0.682016 0.000000
n 842 0 0.911506 0.467125 0.000000
n 843 0 0.788008 0.723073 0.000000
n 844 0 0.785682 0.727619 0.000000
n 845 0 0.823839 0.649594 0.000000
n 846 0 0.912472 0.465086 0.000000
n 847 0 0.830215 0.721219 0.000000
n 848 0 0.790449 0.749829 0.000000
n 849 0 0.802277 0.741489 0.000000
n 850 0 0.940738 0.643919 0.000000
n 851 0 0.319720 0.535003 0.000000
n 852 0 0.156557 0.639862 0.000000
n 853 0 1.125443 0.190447 0.000000
n 854 0 0.927777 0.357935 0.000000
n 855 0 0.841014 0.433854 0.000000
n 856 0 0.195451 0.716646 0.000000
n 857 0 0.853626 0.439074 0.000000
n 858 0 0.938206 0.915405 0.000000
n 859 0 0.829585 0.720093 0.000000
n 860 0 0.574973 0.296331 0.000000
n 861 0 0.559652 0.302515 0.000000
n 862 0 0.137456 0.454426 0.000000
n 863 0 0.053307 0.119794 0.000000
n 864 0 0.237666 0.359314 0.000000
n 865 0 0.478618 0.897107 0.000000
n 866 0 0.633209 0.235135 0.000000
n 867 0 0.557522 0.181293 0.000000
n 868 0 0.914097 0.465791 0.000000
n 869 0 0.566057 0.304985 0.000000
n 870 0 0.790878 0.726785 0.000000
n 871 0 0.481001 0.273985 0.000000
