b 862 100 1.000000 1.000000 0.000000 1 0 0
f 0 0.010000 0 211 210 208 205 209 203 206 201 213 214 207 200 202 212 204 215 1 
f 1 0.010000 2 223 226 227 218 217 228 221 216 220 224 225 222 219 3 
f 2 0.010000 4 233 236 237 231 235 230 229 234 232 5 
f 3 0.010000 6 252 249 238 240 246 241 244 247 243 251 239 242 248 250 245 7 
f 4 0.010000 8 258 256 260 259 254 261 216 263 255 253 257 262 9 
f 5 0.010000 10 274 275 267 271 276 278 217 265 277 272 269 264 273 268 266 270 11 
f 6 0.010000 12 286 290 279 287 285 291 200 280 284 281 289 288 264 283 282 13 
f 7 0.010000 14 297 293 303 292 301 302 304 296 299 294 295 305 229 306 300 298 15 
f 8 0.010000 16 313 312 310 311 307 238 315 308 317 314 292 316 309 17 
f 9 0.010000 18 325 324 323 322 320 326 319 321 327 328 318 19 
f 10 0.010000 20 340 341 331 339 335 342 333 329 338 336 334 330 332 337 343 21 
f 11 0.010000 22 349 347 348 345 344 346 23 
f 12 0.010000 24 360 357 358 353 359 344 350 351 356 354 355 352 25 
f 13 0.010000 26 201 367 366 361 369 368 363 364 365 362 350 27 
f 14 0.010000 28 386 375 381 370 384 376 380 382 239 371 373 385 379 378 377 383 374 372 29 
f 15 0.010000 30 361 394 395 279 392 387 388 391 389 393 390 31 
f 16 0.010000 32 409 411 370 397 406 399 407 400 405 403 398 404 401 396 240 307 408 402 410 33 
f 17 0.010000 34 423 413 329 426 420 416 421 412 371 424 414 419 418 415 241 417 396 422 308 425 35 
f 18 0.010000 36 437 433 432 427 330 429 428 431 430 436 435 434 37 
f 19 0.010000 38 445 443 439 447 453 442 253 265 218 451 440 318 449 438 452 448 446 444 441 450 39 
f 20 0.010000 40 459 461 456 455 458 462 454 230 463 460 457 41 
f 21 0.010000 42 473 466 467 293 309 470 468 469 471 465 464 472 43 
f 22 0.010000 44 477 475 476 481 231 479 454 480 474 294 478 464 45 
f 23 0.010000 46 482 483 486 455 484 474 295 487 485 47 
f 24 0.010000 48 489 372 331 492 494 490 491 493 495 496 488 49 
f 25 0.010000 50 319 498 502 504 506 508 438 503 509 501 488 505 500 507 499 497 51 
f 26 0.010000 52 512 510 517 373 412 242 515 516 427 332 514 518 513 219 511 53 
f 27 0.010000 54 524 526 529 519 387 527 525 523 530 202 280 522 528 266 521 520 55 
f 28 0.010000 56 533 536 535 537 534 531 532 538 57 
f 29 0.010000 58 541 542 539 320 545 540 267 254 543 220 544 59 
f 30 0.010000 60 550 549 551 548 546 547 552 61 
f 31 0.010000 62 553 203 489 374 558 554 559 333 413 557 555 428 556 560 63 
f 32 0.010000 64 562 563 268 571 281 564 569 204 573 565 567 388 568 561 572 570 566 574 65 
f 33 0.010000 66 582 578 576 579 580 577 531 546 581 584 575 497 583 67 
f 34 0.010000 68 586 414 243 595 588 585 594 397 590 375 597 587 596 589 593 598 561 591 519 592 69 
f 35 0.010000 70 604 398 605 244 415 310 607 602 603 599 608 600 601 606 71 
f 36 0.010000 72 465 296 456 611 615 482 613 614 599 610 205 612 609 73 
f 37 0.010000 74 620 622 618 623 619 439 624 625 617 269 616 282 621 562 520 75 
f 38 0.010000 76 466 630 626 629 627 399 585 376 628 631 632 77 
f 39 0.010000 78 639 636 637 345 362 351 635 633 634 638 232 79 
f 40 0.010000 80 641 644 649 643 429 334 245 646 648 416 642 640 647 645 377 609 81 
f 41 0.010000 82 297 467 651 650 400 83 
f 42 0.010000 84 654 653 655 457 352 656 652 633 657 85 
f 43 0.010000 86 346 663 353 662 659 664 626 650 661 658 660 401 417 246 311 87 
f 44 0.010000 88 666 665 667 539 668 498 321 669 670 440 89 
f 45 0.010000 90 672 532 547 678 674 575 499 676 673 441 675 677 671 91 
f 46 0.010000 92 616 283 681 563 521 270 682 206 553 680 679 93 
f 47 0.010000 94 363 683 354 652 298 634 684 95 
f 48 0.010000 96 689 430 686 533 687 576 685 688 97 
f 49 0.010000 98 431 694 696 335 554 640 693 695 378 692 510 586 691 690 99 
f 50 0.010000 100 207 522 284 564 700 617 703 699 442 255 704 221 702 271 540 701 322 698 665 697 101 
f 51 0.010000 102 247 418 312 690 710 708 707 208 610 679 711 600 709 475 706 705 653 103 
f 52 0.010000 104 718 716 587 717 713 715 389 714 712 105 
f 53 0.010000 106 721 402 724 611 722 483 720 726 233 725 723 476 719 705 654 107 
f 54 0.010000 108 729 641 511 222 730 618 731 727 443 732 712 565 728 523 285 733 109 
f 55 0.010000 110 735 737 736 256 323 734 666 697 541 111 
f 56 0.010000 112 419 313 691 741 739 738 612 209 680 742 601 740 477 706 719 655 113 
f 57 0.010000 114 738 707 210 743 602 613 720 744 458 484 299 478 745 115 
f 58 0.010000 116 614 603 743 211 708 739 512 692 379 748 746 642 420 749 747 336 555 117 
f 59 0.010000 118 347 364 683 355 656 300 750 234 485 119 
f 60 0.010000 120 468 301 314 752 658 604 403 751 588 380 121 
f 61 0.010000 122 754 759 685 755 756 577 534 548 758 761 763 500 757 444 760 762 753 123 
f 62 0.010000 124 657 635 356 365 348 286 768 765 764 524 766 566 769 767 589 713 125 
f 63 0.010000 126 775 774 366 773 777 287 525 771 567 714 776 445 770 772 127 
f 64 0.010000 128 780 490 779 778 782 784 501 446 781 783 753 671 129 
f 65 0.010000 130 788 502 787 542 667 698 734 785 786 131 
f 66 0.010000 132 272 794 257 699 795 447 619 727 770 789 390 792 793 381 590 790 627 791 133 
f 67 0.010000 134 357 659 797 636 764 526 796 591 568 391 135 
f 68 0.010000 136 802 800 801 686 735 556 643 803 798 513 620 799 137 
f 69 0.010000 138 223 621 681 273 288 804 700 569 212 806 728 771 527 392 592 805 765 139 
f 70 0.010000 140 785 324 258 736 729 644 798 809 514 337 432 807 808 382 141 
f 71 0.010000 142 543 224 810 730 622 799 814 433 807 811 515 248 813 421 746 693 812 645 383 143 
f 72 0.010000 144 605 404 660 422 315 249 815 721 459 302 469 145 
f 73 0.010000 146 470 316 303 816 661 405 147 
f 74 0.010000 148 766 570 819 817 593 715 393 789 772 731 623 544 810 225 259 818 274 149 
f 75 0.010000 150 821 694 423 557 338 747 646 250 516 811 808 628 384 594 406 790 820 716 151 
f 76 0.010000 152 629 791 407 751 595 251 424 517 385 748 695 812 647 558 339 153 
f 77 0.010000 154 826 823 822 549 825 491 824 778 828 503 830 448 829 827 155 
f 78 0.010000 156 630 651 816 752 317 425 252 815 408 831 615 722 486 744 832 479 235 833 460 157 
f 79 0.010000 158 492 835 340 682 213 834 773 394 836 159 
f 80 0.010000 160 723 709 740 606 774 367 834 214 528 571 289 804 161 
f 81 0.010000 162 786 325 754 840 578 687 837 535 800 838 434 839 822 550 163 
f 82 0.010000 164 823 842 435 841 801 536 837 579 755 688 165 
f 83 0.010000 166 844 631 843 409 792 717 596 767 817 845 572 796 529 805 290 349 368 167 
f 84 0.010000 168 846 493 824 779 848 449 849 847 504 787 668 326 545 701 275 818 260 169 
f 85 0.010000 170 741 710 607 831 724 410 461 304 471 171 
f 86 0.010000 172 358 662 850 637 768 173 
f 87 0.010000 174 663 359 850 797 851 718 820 386 597 793 411 843 632 175 
f 88 0.010000 176 689 436 841 838 802 537 580 756 672 177 
f 89 0.010000 178 341 835 494 780 825 846 852 853 505 757 673 179 
f 90 0.010000 180 674 854 581 758 551 839 842 826 821 696 342 559 426 749 648 813 181 
f 91 0.010000 182 472 745 487 305 480 462 832 855 236 725 608 711 742 775 183 
f 92 0.010000 184 759 840 582 737 560 649 803 809 518 343 814 437 844 185 
f 93 0.010000 186 261 702 276 858 669 327 788 847 506 857 827 856 781 760 675 450 187 
f 94 0.010000 188 583 676 507 859 761 852 495 782 828 848 226 189 
f 95 0.010000 190 726 855 237 481 833 463 306 750 638 684 191 
f 96 0.010000 192 677 762 783 856 829 860 508 849 328 670 451 227 277 794 262 703 861 624 732 776 193 
f 97 0.010000 194 857 860 452 830 509 784 496 853 763 859 584 854 678 552 538 195 
f 98 0.010000 196 369 836 395 777 733 291 530 806 573 215 625 861 795 453 263 704 228 278 858 197 
f 99 0.010000 198 473 360 664 851 639 574 769 819 845 598 199 
n 0 1 0.774196 0.336249 0.000000
n 1 1 1.211076 0.587922 0.000000
n 2 1 0.071337 0.752273 0.000000
n 3 1 0.564003 0.681254 0.000000
n 4 1 0.862518 0.250579 0.000000
n 5 2 1.009110 0.000000 0.000000
n 6 1 0.667108 0.130713 0.000000
n 7 1 0.676870 0.632107 0.000000
n 8 1 0.618965 0.979126 0.000000
n 9 1 0.218247 0.674582 0.000000
n 10 1 0.428662 0.881309 0.000000
n 11 1 0.042049 0.553156 0.000000
n 12 1 0.296711 0.278044 0.000000
n 13 1 0.099237 0.733743 0.000000
n 14 1 0.599347 0.050208 0.000000
n 15 1 1.094799 0.118692 0.000000
n 16 1 0.711892 0.431795 0.000000
n 17 2 0.632631 0.000000 0.000000
n 18 1 0.660737 0.982792 0.000000
n 19 1 0.193108 0.801910 0.000000
n 20 1 1.062773 0.638422 0.000000
n 21 1 0.564256 0.639155 0.000000
n 22 1 0.189300 0.367501 0.000000
n 23 2 0.417245 0.000000 0.000000
n 24 1 0.513887 0.078626 0.000000
n 25 1 0.033322 0.212810 0.000000
n 26 1 1.052960 0.500501 0.000000
n 27 1 0.314826 0.077269 0.000000
n 28 1 0.377968 0.384886 0.000000
n 29 1 0.846114 0.576092 0.000000
n 30 1 0.031725 0.383250 0.000000
n 31 1 0.483242 0.597102 0.000000
n 32 1 0.415137 0.474085 0.000000
n 33 1 0.748464 0.111365 0.000000
n 34 1 0.716465 0.650736 0.000000
n 35 1 0.661545 0.150653 0.000000
n 36 1 0.483039 0.505001 0.000000
n 37 1 0.831245 0.868454 0.000000
n 38 1 0.294777 0.562666 0.000000
n 39 2 0.118637 1.000000 0.000000
n 40 1 0.674141 0.071759 0.000000
n 41 1 1.138175 0.260460 0.000000
n 42 1 0.458144 0.091891 0.000000
n 43 2 0.833876 0.000000 0.000000
n 44 1 1.009082 0.353564 0.000000
n 45 2 0.785123 0.000000 0.000000
n 46 1 0.757190 0.238235 0.000000
n 47 2 0.886012 0.000000 0.000000
n 48 1 0.807255 0.526336 0.000000
n 49 1 1.089208 0.945878 0.000000
n 50 1 0.300369 0.807828 0.000000
n 51 2 -0.029050 1.000000 0.000000
n 52 1 0.799719 0.441691 0.000000
n 53 1 0.434246 0.780193 0.000000
n 54 1 0.346425 0.318372 0.000000
n 55 1 0.060454 0.727952 0.000000
n 56 1 0.658892 0.765868 0.000000
n 57 2 0.884700 1.000000 0.000000
n 58 2 0.295801 1.000000 0.000000
n 59 1 0.358158 0.660987 0.000000
n 60 1 0.863949 0.736986 0.000000
n 61 2 0.901268 1.000000 0.000000
n 62 1 0.971005 0.410916 0.000000
n 63 1 0.600924 0.739690 0.000000
n 64 1 0.092079 0.688357 0.000000
n 65 1 0.388155 0.285346 0.000000
n 66 1 0.668477 0.889548 0.000000
n 67 2 1.050050 1.000000 0.000000
n 68 1 0.753473 0.445275 0.000000
n 69 1 0.250304 0.411857 0.000000
n 70 1 0.630448 0.222075 0.000000
n 71 1 1.104444 0.390276 0.000000
n 72 2 0.743472 0.000000 0.000000
n 73 1 0.867688 0.471304 0.000000
n 74 1 0.557310 0.644762 0.000000
n 75 1 0.056892 0.689780 0.000000
n 76 1 0.555689 0.044083 0.000000
n 77 1 0.449868 0.533937 0.000000
n 78 1 0.367113 0.312890 0.000000
n 79 1 0.968632 0.005873 0.000000
n 80 1 0.530636 0.777442 0.000000
n 81 1 0.854235 0.398503 0.000000
n 82 2 0.603087 0.000000 0.000000
n 83 1 0.596289 0.352537 0.000000
n 84 1 0.022050 0.332693 0.000000
n 85 2 0.203872 0.000000 0.000000
n 86 1 0.231710 0.018931 0.000000
n 87 1 0.694099 0.215909 0.000000
n 88 2 0.515371 1.000000 0.000000
n 89 1 0.188408 0.780351 0.000000
n 90 2 0.796338 1.000000 0.000000
n 91 1 1.286130 0.955193 0.000000
n 92 1 0.177553 0.683033 0.000000
n 93 1 0.834651 0.310261 0.000000
n 94 1 0.188174 0.321133 0.000000
n 95 2 0.024900 0.000000 0.000000
n 96 1 0.752310 0.709773 0.000000
n 97 2 0.706057 1.000000 0.000000
n 98 1 0.727610 0.810850 0.000000
n 99 1 0.736175 0.311286 0.000000
n 100 1 1.133911 0.521812 0.000000
n 101 1 0.406086 0.949782 0.000000
n 102 1 0.640031 0.400094 0.000000
n 103 1 0.126515 0.300958 0.000000
n 104 1 0.495529 0.210122 0.000000
n 105 1 0.216238 0.624502 0.000000
n 106 1 0.657971 0.089600 0.000000
n 107 1 0.084543 0.360845 0.000000
n 108 1 0.577970 0.783703 0.000000
n 109 1 0.144967 0.523517 0.000000
n 110 1 0.682197 0.733830 0.000000
n 111 2 0.271661 1.000000 0.000000
n 112 1 0.686375 0.431391 0.000000
n 113 1 0.156288 0.277497 0.000000
n 114 1 0.783304 0.403124 0.000000
n 115 2 0.842369 0.000000 0.000000
n 116 1 0.832159 0.198385 0.000000
n 117 1 0.684069 0.672211 0.000000
n 118 1 0.237650 0.289775 0.000000
n 119 2 -0.137483 0.000000 0.000000
n 120 1 0.658703 0.026483 0.000000
n 121 1 0.616223 0.526468 0.000000
n 122 1 0.663652 0.913683 0.000000
n 123 1 1.161686 0.959617 0.000000
n 124 1 0.078686 0.037509 0.000000
n 125 1 0.369001 0.452462 0.000000
n 126 1 -0.062754 0.356889 0.000000
n 127 1 0.356262 0.637788 0.000000
n 128 1 -0.077220 0.760347 0.000000
n 129 2 0.206070 1.000000 0.000000
n 130 1 0.211615 0.834002 0.000000
n 131 2 0.630338 1.000000 0.000000
n 132 1 0.219552 0.711215 0.000000
n 133 1 0.539853 0.341219 0.000000
n 134 1 0.470169 0.092468 0.000000
n 135 1 0.230234 0.524398 0.000000
n 136 1 0.778499 0.858831 0.000000
n 137 1 0.413461 0.510500 0.000000
n 138 1 0.057556 0.782127 0.000000
n 139 1 0.306557 0.351173 0.000000
n 140 1 0.509529 0.957592 0.000000
n 141 1 0.643665 0.480261 0.000000
n 142 1 0.307118 0.719805 0.000000
n 143 1 0.761652 0.524490 0.000000
n 144 1 0.650025 0.247256 0.000000
n 145 2 0.725690 0.000000 0.000000
n 146 2 0.650144 0.000000 0.000000
n 147 1 0.591261 0.397987 0.000000
n 148 1 0.313060 0.373595 0.000000
n 149 1 0.392651 0.865250 0.000000
n 150 1 0.766884 0.687266 0.000000
n 151 1 0.392791 0.348044 0.000000
n 152 1 0.507647 0.321881 0.000000
n 153 1 0.875689 0.663821 0.000000
n 154 1 0.775982 0.735901 0.000000
n 155 1 1.237113 0.936993 0.000000
n 156 1 0.492535 0.129702 0.000000
n 157 1 0.985879 0.195701 0.000000
n 158 1 0.895088 0.776983 0.000000
n 159 1 1.154304 0.350624 0.000000
n 160 1 0.888214 0.211597 0.000000
n 161 1 0.157238 0.642846 0.000000
n 162 2 0.617488 1.000000 0.000000
n 163 1 0.898294 0.728700 0.000000
n 164 1 0.822305 0.731600 0.000000
n 165 2 0.685335 1.000000 0.000000
n 166 1 0.558024 0.563953 0.000000
n 167 1 0.129286 0.303358 0.000000
n 168 1 -0.002501 0.846798 0.000000
n 169 1 0.493934 0.840793 0.000000
n 170 1 0.749393 0.426168 0.000000
n 171 2 0.729066 0.000000 0.000000
n 172 2 0.509168 0.000000 0.000000
n 173 1 0.263262 0.367722 0.000000
n 174 1 0.395938 0.053554 0.000000
n 175 1 0.456774 0.549687 0.000000
n 176 1 0.740865 0.732457 0.000000
n 177 2 0.798089 1.000000 0.000000
n 178 1 0.884472 0.633500 0.000000
n 179 2 1.107120 1.000000 0.000000
n 180 1 0.937034 0.997443 0.000000
n 181 1 0.688702 0.556363 0.000000
n 182 2 0.814422 0.000000 0.000000
n 183 1 -0.034655 0.408050 0.000000
n 184 1 0.715238 0.928502 0.000000
n 185 1 0.475454 0.485847 0.000000
n 186 1 0.308028 0.714589 0.000000
n 187 2 0.116238 1.000000 0.000000
n 188 2 1.002665 1.000000 0.000000
n 189 1 0.105029 0.727550 0.000000
n 190 1 0.836928 0.258277 0.000000
n 191 2 0.095045 0.000000 0.000000
n 192 1 1.141700 0.997520 0.000000
n 193 1 0.286862 0.524445 0.000000
n 194 1 0.261004 0.859866 0.000000
n 195 2 0.882347 1.000000 0.000000
n 196 1 0.083184 0.338435 0.000000
n 197 1 0.297635 0.790875 0.000000
n 198 2 0.519779 0.000000 0.000000
n 199 1 0.302922 0.434651 0.000000
n 200 0 1.169532 0.565697 0.000000
n 201 0 1.053620 0.499417 0.000000
n 202 0 1.169749 0.565816 0.000000
n 203 0 0.945767 0.430246 0.000000
n 204 0 1.177379 0.569887 0.000000
n 205 0 0.830900 0.368404 0.000000
n 206 0 0.959471 0.438992 0.000000
n 207 0 1.156516 0.558687 0.000000
n 208 0 0.818641 0.361678 0.000000
n 209 0 0.845869 0.376569 0.000000
n 210 0 0.792358 0.346682 0.000000
n 211 0 0.788009 0.344184 0.000000
n 212 0 1.176332 0.569331 0.000000
n 213 0 1.058457 0.502211 0.000000
n 214 0 1.077559 0.513050 0.000000
n 215 0 1.184513 0.573705 0.000000
n 216 0 0.277198 0.710824 0.000000
n 217 0 0.236171 0.717688 0.000000
n 218 0 0.232928 0.718245 0.000000
n 219 0 0.554027 0.681719 0.000000
n 220 0 0.350450 0.698889 0.000000
n 221 0 0.259974 0.713721 0.000000
n 222 0 0.433642 0.687325 0.000000
n 223 0 0.075499 0.749493 0.000000
n 224 0 0.351689 0.698698 0.000000
n 225 0 0.362738 0.696999 0.000000
n 226 0 0.104131 0.730367 0.000000
n 227 0 0.227234 0.719215 0.000000
n 228 0 0.257052 0.714207 0.000000
n 229 0 0.949748 0.099699 0.000000
n 230 0 0.907841 0.170343 0.000000
n 231 0 0.898606 0.186164 0.000000
n 232 0 0.995081 0.026625 0.000000
n 233 0 0.874312 0.229111 0.000000
n 234 0 0.962913 0.076951 0.000000
n 235 0 0.898894 0.185668 0.000000
n 236 0 0.884732 0.210143 0.000000
n 237 0 0.888001 0.204384 0.000000
n 238 0 0.668912 0.191505 0.000000
n 239 0 0.676820 0.506009 0.000000
n 240 0 0.669277 0.200383 0.000000
n 241 0 0.670138 0.217939 0.000000
n 242 0 0.677215 0.559751 0.000000
n 243 0 0.674681 0.440668 0.000000
n 244 0 0.671085 0.235413 0.000000
n 245 0 0.676903 0.612802 0.000000
n 246 0 0.669549 0.206471 0.000000
n 247 0 0.671863 0.392767 0.000000
n 248 0 0.677213 0.562466 0.000000
n 249 0 0.668582 0.182675 0.000000
n 250 0 0.676914 0.606865 0.000000
n 251 0 0.676570 0.478351 0.000000
n 252 0 0.667720 0.152284 0.000000
n 253 0 0.243778 0.690108 0.000000
n 254 0 0.342053 0.752171 0.000000
n 255 0 0.244761 0.690710 0.000000
n 256 0 0.491678 0.851408 0.000000
n 257 0 0.238940 0.687160 0.000000
n 258 0 0.523607 0.883445 0.000000
n 259 0 0.376956 0.773230 0.000000
n 260 0 0.481105 0.840892 0.000000
n 261 0 0.302063 0.724239 0.000000
n 262 0 0.236900 0.685920 0.000000
n 263 0 0.245356 0.691074 0.000000
n 264 0 0.136140 0.636664 0.000000
n 265 0 0.233836 0.715779 0.000000
n 266 0 0.124383 0.626953 0.000000
n 267 0 0.333602 0.801822 0.000000
n 268 0 0.129743 0.631425 0.000000
n 269 0 0.178082 0.668936 0.000000
n 270 0 0.086386 0.592895 0.000000
n 271 0 0.296952 0.767925 0.000000
n 272 0 0.222957 0.707011 0.000000
n 273 0 0.135806 0.636393 0.000000
n 274 0 0.389811 0.848274 0.000000
n 275 0 0.382298 0.841885 0.000000
n 276 0 0.282679 0.755330 0.000000
n 277 0 0.229193 0.712007 0.000000
n 278 0 0.276796 0.750431 0.000000
n 279 0 0.216726 0.472460 0.000000
n 280 0 0.168964 0.566833 0.000000
n 281 0 0.151459 0.601887 0.000000
n 282 0 0.120028 0.678809 0.000000
n 283 0 0.133569 0.643032 0.000000
n 284 0 0.165628 0.573536 0.000000
n 285 0 0.180216 0.544397 0.000000
n 286 0 0.276121 0.335025 0.000000
n 287 0 0.185959 0.532866 0.000000
n 288 0 0.137674 0.632888 0.000000
n 289 0 0.142646 0.620924 0.000000
n 290 0 0.260905 0.377136 0.000000
n 291 0 0.175421 0.553939 0.000000
n 292 0 0.643776 0.056402 0.000000
n 293 0 0.619678 0.053023 0.000000
n 294 0 0.837046 0.083488 0.000000
n 295 0 0.840740 0.084030 0.000000
n 296 0 0.760794 0.072604 0.000000
n 297 0 0.602890 0.050698 0.000000
n 298 0 1.084359 0.117302 0.000000
n 299 0 0.829824 0.082432 0.000000
n 300 0 1.002124 0.106346 0.000000
n 301 0 0.656230 0.058189 0.000000
n 302 0 0.705697 0.064923 0.000000
n 303 0 0.642324 0.056196 0.000000
n 304 0 0.732851 0.068358 0.000000
n 305 0 0.843527 0.084440 0.000000
n 306 0 0.987998 0.104556 0.000000
n 307 0 0.670419 0.199007 0.000000
n 308 0 0.662232 0.156411 0.000000
n 309 0 0.642073 0.047447 0.000000
n 310 0 0.678625 0.237809 0.000000
n 311 0 0.672131 0.207464 0.000000
n 312 0 0.702980 0.385492 0.000000
n 313 0 0.710066 0.422311 0.000000
n 314 0 0.652404 0.103733 0.000000
n 315 0 0.667724 0.185506 0.000000
n 316 0 0.642938 0.051984 0.000000
n 317 0 0.661310 0.151497 0.000000
n 318 0 0.203115 0.805454 0.000000
n 319 0 0.267457 0.828318 0.000000
n 320 0 0.326774 0.851084 0.000000
n 321 0 0.261426 0.826115 0.000000
n 322 0 0.356530 0.861692 0.000000
n 323 0 0.433414 0.893925 0.000000
n 324 0 0.514751 0.933093 0.000000
n 325 0 0.638259 0.975139 0.000000
n 326 0 0.312750 0.845955 0.000000
n 327 0 0.243414 0.819724 0.000000
n 328 0 0.205707 0.806372 0.000000
n 329 0 0.714863 0.634200 0.000000
n 330 0 0.607405 0.637678 0.000000
n 331 0 0.873019 0.635655 0.000000
n 332 0 0.599368 0.637902 0.000000
n 333 0 0.718382 0.634099 0.000000
n 334 0 0.658250 0.636066 0.000000
n 335 0 0.730423 0.633761 0.000000
n 336 0 0.696033 0.634791 0.000000
n 337 0 0.599106 0.637910 0.000000
n 338 0 0.707934 0.634411 0.000000
n 339 0 0.839895 0.630879 0.000000
n 340 0 0.986723 0.637948 0.000000
n 341 0 0.886474 0.637323 0.000000
n 342 0 0.730409 0.633761 0.000000
n 343 0 0.569637 0.638963 0.000000
n 344 0 0.336479 0.135445 0.000000
n 345 0 0.262158 0.237996 0.000000
n 346 0 0.371950 0.083277 0.000000
n 347 0 0.232063 0.284544 0.000000
n 348 0 0.235773 0.278762 0.000000
n 349 0 0.198767 0.349136 0.000000
n 350 0 0.270135 0.146931 0.000000
n 351 0 0.184392 0.172183 0.000000
n 352 0 0.093312 0.197122 0.000000
n 353 0 0.432255 0.108887 0.000000
n 354 0 0.122133 0.189561 0.000000
n 355 0 0.116319 0.191106 0.000000
n 356 0 0.171990 0.176037 0.000000
n 357 0 0.469120 0.094804 0.000000
n 358 0 0.445825 0.103965 0.000000
n 359 0 0.406011 0.117235 0.000000
n 360 0 0.475601 0.092462 0.000000
n 361 0 0.106846 0.419731 0.000000
n 362 0 0.230858 0.208154 0.000000
n 363 0 0.175098 0.295099 0.000000
n 364 0 0.200616 0.255104 0.000000
n 365 0 0.213322 0.237043 0.000000
n 366 0 0.079357 0.459341 0.000000
n 367 0 0.061514 0.486444 0.000000
n 368 0 0.163142 0.325664 0.000000
n 369 0 0.113433 0.409943 0.000000
n 370 0 0.468141 0.429667 0.000000
n 371 0 0.704382 0.515974 0.000000
n 372 0 0.828297 0.567113 0.000000
n 373 0 0.716720 0.520533 0.000000
n 374 0 0.808463 0.557117 0.000000
n 375 0 0.461348 0.426286 0.000000
n 376 0 0.485003 0.437951 0.000000
n 377 0 0.745010 0.531099 0.000000
n 378 0 0.735129 0.527397 0.000000
n 379 0 0.732256 0.526324 0.000000
n 380 0 0.620009 0.487037 0.000000
n 381 0 0.463408 0.427309 0.000000
n 382 0 0.640038 0.492800 0.000000
n 383 0 0.745859 0.531420 0.000000
n 384 0 0.477516 0.434324 0.000000
n 385 0 0.726568 0.524198 0.000000
n 386 0 0.457130 0.424192 0.000000
n 387 0 0.236320 0.480617 0.000000
n 388 0 0.246541 0.484730 0.000000
n 389 0 0.292384 0.501466 0.000000
n 390 0 0.362994 0.535114 0.000000
n 391 0 0.252136 0.486951 0.000000
n 392 0 0.233887 0.479625 0.000000
n 393 0 0.336500 0.521456 0.000000
n 394 0 0.109540 0.421040 0.000000
n 395 0 0.120252 0.426243 0.000000
n 396 0 0.667904 0.202041 0.000000
n 397 0 0.470193 0.427854 0.000000
n 398 0 0.646985 0.227670 0.000000
n 399 0 0.494436 0.405051 0.000000
n 400 0 0.598121 0.282077 0.000000
n 401 0 0.665524 0.204923 0.000000
n 402 0 0.729377 0.132243 0.000000
n 403 0 0.643187 0.232226 0.000000
n 404 0 0.660091 0.211556 0.000000
n 405 0 0.610781 0.268271 0.000000
n 406 0 0.470934 0.427195 0.000000
n 407 0 0.540333 0.353737 0.000000
n 408 0 0.706654 0.156299 0.000000
n 409 0 0.432051 0.460011 0.000000
n 410 0 0.737189 0.123697 0.000000
n 411 0 0.457647 0.438712 0.000000
n 412 0 0.705856 0.531293 0.000000
n 413 0 0.715134 0.637019 0.000000
n 414 0 0.694983 0.441731 0.000000
n 415 0 0.672753 0.235941 0.000000
n 416 0 0.709604 0.573475 0.000000
n 417 0 0.668450 0.206050 0.000000
n 418 0 0.687529 0.389161 0.000000
n 419 0 0.692585 0.429011 0.000000
n 420 0 0.710973 0.589715 0.000000
n 421 0 0.707476 0.548675 0.000000
n 422 0 0.666328 0.190153 0.000000
n 423 0 0.715528 0.641079 0.000000
n 424 0 0.703057 0.502395 0.000000
n 425 0 0.661651 0.151539 0.000000
n 426 0 0.711785 0.599271 0.000000
n 427 0 0.603704 0.633566 0.000000
n 428 0 0.655862 0.691067 0.000000
n 429 0 0.633509 0.666740 0.000000
n 430 0 0.743204 0.778970 0.000000
n 431 0 0.728246 0.766492 0.000000
n 432 0 0.601183 0.630771 0.000000
n 433 0 0.580130 0.607518 0.000000
n 434 0 0.790556 0.826020 0.000000
n 435 0 0.777335 0.812232 0.000000
n 436 0 0.755906 0.790920 0.000000
n 437 0 0.527220 0.551651 0.000000
n 438 0 0.168328 0.887964 0.000000
n 439 0 0.255101 0.660202 0.000000
n 440 0 0.208029 0.792609 0.000000
n 441 0 0.132081 0.969156 0.000000
n 442 0 0.243991 0.689550 0.000000
n 443 0 0.280328 0.597646 0.000000
n 444 0 0.137384 0.957169 0.000000
n 445 0 0.283189 0.590721 0.000000
n 446 0 0.142564 0.945525 0.000000
n 447 0 0.250546 0.672230 0.000000
n 448 0 0.160626 0.904934 0.000000
n 449 0 0.185369 0.848375 0.000000
n 450 0 0.122407 0.991332 0.000000
n 451 0 0.214217 0.775291 0.000000
n 452 0 0.164770 0.895856 0.000000
n 453 0 0.244248 0.688883 0.000000
n 454 0 0.882724 0.159732 0.000000
n 455 0 0.815771 0.130605 0.000000
n 456 0 0.769953 0.111066 0.000000
n 457 0 1.071984 0.234615 0.000000
n 458 0 0.821985 0.133211 0.000000
n 459 0 0.701171 0.082352 0.000000
n 460 0 0.966712 0.193511 0.000000
n 461 0 0.734975 0.095600 0.000000
n 462 0 0.865902 0.152563 0.000000
n 463 0 0.917728 0.174366 0.000000
n 464 0 0.791692 0.010312 0.000000
n 465 0 0.748591 0.020928 0.000000
n 466 0 0.551169 0.070722 0.000000
n 467 0 0.602761 0.057263 0.000000
n 468 0 0.657359 0.043724 0.000000
n 469 0 0.716822 0.028794 0.000000
n 470 0 0.643652 0.047060 0.000000
n 471 0 0.730513 0.025329 0.000000
n 472 0 0.815979 0.004387 0.000000
n 473 0 0.477548 0.087475 0.000000
n 474 0 0.839161 0.086959 0.000000
n 475 0 0.989641 0.323383 0.000000
n 476 0 0.959923 0.277702 0.000000
n 477 0 0.990712 0.325046 0.000000
n 478 0 0.831146 0.073848 0.000000
n 479 0 0.898254 0.185584 0.000000
n 480 0 0.850735 0.106180 0.000000
n 481 0 0.901425 0.190789 0.000000
n 482 0 0.786123 0.185926 0.000000
n 483 0 0.792372 0.174627 0.000000
n 484 0 0.825073 0.113157 0.000000
n 485 0 0.879082 0.012582 0.000000
n 486 0 0.794724 0.170282 0.000000
n 487 0 0.842373 0.081003 0.000000
n 488 0 1.082756 0.935855 0.000000
n 489 0 0.819260 0.549600 0.000000
n 490 0 1.018288 0.837947 0.000000
n 491 0 1.024089 0.846145 0.000000
n 492 0 0.927944 0.727842 0.000000
n 493 0 1.024354 0.846525 0.000000
n 494 0 0.982925 0.793035 0.000000
n 495 0 1.050937 0.886210 0.000000
n 496 0 1.077352 0.927460 0.000000
n 497 0 -0.002749 0.984776 0.000000
n 498 0 0.266114 0.829154 0.000000
n 499 0 0.004471 0.980630 0.000000
n 500 0 0.058515 0.949804 0.000000
n 501 0 0.112412 0.919214 0.000000
n 502 0 0.240860 0.844782 0.000000
n 503 0 0.147795 0.899376 0.000000
n 504 0 0.236855 0.847235 0.000000
n 505 0 0.073473 0.941232 0.000000
n 506 0 0.216439 0.859701 0.000000
n 507 0 0.012633 0.975955 0.000000
n 508 0 0.182106 0.880123 0.000000
n 509 0 0.134868 0.906605 0.000000
n 510 0 0.736125 0.501574 0.000000
n 511 0 0.493297 0.731646 0.000000
n 512 0 0.742747 0.495338 0.000000
n 513 0 0.567362 0.669537 0.000000
n 514 0 0.599002 0.638268 0.000000
n 515 0 0.672125 0.564731 0.000000
n 516 0 0.651896 0.584470 0.000000
n 517 0 0.719590 0.517704 0.000000
n 518 0 0.578866 0.658459 0.000000
n 519 0 0.288577 0.411661 0.000000
n 520 0 0.087939 0.684435 0.000000
n 521 0 0.121593 0.631148 0.000000
n 522 0 0.164802 0.572204 0.000000
n 523 0 0.184510 0.546872 0.000000
n 524 0 0.309793 0.377752 0.000000
n 525 0 0.192279 0.536878 0.000000
n 526 0 0.308105 0.380487 0.000000
n 527 0 0.218992 0.502850 0.000000
n 528 0 0.135632 0.610335 0.000000
n 529 0 0.299951 0.393777 0.000000
n 530 0 0.176744 0.556824 0.000000
n 531 0 0.823765 0.933911 0.000000
n 532 0 0.877592 0.992423 0.000000
n 533 0 0.735385 0.841559 0.000000
n 534 0 0.817360 0.926947 0.000000
n 535 0 0.756960 0.862921 0.000000
n 536 0 0.755436 0.861400 0.000000
n 537 0 0.777250 0.883354 0.000000
n 538 0 0.884087 0.999346 0.000000
n 539 0 0.323778 0.867687 0.000000
n 540 0 0.330769 0.822615 0.000000
n 541 0 0.299565 0.981872 0.000000
n 542 0 0.322273 0.875685 0.000000
n 543 0 0.350369 0.699323 0.000000
n 544 0 0.357943 0.662043 0.000000
n 545 0 0.327669 0.845463 0.000000
n 546 0 0.894504 0.954818 0.000000
n 547 0 0.899768 0.990289 0.000000
n 548 0 0.891411 0.934046 0.000000
n 549 0 0.868279 0.777318 0.000000
n 550 0 0.866165 0.757625 0.000000
n 551 0 0.886295 0.903073 0.000000
n 552 0 0.900222 0.993239 0.000000
n 553 0 0.949912 0.427072 0.000000
n 554 0 0.730757 0.622976 0.000000
n 555 0 0.687196 0.662430 0.000000
n 556 0 0.621956 0.721571 0.000000
n 557 0 0.713040 0.638903 0.000000
n 558 0 0.782070 0.577662 0.000000
n 559 0 0.726559 0.626760 0.000000
n 560 0 0.612378 0.729822 0.000000
n 561 0 0.303984 0.411364 0.000000
n 562 0 0.095524 0.683129 0.000000
n 563 0 0.126514 0.636102 0.000000
n 564 0 0.169489 0.579731 0.000000
n 565 0 0.192443 0.551357 0.000000
n 566 0 0.318859 0.388810 0.000000
n 567 0 0.200178 0.541804 0.000000
n 568 0 0.270725 0.455168 0.000000
n 569 0 0.170886 0.577991 0.000000
n 570 0 0.317167 0.391380 0.000000
n 571 0 0.139969 0.616896 0.000000
n 572 0 0.312432 0.398624 0.000000
n 573 0 0.180807 0.565639 0.000000
n 574 0 0.326852 0.376877 0.000000
n 575 0 0.988086 0.982084 0.000000
n 576 0 0.724390 0.905931 0.000000
n 577 0 0.792152 0.924623 0.000000
n 578 0 0.716589 0.903694 0.000000
n 579 0 0.732492 0.908198 0.000000
n 580 0 0.784265 0.922350 0.000000
n 581 0 0.917883 0.961234 0.000000
n 582 0 0.702229 0.899472 0.000000
n 583 0 1.007694 0.987815 0.000000
n 584 0 0.955325 0.972350 0.000000
n 585 0 0.487209 0.430657 0.000000
n 586 0 0.735452 0.444183 0.000000
n 587 0 0.347876 0.410476 0.000000
n 588 0 0.624611 0.439102 0.000000
n 589 0 0.336734 0.410375 0.000000
n 590 0 0.463999 0.426758 0.000000
n 591 0 0.294263 0.411576 0.000000
n 592 0 0.276449 0.411723 0.000000
n 593 0 0.321551 0.410728 0.000000
n 594 0 0.471800 0.428133 0.000000
n 595 0 0.631627 0.439456 0.000000
n 596 0 0.343002 0.410394 0.000000
n 597 0 0.457173 0.425542 0.000000
n 598 0 0.312706 0.411070 0.000000
n 599 0 0.812304 0.286380 0.000000
n 600 0 0.945010 0.334827 0.000000
n 601 0 0.956403 0.338600 0.000000
n 602 0 0.801972 0.282808 0.000000
n 603 0 0.806407 0.284342 0.000000
n 604 0 0.643569 0.226514 0.000000
n 605 0 0.654809 0.230288 0.000000
n 606 0 0.979938 0.346815 0.000000
n 607 0 0.743539 0.260718 0.000000
n 608 0 0.930681 0.330134 0.000000
n 609 0 0.844869 0.409873 0.000000
n 610 0 0.828734 0.359446 0.000000
n 611 0 0.782479 0.168214 0.000000
n 612 0 0.833991 0.380589 0.000000
n 613 0 0.805233 0.258133 0.000000
n 614 0 0.809416 0.274297 0.000000
n 615 0 0.782547 0.168539 0.000000
n 616 0 0.163829 0.670551 0.000000
n 617 0 0.226727 0.663912 0.000000
n 618 0 0.368099 0.647978 0.000000
n 619 0 0.260420 0.659589 0.000000
n 620 0 0.540949 0.644697 0.000000
n 621 0 0.113755 0.679917 0.000000
n 622 0 0.487674 0.644485 0.000000
n 623 0 0.355881 0.649240 0.000000
n 624 0 0.243746 0.661609 0.000000
n 625 0 0.231114 0.663348 0.000000
n 626 0 0.537708 0.151861 0.000000
n 627 0 0.497675 0.392573 0.000000
n 628 0 0.483971 0.441259 0.000000
n 629 0 0.511158 0.325249 0.000000
n 630 0 0.540157 0.135618 0.000000
n 631 0 0.468500 0.484999 0.000000
n 632 0 0.457445 0.514036 0.000000
n 633 0 0.131378 0.131602 0.000000
n 634 0 0.067801 0.082007 0.000000
n 635 0 0.153061 0.148554 0.000000
n 636 0 0.347315 0.299708 0.000000
n 637 0 0.318023 0.279818 0.000000
n 638 0 0.036057 0.058775 0.000000
n 639 0 0.358036 0.306846 0.000000
n 640 0 0.734398 0.543645 0.000000
n 641 0 0.543601 0.763370 0.000000
n 642 0 0.721056 0.559655 0.000000
n 643 0 0.602850 0.703923 0.000000
n 644 0 0.561851 0.743560 0.000000
n 645 0 0.744068 0.532206 0.000000
n 646 0 0.679728 0.609370 0.000000
n 647 0 0.740104 0.536862 0.000000
n 648 0 0.702532 0.582026 0.000000
n 649 0 0.600744 0.706219 0.000000
n 650 0 0.600836 0.177685 0.000000
n 651 0 0.601137 0.143193 0.000000
n 652 0 0.110817 0.167163 0.000000
n 653 0 0.033383 0.315089 0.000000
n 654 0 0.029543 0.321053 0.000000
n 655 0 0.036074 0.310807 0.000000
n 656 0 0.102903 0.180883 0.000000
n 657 0 0.136250 0.123454 0.000000
n 658 0 0.645205 0.196899 0.000000
n 659 0 0.458908 0.117539 0.000000
n 660 0 0.662338 0.203692 0.000000
n 661 0 0.622965 0.187303 0.000000
n 662 0 0.441205 0.111922 0.000000
n 663 0 0.402884 0.097471 0.000000
n 664 0 0.464503 0.119434 0.000000
n 665 0 0.383949 0.908167 0.000000
n 666 0 0.396789 0.917894 0.000000
n 667 0 0.354152 0.887350 0.000000
n 668 0 0.291306 0.846384 0.000000
n 669 0 0.245715 0.816194 0.000000
n 670 0 0.209412 0.793473 0.000000
n 671 0 1.166304 0.966330 0.000000
n 672 0 0.798061 0.999838 0.000000
n 673 0 1.091399 0.972760 0.000000
n 674 0 0.931322 0.986760 0.000000
n 675 0 1.138645 0.968651 0.000000
n 676 0 1.010921 0.980054 0.000000
n 677 0 1.151810 0.967677 0.000000
n 678 0 0.910755 0.989086 0.000000
n 679 0 0.875951 0.351577 0.000000
n 680 0 0.888147 0.363778 0.000000
n 681 0 1.132721 0.642212 0.000000
n 682 0 1.038442 0.536835 0.000000
n 683 0 0.126951 0.199242 0.000000
n 684 0 0.048192 0.045810 0.000000
n 685 0 0.721774 0.919125 0.000000
n 686 0 0.737407 0.822491 0.000000
n 687 0 0.726763 0.893828 0.000000
n 688 0 0.718659 0.935063 0.000000
n 689 0 0.746462 0.754212 0.000000
n 690 0 0.735480 0.378342 0.000000
n 691 0 0.735113 0.413762 0.000000
n 692 0 0.735595 0.516476 0.000000
n 693 0 0.734734 0.536335 0.000000
n 694 0 0.729867 0.653527 0.000000
n 695 0 0.734927 0.532002 0.000000
n 696 0 0.730422 0.633786 0.000000
n 697 0 0.390904 0.921242 0.000000
n 698 0 0.377573 0.896553 0.000000
n 699 0 0.240816 0.684769 0.000000
n 700 0 0.169641 0.579973 0.000000
n 701 0 0.345474 0.844611 0.000000
n 702 0 0.285882 0.750416 0.000000
n 703 0 0.238304 0.681002 0.000000
n 704 0 0.246502 0.693337 0.000000
n 705 0 1.023394 0.316604 0.000000
n 706 0 1.005426 0.319844 0.000000
n 707 0 0.788486 0.367970 0.000000
n 708 0 0.779145 0.369746 0.000000
n 709 0 0.968701 0.329139 0.000000
n 710 0 0.746869 0.375976 0.000000
n 711 0 0.933578 0.337562 0.000000
n 712 0 0.244890 0.578276 0.000000
n 713 0 0.343049 0.418612 0.000000
n 714 0 0.249822 0.570319 0.000000
n 715 0 0.327968 0.445745 0.000000
n 716 0 0.395865 0.351104 0.000000
n 717 0 0.346915 0.412048 0.000000
n 718 0 0.446312 0.279743 0.000000
n 719 0 1.021074 0.314963 0.000000
n 720 0 0.813931 0.187741 0.000000
n 721 0 0.692978 0.110506 0.000000
n 722 0 0.783101 0.168621 0.000000
n 723 0 0.918341 0.255595 0.000000
n 724 0 0.737368 0.137347 0.000000
n 725 0 0.896627 0.242014 0.000000
n 726 0 0.868060 0.225364 0.000000
n 727 0 0.300546 0.610198 0.000000
n 728 0 0.189042 0.549449 0.000000
n 729 0 0.553072 0.768973 0.000000
n 730 0 0.408924 0.672712 0.000000
n 731 0 0.354305 0.640256 0.000000
n 732 0 0.265892 0.589392 0.000000
n 733 0 0.167768 0.537023 0.000000
n 734 0 0.408865 0.910732 0.000000
n 735 0 0.661092 0.749489 0.000000
n 736 0 0.551355 0.826155 0.000000
n 737 0 0.637406 0.767064 0.000000
n 738 0 0.784065 0.397963 0.000000
n 739 0 0.768874 0.402668 0.000000
n 740 0 0.971257 0.333081 0.000000
n 741 0 0.748539 0.409175 0.000000
n 742 0 0.936922 0.345812 0.000000
n 743 0 0.797578 0.313876 0.000000
n 744 0 0.815869 0.172861 0.000000
n 745 0 0.833888 0.056046 0.000000
n 746 0 0.727857 0.539422 0.000000
n 747 0 0.698762 0.626307 0.000000
n 748 0 0.731440 0.528743 0.000000
n 749 0 0.709316 0.594671 0.000000
n 750 0 -0.006974 0.099555 0.000000
n 751 0 0.625203 0.433572 0.000000
n 752 0 0.648754 0.149891 0.000000
n 753 0 1.158188 0.959274 0.000000
n 754 0 0.702371 0.917317 0.000000
n 755 0 0.726646 0.919553 0.000000
n 756 0 0.784552 0.923965 0.000000
n 757 0 1.079425 0.951707 0.000000
n 758 0 0.903846 0.934968 0.000000
n 759 0 0.710566 0.918087 0.000000
n 760 0 1.146248 0.958073 0.000000
n 761 0 1.025028 0.946623 0.000000
n 762 0 1.154771 0.958939 0.000000
n 763 0 1.025357 0.946654 0.000000
n 764 0 0.309474 0.377359 0.000000
n 765 0 0.299774 0.365099 0.000000
n 766 0 0.315690 0.384981 0.000000
n 767 0 0.333769 0.406651 0.000000
n 768 0 0.280168 0.340584 0.000000
n 769 0 0.320882 0.391244 0.000000
n 770 0 0.304380 0.605429 0.000000
n 771 0 0.195691 0.539019 0.000000
n 772 0 0.353543 0.636092 0.000000
n 773 0 0.082864 0.461890 0.000000
n 774 0 0.023724 0.417102 0.000000
n 775 0 -0.055812 0.361723 0.000000
n 776 0 0.268496 0.581326 0.000000
n 777 0 0.157148 0.513828 0.000000
n 778 0 0.032423 0.849514 0.000000
n 779 0 0.028749 0.846480 0.000000
n 780 0 0.010134 0.831322 0.000000
n 781 0 0.150355 0.952376 0.000000
n 782 0 0.057412 0.870660 0.000000
n 783 0 0.155467 0.956888 0.000000
n 784 0 0.108798 0.916040 0.000000
n 785 0 0.509559 0.957453 0.000000
n 786 0 0.621044 0.996108 0.000000
n 787 0 0.246831 0.847023 0.000000
n 788 0 0.229394 0.840556 0.000000
n 789 0 0.340408 0.560178 0.000000
n 790 0 0.467505 0.423469 0.000000
n 791 0 0.534546 0.347680 0.000000
n 792 0 0.429203 0.458086 0.000000
n 793 0 0.457442 0.432813 0.000000
n 794 0 0.235117 0.691991 0.000000
n 795 0 0.241632 0.683726 0.000000
n 796 0 0.301972 0.394580 0.000000
n 797 0 0.422358 0.192343 0.000000
n 798 0 0.585088 0.685988 0.000000
n 799 0 0.528073 0.631143 0.000000
n 800 0 0.768665 0.849983 0.000000
n 801 0 0.762750 0.844674 0.000000
n 802 0 0.770071 0.851248 0.000000
n 803 0 0.597280 0.698412 0.000000
n 804 0 0.143469 0.622160 0.000000
n 805 0 0.288163 0.388938 0.000000
n 806 0 0.179913 0.563698 0.000000
n 807 0 0.612106 0.592649 0.000000
n 808 0 0.621144 0.558133 0.000000
n 809 0 0.587958 0.677111 0.000000
n 810 0 0.362238 0.693727 0.000000
n 811 0 0.643863 0.577337 0.000000
n 812 0 0.737998 0.534882 0.000000
n 813 0 0.689130 0.557157 0.000000
n 814 0 0.559731 0.617127 0.000000
n 815 0 0.677704 0.153440 0.000000
n 816 0 0.628682 0.147087 0.000000
n 817 0 0.319437 0.401253 0.000000
n 818 0 0.388695 0.841602 0.000000
n 819 0 0.318487 0.397102 0.000000
n 820 0 0.456769 0.411704 0.000000
n 821 0 0.751960 0.673664 0.000000
n 822 0 0.852495 0.769932 0.000000
n 823 0 0.811666 0.751573 0.000000
n 824 0 1.025012 0.846518 0.000000
n 825 0 1.017776 0.843602 0.000000
n 826 0 0.806180 0.749163 0.000000
n 827 0 1.178890 0.912651 0.000000
n 828 0 1.061204 0.861369 0.000000
n 829 0 1.171741 0.909661 0.000000
n 830 0 1.151032 0.900781 0.000000
n 831 0 0.737161 0.160864 0.000000
n 832 0 0.875770 0.182515 0.000000
n 833 0 0.905658 0.186534 0.000000
n 834 0 1.064542 0.491580 0.000000
n 835 0 0.931274 0.722862 0.000000
n 836 0 1.114696 0.412929 0.000000
n 837 0 0.752618 0.867571 0.000000
n 838 0 0.769559 0.848999 0.000000
n 839 0 0.828372 0.792596 0.000000
n 840 0 0.707867 0.912069 0.000000
n 841 0 0.766604 0.836075 0.000000
n 842 0 0.809523 0.755595 0.000000
n 843 0 0.458131 0.477547 0.000000
n 844 0 0.489034 0.503109 0.000000
n 845 0 0.317137 0.400391 0.000000
n 846 0 0.019584 0.846573 0.000000
n 847 0 0.224682 0.847515 0.000000
n 848 0 0.067232 0.846044 0.000000
n 849 0 0.192487 0.848286 0.000000
n 850 0 0.413524 0.156349 0.000000
n 851 0 0.426077 0.206543 0.000000
n 852 0 1.047460 0.894488 0.000000
n 853 0 1.067750 0.931050 0.000000
n 854 0 0.928755 0.981958 0.000000
n 855 0 0.884124 0.208382 0.000000
n 856 0 0.163121 0.934624 0.000000
n 857 0 0.200936 0.882414 0.000000
n 858 0 0.280805 0.758212 0.000000
n 859 0 1.024951 0.946802 0.000000
n 860 0 0.178432 0.890861 0.000000
n 861 0 0.238998 0.678557 0.000000
