b 835 100 1 1 0 1 0 0
f 0 0.01 0 205 200 207 206 201 203 202 204 1 
f 1 0.01 2 214 210 212 211 213 217 208 215 209 216 3 
f 2 0.01 4 218 227 231 219 220 229 225 226 224 230 223 221 228 222 5 
f 3 0.01 6 234 233 240 218 239 241 238 232 235 236 237 7 
f 4 0.01 8 247 246 244 245 249 243 250 242 248 9 
f 5 0.01 10 253 257 260 255 259 256 251 254 258 252 11 
f 6 0.01 12 266 261 270 208 265 272 275 269 271 267 263 262 264 273 268 274 13 
f 7 0.01 14 282 281 280 277 232 285 284 279 219 283 278 276 15 
f 8 0.01 16 301 292 286 299 295 289 294 291 297 300 298 287 288 293 290 296 17 
f 9 0.01 18 307 286 305 309 306 303 302 276 304 308 19 
f 10 0.01 20 317 321 311 310 312 233 315 318 320 313 316 319 314 21 
f 11 0.01 22 328 326 323 310 322 329 327 325 324 332 331 333 330 23 
f 12 0.01 24 338 335 334 242 200 336 337 339 25 
f 13 0.01 26 348 342 345 340 346 344 347 349 350 343 341 27 
f 14 0.01 28 356 357 354 360 352 351 359 355 358 353 29 
f 15 0.01 30 367 366 363 365 361 368 370 364 261 209 369 362 31 
f 16 0.01 32 234 371 322 311 386 378 377 373 380 372 375 376 383 379 382 385 374 384 381 33 
f 17 0.01 34 395 391 390 389 277 235 393 394 388 220 392 387 35 
f 18 0.01 36 405 402 401 396 399 407 403 221 398 408 397 406 404 236 400 37 
f 19 0.01 38 412 414 410 415 411 417 323 312 371 416 409 413 39 
f 20 0.01 40 421 201 422 243 418 423 420 419 41 
f 21 0.01 42 433 425 429 435 430 434 424 351 262 426 427 428 432 251 431 43 
f 22 0.01 44 440 438 441 424 352 263 437 436 439 45 
f 23 0.01 46 454 443 452 453 457 450 456 446 372 449 442 451 455 447 445 448 444 47 
f 24 0.01 48 470 459 460 466 222 471 461 463 458 465 468 462 469 442 464 467 373 49 
f 25 0.01 50 396 474 458 476 472 477 483 475 374 482 480 481 479 478 473 443 51 
f 26 0.01 52 493 484 302 495 494 487 313 489 492 488 485 486 490 491 53 
f 27 0.01 54 499 501 506 505 503 496 497 502 498 504 500 508 507 55 
f 28 0.01 56 314 515 516 303 484 511 514 510 223 509 517 397 459 512 513 57 
f 29 0.01 58 518 521 519 340 520 522 324 444 523 59 
f 30 0.01 60 530 528 527 529 526 460 532 398 509 531 224 524 525 387 278 61 
f 31 0.01 62 341 537 536 361 535 533 210 534 425 63 
f 32 0.01 64 353 542 546 547 264 426 538 544 539 540 541 252 543 496 545 485 65 
f 33 0.01 66 557 555 279 388 553 225 548 524 554 510 556 552 399 461 549 550 472 551 67 
f 34 0.01 68 427 538 560 436 565 561 566 568 567 563 564 562 558 559 69 
f 35 0.01 70 253 573 578 571 577 428 572 539 570 569 574 576 575 71 
f 36 0.01 72 581 497 582 486 579 342 583 409 584 580 325 73 
f 37 0.01 74 587 585 590 558 362 589 588 265 586 591 429 75 
f 38 0.01 76 602 226 548 525 511 598 596 601 597 595 600 592 599 593 594 445 77 
f 39 0.01 78 603 202 244 606 607 604 609 610 343 266 559 608 585 605 79 
f 40 0.01 80 540 611 569 618 613 615 612 287 620 621 619 614 616 617 81 
f 41 0.01 82 626 354 627 625 267 624 437 560 623 570 611 541 254 622 498 83 
f 42 0.01 84 628 629 237 400 280 389 85 
f 43 0.01 86 630 631 255 571 268 633 542 632 355 438 430 634 87 
f 44 0.01 88 641 637 642 635 375 446 639 640 410 636 644 638 238 643 89 
f 45 0.01 90 647 652 592 654 645 649 462 646 653 635 376 648 655 656 651 650 473 91 
f 46 0.01 92 660 593 657 447 377 659 411 663 326 658 662 239 227 661 93 
f 47 0.01 94 664 327 448 594 657 669 670 645 667 668 665 401 474 463 549 671 666 526 95 
f 48 0.01 96 674 315 675 240 676 658 328 672 677 636 673 412 97 
f 49 0.01 98 682 679 475 683 680 637 646 681 449 464 678 99 
f 50 0.01 100 672 638 390 281 101 
f 51 0.01 102 487 316 685 499 684 688 687 543 686 622 431 689 103 
f 52 0.01 104 692 518 693 690 603 203 245 694 418 695 334 691 105 
f 53 0.01 106 697 700 703 699 561 698 439 623 544 572 432 256 701 696 630 702 107 
f 54 0.01 108 211 705 533 363 706 710 711 604 704 709 708 707 519 109 
f 55 0.01 110 573 257 715 631 696 714 500 716 690 204 246 712 713 704 111 
f 56 0.01 112 579 488 719 501 684 612 288 721 722 720 717 718 113 
f 57 0.01 114 364 725 726 723 705 212 534 433 724 115 
f 58 0.01 116 729 344 728 520 727 732 580 664 329 317 378 659 730 639 731 117 
f 59 0.01 118 737 733 419 736 706 365 535 723 213 739 586 356 738 740 269 735 734 119 
f 60 0.01 120 628 742 512 741 527 743 550 476 121 
f 61 0.01 122 746 489 685 748 749 747 744 289 745 123 
f 62 0.01 124 647 752 587 605 750 717 751 756 754 755 290 613 753 574 125 
f 63 0.01 126 724 214 366 759 335 420 733 760 758 606 712 247 757 127 
f 64 0.01 128 761 763 528 766 477 551 465 402 665 764 762 595 765 129 
f 65 0.01 130 769 727 413 768 345 490 767 502 581 686 258 131 
f 66 0.01 132 367 691 248 205 336 770 771 421 133 
f 67 0.01 134 761 772 741 529 666 466 228 403 774 552 596 773 135 
f 68 0.01 136 330 776 775 728 346 707 521 692 491 767 582 545 503 137 
f 69 0.01 138 536 368 779 725 270 215 588 777 562 778 750 614 291 744 139 
f 70 0.01 140 781 379 782 648 783 450 780 414 673 784 391 282 141 
f 71 0.01 142 504 693 757 708 729 347 775 331 785 143 
f 72 0.01 144 768 583 674 318 304 283 392 229 553 145 
f 73 0.01 146 730 380 467 678 451 787 649 667 762 597 292 788 786 147 
f 74 0.01 148 709 713 607 758 694 249 422 206 789 770 337 149 
f 75 0.01 150 742 513 772 763 530 679 793 381 792 791 790 478 650 452 794 151 
f 76 0.01 152 505 687 796 575 615 293 798 799 797 751 718 563 795 777 589 369 216 153 
f 77 0.01 154 624 734 802 804 801 803 697 795 564 778 590 608 752 800 155 
f 78 0.01 156 806 805 790 479 651 453 807 780 731 640 415 157 
f 79 0.01 158 416 584 732 769 522 332 809 652 800 808 616 294 159 
f 80 0.01 160 808 617 745 295 810 305 812 786 773 598 514 554 230 531 813 811 404 629 161 
f 81 0.01 162 348 746 492 719 506 688 796 576 753 618 296 698 565 814 815 801 163 
f 82 0.01 164 493 306 819 817 747 297 619 720 797 818 754 816 566 699 814 802 735 271 625 165 
f 83 0.01 166 809 785 333 776 349 609 710 736 338 759 167 
f 84 0.01 168 764 668 405 468 641 680 781 382 822 821 480 820 791 805 454 169 
f 85 0.01 170 711 760 737 423 695 250 207 789 771 339 171 
f 86 0.01 172 523 660 599 669 823 787 469 681 653 642 383 782 824 825 481 820 792 806 173 
f 87 0.01 174 827 494 319 748 298 620 721 798 755 816 826 567 700 803 272 738 357 626 175 
f 88 0.01 176 507 829 714 689 701 259 577 273 828 546 632 358 440 177 
f 89 0.01 178 455 823 670 654 600 765 307 299 810 817 830 515 179 
f 90 0.01 180 831 702 715 260 578 274 633 828 547 359 441 434 181 
f 91 0.01 182 435 634 591 739 217 726 779 370 537 610 350 183 
f 92 0.01 184 831 829 508 716 185 
f 93 0.01 186 675 308 661 231 555 284 832 393 811 406 470 187 
f 94 0.01 188 682 793 384 482 821 833 824 655 783 456 189 
f 95 0.01 190 834 830 749 300 621 722 799 818 756 826 568 703 815 804 275 740 627 360 191 
f 96 0.01 192 794 807 457 656 825 833 822 385 683 483 766 743 671 471 407 774 556 193 
f 97 0.01 194 320 827 495 516 834 819 309 812 788 301 601 195 
f 98 0.01 196 676 662 241 643 557 285 832 394 602 813 517 408 532 197 
f 99 0.01 198 321 386 417 663 677 644 784 395 199 
n 0 2 0.987736 0 0
n 1 1 0.970251 0.28652 0
n 2 2 0.232186 0 0
n 3 1 0.311409 0.400832 0
n 4 1 0.843592 0.720059 0
n 5 1 0.361719 0.85347 0
n 6 1 0.958685 0.604085 0
n 7 1 0.568474 0.916712 0
n 8 1 0.978468 0.345049 0
n 9 2 0.997725 0 0
n 10 2 0.697726 0 0
n 11 1 0.651388 0.351109 0
n 12 1 0.239575 0.420514 0
n 13 1 0.625758 0.102925 0
n 14 2 0.725804 1 0
n 15 1 0.60196 0.6642 0
n 16 1 0.328364 0.736148 0
n 17 1 0.5792 0.303619 0
n 18 1 0.332213 0.671959 0
n 19 1 0.831619 0.696323 0
n 20 1 1.00212 0.682808 0
n 21 1 0.511239 0.587739 0
n 22 1 -0.128377 0.774675 0
n 23 1 0.237743 0.434152 0
n 24 1 1.12378 0.205572 0
n 25 2 0.942407 0 0
n 26 1 -0.212505 0.560583 0
n 27 1 0.249276 0.368859 0
n 28 1 0.401999 0.264363 0
n 29 2 0.608073 0 0
n 30 1 0.0507438 0.0159039 0
n 31 1 0.335211 0.427095 0
n 32 1 -0.0663909 0.60838 0
n 33 2 0.191306 1 0
n 34 2 0.801328 1 0
n 35 1 0.577603 0.740245 0
n 36 1 0.182252 0.776696 0
n 37 1 0.662306 0.91651 0
n 38 2 0.927707 1 0
n 39 1 0.984535 0.518245 0
n 40 2 0.867786 0 0
n 41 1 1.09643 0.231031 0
n 42 1 0.251159 0.0793426 0
n 43 1 0.737846 0.193953 0
n 44 2 0.391295 0 0
n 45 1 0.60154 0.26973 0
n 46 2 0.0720655 1 0
n 47 1 0.0932666 0.593945 0
n 48 1 0.478507 0.882476 0
n 49 1 0.00131807 0.733174 0
n 50 1 0.384526 0.777371 0
n 51 2 -0.00489227 1 0
n 52 1 0.490388 0.703274 0
n 53 1 0.852055 0.358024 0
n 54 1 0.59172 0.523861 0
n 55 1 0.902275 0.131999 0
n 56 1 0.550004 0.571523 0
n 57 2 0.39627 1 0
n 58 1 0.800156 0.296669 0
n 59 1 1.15048 0.653426 0
n 60 1 0.231281 0.982107 0
n 61 1 0.656534 0.719123 0
n 62 1 0.209988 0.391882 0
n 63 2 0.266345 0 0
n 64 1 0.497693 0.0687097 0
n 65 1 0.838275 0.434775 0
n 66 1 0.685027 0.781695 0
n 67 1 0.189776 0.850443 0
n 68 1 0.624934 0.166385 0
n 69 1 0.255691 0.50352 0
n 70 2 0.718989 0 0
n 71 1 0.575152 0.396649 0
n 72 1 0.69292 0.268944 0
n 73 1 1.04789 0.621071 0
n 74 1 0.330167 0.555736 0
n 75 1 0.297303 0.0568168 0
n 76 1 0.572627 0.814466 0
n 77 1 0.0873446 0.694048 0
n 78 1 -0.0774249 0.223604 0
n 79 1 0.351559 0.480456 0
n 80 1 0.666711 0.209186 0
n 81 1 0.370989 0.612358 0
n 82 1 0.335113 0.18579 0
n 83 1 0.829239 0.262205 0
n 84 2 0.437067 1 0
n 85 1 0.715231 0.817318 0
n 86 1 0.835894 0.131595 0
n 87 1 0.336574 0.10552 0
n 88 1 1.1735 0.879804 0
n 89 1 0.684998 0.773203 0
n 90 1 0.212978 0.485031 0
n 91 1 0.0810998 0.967325 0
n 92 1 1.15143 0.696669 0
n 93 1 0.654984 0.756172 0
n 94 1 -0.00570142 0.624762 0
n 95 1 0.414923 0.895087 0
n 96 1 0.81847 0.586022 0
n 97 2 0.960956 1 0
n 98 2 0.223265 1 0
n 99 1 0.0322092 0.712063 0
n 100 1 0.885184 0.772854 0
n 101 2 0.550119 1 0
n 102 1 0.579373 0.631523 0
n 103 1 0.718234 0.151192 0
n 104 1 0.875809 0.415937 0
n 105 2 1.04578 0 0
n 106 1 0.404502 0.341444 0
n 107 1 0.829623 0.0782474 0
n 108 1 0.276093 0.103598 0
n 109 1 -0.0887224 0.445519 0
n 110 1 0.628975 0.0653467 0
n 111 1 1.05979 0.319114 0
n 112 1 0.905495 0.468183 0
n 113 1 0.411297 0.392234 0
n 114 1 0.250038 0.34814 0
n 115 2 0.25389 0 0
n 116 1 0.0373663 0.413427 0
n 117 1 -0.0348944 0.908178 0
n 118 1 0.0522121 0.204893 0
n 119 1 0.551679 0.227974 0
n 120 2 0.523274 1 0
n 121 1 0.270903 0.82377 0
n 122 1 0.827566 0.498782 0
n 123 1 0.343222 0.622925 0
n 124 1 0.165992 0.559348 0
n 125 1 0.608487 0.326544 0
n 126 1 0.259947 0.0195514 0
n 127 1 -0.10005 0.366542 0
n 128 2 0.359491 1 0
n 129 1 0.18405 0.673173 0
n 130 1 1.03628 0.568796 0
n 131 1 0.658628 0.241108 0
n 132 2 0.179305 0 0
n 133 1 -0.0902338 0.0648759 0
n 134 2 0.350899 1 0
n 135 1 0.446147 0.718676 0
n 136 1 1.18406 0.520621 0
n 137 1 0.717516 0.340793 0
n 138 1 0.18986 0.221261 0
n 139 1 0.485345 0.624607 0
n 140 1 1.13407 0.898612 0
n 141 1 0.63937 0.971197 0
n 142 1 0.804759 0.206278 0
n 143 1 1.1619 0.556204 0
n 144 1 0.984968 0.486315 0
n 145 1 0.592901 0.796611 0
n 146 1 -0.0394344 0.755454 0
n 147 1 0.457438 0.699617 0
n 148 1 1.02844 0.377835 0
n 149 2 0.971195 0 0
n 150 1 0.461259 0.951377 0
n 151 1 -0.0386886 0.944138 0
n 152 1 0.763913 0.391059 0
n 153 1 0.264008 0.400797 0
n 154 1 0.528238 0.19078 0
n 155 1 0.217029 0.582122 0
n 156 2 0.160958 1 0
n 157 1 -0.0718357 0.809412 0
n 158 1 -0.0498652 0.555916 0
n 159 1 0.448596 0.595107 0
n 160 1 0.33188 0.508491 0
n 161 1 0.549715 0.958544 0
n 162 1 0.846628 0.592215 0
n 163 1 0.474431 0.258345 0
n 164 1 0.49336 0.708222 0
n 165 1 0.482939 0.20833 0
n 166 1 0.154381 0.631044 0
n 167 1 0.110307 0.13299 0
n 168 1 0.241638 0.74943 0
n 169 2 0.0578182 1 0
n 170 1 0.123626 0.309151 0
n 171 2 -0.0491947 0 0
n 172 1 0.145929 0.58882 0
n 173 2 0.0935728 1 0
n 174 1 0.587473 0.659737 0
n 175 1 0.429926 0.185207 0
n 176 1 0.927158 0.202004 0
n 177 1 0.43872 0.0950963 0
n 178 1 0.0795662 0.733394 0
n 179 1 0.566937 0.621725 0
n 180 1 0.889462 0.0790046 0
n 181 1 0.393756 0.144389 0
n 182 1 0.398923 0.0251746 0
n 183 1 0.158275 0.463453 0
n 184 2 0.823672 0 0
n 185 1 0.867793 0.25541 0
n 186 1 0.8789 0.663454 0
n 187 1 0.437948 0.89917 0
n 188 2 0.258168 1 0
n 189 1 0.00819837 0.852334 0
n 190 1 0.511799 0.673593 0
n 191 1 0.467068 0.175598 0
n 192 1 -0.019407 0.951696 0
n 193 1 0.45892 0.806084 0
n 194 1 0.736945 0.61853 0
n 195 1 0.251047 0.736438 0
n 196 1 0.900337 0.714162 0
n 197 1 0.422063 0.859951 0
n 198 1 0.991554 0.671154 0
n 199 2 0.726593 1 0
n 200 0 0.984803 0.0480526 0
n 201 0 0.980769 0.114162 0
n 202 0 0.972275 0.253361 0
n 203 0 0.977546 0.166977 0
n 204 0 0.971438 0.267071 0
n 205 0 0.98488 0.0467966 0
n 206 0 0.982986 0.0778242 0
n 207 0 0.984101 0.059561 0
n 208 0 0.304712 0.366947 0
n 209 0 0.309156 0.389433 0
n 210 0 0.251959 0.100038 0
n 211 0 0.256324 0.122126 0
n 212 0 0.252739 0.103989 0
n 213 0 0.274715 0.215175 0
n 214 0 0.239875 0.0388986 0
n 215 0 0.307714 0.382134 0
n 216 0 0.31122 0.399877 0
n 217 0 0.279978 0.241803 0
n 218 0 0.798267 0.732608 0
n 219 0 0.643039 0.775584 0
n 220 0 0.614779 0.783408 0
n 221 0 0.404853 0.841528 0
n 222 0 0.374494 0.849933 0
n 223 0 0.458453 0.826688 0
n 224 0 0.502169 0.814585 0
n 225 0 0.556549 0.799529 0
n 226 0 0.535698 0.805302 0
n 227 0 0.757559 0.743878 0
n 228 0 0.404522 0.841619 0
n 229 0 0.606788 0.78562 0
n 230 0 0.482651 0.819989 0
n 231 0 0.697181 0.760594 0
n 232 0 0.666209 0.838409 0
n 233 0 0.888009 0.660708 0
n 234 0 0.940415 0.618723 0
n 235 0 0.663808 0.840333 0
n 236 0 0.593675 0.896521 0
n 237 0 0.589332 0.900001 0
n 238 0 0.734197 0.783939 0
n 239 0 0.788887 0.740123 0
n 240 0 0.853651 0.688236 0
n 241 0 0.772745 0.753055 0
n 242 0 0.994434 0.0589689 0
n 243 0 0.990789 0.124287 0
n 244 0 0.98322 0.259915 0
n 245 0 0.990124 0.136197 0
n 246 0 0.982458 0.273562 0
n 247 0 0.981665 0.28778 0
n 248 0 0.995253 0.0442997 0
n 249 0 0.990584 0.127967 0
n 250 0 0.993466 0.0763145 0
n 251 0 0.67411 0.178944 0
n 252 0 0.664935 0.248465 0
n 253 0 0.685559 0.0921878 0
n 254 0 0.666444 0.237029 0
n 255 0 0.681423 0.123528 0
n 256 0 0.674744 0.174134 0
n 257 0 0.684765 0.0982091 0
n 258 0 0.665158 0.246774 0
n 259 0 0.678256 0.147525 0
n 260 0 0.683717 0.106143 0
n 261 0 0.297629 0.372771 0
n 262 0 0.564662 0.15317 0
n 263 0 0.53177 0.180219 0
n 264 0 0.57124 0.14776 0
n 265 0 0.317062 0.35679 0
n 266 0 0.244576 0.416401 0
n 267 0 0.494941 0.210506 0
n 268 0 0.605524 0.119565 0
n 269 0 0.477849 0.224562 0
n 270 0 0.299642 0.371116 0
n 271 0 0.483186 0.220174 0
n 272 0 0.450468 0.24708 0
n 273 0 0.593961 0.129075 0
n 274 0 0.610026 0.115863 0
n 275 0 0.471905 0.229451 0
n 276 0 0.609816 0.685502 0
n 277 0 0.669247 0.846648 0
n 278 0 0.628589 0.736405 0
n 279 0 0.647227 0.786942 0
n 280 0 0.669505 0.847348 0
n 281 0 0.690665 0.904722 0
n 282 0 0.711289 0.960645 0
n 283 0 0.637713 0.761145 0
n 284 0 0.647337 0.787239 0
n 285 0 0.648677 0.790874 0
n 286 0 0.364671 0.673543 0
n 287 0 0.510296 0.422434 0
n 288 0 0.518276 0.408675 0
n 289 0 0.402896 0.60763 0
n 290 0 0.547209 0.358784 0
n 291 0 0.43383 0.554288 0
n 292 0 0.342029 0.712586 0
n 293 0 0.525801 0.395697 0
n 294 0 0.411834 0.592217 0
n 295 0 0.390343 0.629276 0
n 296 0 0.56062 0.335658 0
n 297 0 0.488197 0.460541 0
n 298 0 0.509273 0.424199 0
n 299 0 0.368332 0.667231 0
n 300 0 0.492063 0.453874 0
n 301 0 0.340831 0.714651 0
n 302 0 0.513907 0.680823 0
n 303 0 0.510841 0.680674 0
n 304 0 0.726121 0.691176 0
n 305 0 0.412908 0.675896 0
n 306 0 0.492767 0.679792 0
n 307 0 0.344975 0.672582 0
n 308 0 0.818601 0.695688 0
n 309 0 0.485871 0.679456 0
n 310 0 0.975862 0.677723 0
n 311 0 0.979732 0.678472 0
n 312 0 0.965949 0.675803 0
n 313 0 0.594521 0.603868 0
n 314 0 0.542045 0.593705 0
n 315 0 0.841046 0.651613 0
n 316 0 0.587747 0.602556 0
n 317 0 0.998135 0.682037 0
n 318 0 0.788876 0.641509 0
n 319 0 0.567165 0.59857 0
n 320 0 0.70733 0.625716 0
n 321 0 0.984858 0.679465 0
n 322 0 -0.0220432 0.675775 0
n 323 0 -0.0355268 0.688316 0
n 324 0 0.0795954 0.581243 0
n 325 0 0.0425131 0.615732 0
n 326 0 -0.073493 0.723628 0
n 327 0 0.0170697 0.639397 0
n 328 0 -0.119454 0.766376 0
n 329 0 0.00236487 0.653074 0
n 330 0 0.156284 0.509915 0
n 331 0 0.13493 0.529776 0
n 332 0 0.0946126 0.567275 0
n 333 0 0.144622 0.520762 0
n 334 0 1.01306 0.0800771 0
n 335 0 1.09766 0.175972 0
n 336 0 0.983903 0.0470318 0
n 337 0 0.977164 0.0393939 0
n 338 0 1.11594 0.196691 0
n 339 0 0.965328 0.0259786 0
n 340 0 -0.0194137 0.480414 0
n 341 0 0.211014 0.384744 0
n 342 0 -0.071922 0.502215 0
n 343 0 0.199612 0.389478 0
n 344 0 0.0306164 0.459643 0
n 345 0 -0.0506384 0.493379 0
n 346 0 0.0283256 0.460594 0
n 347 0 0.0536074 0.450097 0
n 348 0 -0.196188 0.553808 0
n 349 0 0.135365 0.416153 0
n 350 0 0.19868 0.389865 0
n 351 0 0.500461 0.138051 0
n 352 0 0.499681 0.139052 0
n 353 0 0.52861 0.10194 0
n 354 0 0.449463 0.203474 0
n 355 0 0.518417 0.115016 0
n 356 0 0.434583 0.222563 0
n 357 0 0.440015 0.215594 0
n 358 0 0.520066 0.112901 0
n 359 0 0.507183 0.129428 0
n 360 0 0.467494 0.180343 0
n 361 0 0.227346 0.271179 0
n 362 0 0.320271 0.405499 0
n 363 0 0.176189 0.197232 0
n 364 0 0.250519 0.304674 0
n 365 0 0.185758 0.211064 0
n 366 0 0.13595 0.139068 0
n 367 0 0.0596633 0.0287968 0
n 368 0 0.242905 0.293669 0
n 369 0 0.316313 0.399778 0
n 370 0 0.247697 0.300595 0
n 371 0 -0.0322225 0.660306 0
n 372 0 0.0808313 0.832113 0
n 373 0 0.0194629 0.738852 0
n 374 0 0.137674 0.918496 0
n 375 0 0.101937 0.864187 0
n 376 0 0.10714 0.872094 0
n 377 0 0.00338214 0.714414 0
n 378 0 -0.00478206 0.702007 0
n 379 0 0.125425 0.899881 0
n 380 0 0.0255803 0.748148 0
n 381 0 0.156406 0.946963 0
n 382 0 0.128187 0.904078 0
n 383 0 0.109418 0.875556 0
n 384 0 0.148788 0.935385 0
n 385 0 0.12966 0.906317 0
n 386 0 -0.0176043 0.682521 0
n 387 0 0.593164 0.758312 0
n 388 0 0.620963 0.790588 0
n 389 0 0.669725 0.847203 0
n 390 0 0.708722 0.89248 0
n 391 0 0.761133 0.953331 0
n 392 0 0.612673 0.780963 0
n 393 0 0.627303 0.797949 0
n 394 0 0.626921 0.797506 0
n 395 0 0.762715 0.955168 0
n 396 0 0.31704 0.815952 0
n 397 0 0.448561 0.854258 0
n 398 0 0.441393 0.85217 0
n 399 0 0.356161 0.827346 0
n 400 0 0.594337 0.896714 0
n 401 0 0.270863 0.802503 0
n 402 0 0.250252 0.796501 0
n 403 0 0.40458 0.841448 0
n 404 0 0.507554 0.871439 0
n 405 0 0.214702 0.786147 0
n 406 0 0.496077 0.868096 0
n 407 0 0.372982 0.832245 0
n 408 0 0.444562 0.853093 0
n 409 0 0.980314 0.554032 0
n 410 0 0.947698 0.830529 0
n 411 0 0.960793 0.719518 0
n 412 0 0.936193 0.928055 0
n 413 0 0.98393 0.523374 0
n 414 0 0.936243 0.927639 0
n 415 0 0.948249 0.825855 0
n 416 0 0.979816 0.558249 0
n 417 0 0.9622 0.707586 0
n 418 0 0.993763 0.127292 0
n 419 0 1.07144 0.205781 0
n 420 0 1.06914 0.20346 0
n 421 0 0.927716 0.0605555 0
n 422 0 0.989888 0.123377 0
n 423 0 1.05857 0.192775 0
n 424 0 0.49855 0.137601 0
n 425 0 0.254811 0.0802027 0
n 426 0 0.579531 0.156671 0
n 427 0 0.624083 0.167163 0
n 428 0 0.655673 0.174602 0
n 429 0 0.299537 0.0907352 0
n 430 0 0.369658 0.107248 0
n 431 0 0.70791 0.186903 0
n 432 0 0.668942 0.177727 0
n 433 0 0.253007 0.0797778 0
n 434 0 0.479404 0.133092 0
n 435 0 0.355668 0.103953 0
n 436 0 0.564206 0.221833 0
n 437 0 0.563661 0.221134 0
n 438 0 0.479356 0.112976 0
n 439 0 0.575108 0.23582 0
n 440 0 0.470911 0.102142 0
n 441 0 0.493578 0.131222 0
n 442 0 0.084636 0.759243 0
n 443 0 0.0744334 0.95465 0
n 444 0 0.0932061 0.595103 0
n 445 0 0.0880311 0.694218 0
n 446 0 0.0794133 0.859272 0
n 447 0 0.0875031 0.704331 0
n 448 0 0.0884967 0.685301 0
n 449 0 0.0830952 0.788752 0
n 450 0 0.0769214 0.906997 0
n 451 0 0.0855673 0.741407 0
n 452 0 0.0748963 0.945783 0
n 453 0 0.0757096 0.930207 0
n 454 0 0.0731573 0.979091 0
n 455 0 0.0860634 0.731905 0
n 456 0 0.0776338 0.893352 0
n 457 0 0.0761057 0.92262 0
n 458 0 0.298947 0.826296 0
n 459 0 0.442481 0.871205 0
n 460 0 0.421319 0.864584 0
n 461 0 0.318855 0.832525 0
n 462 0 0.133792 0.774623 0
n 463 0 0.316363 0.831745 0
n 464 0 0.0579808 0.750903 0
n 465 0 0.259645 0.813999 0
n 466 0 0.399101 0.857632 0
n 467 0 0.0429404 0.746197 0
n 468 0 0.206474 0.797363 0
n 469 0 0.122712 0.771156 0
n 470 0 0.472621 0.880635 0
n 471 0 0.345094 0.840735 0
n 472 0 0.278174 0.838172 0
n 473 0 0.0864432 0.947784 0
n 474 0 0.303677 0.823592 0
n 475 0 0.160518 0.905436 0
n 476 0 0.285517 0.833974 0
n 477 0 0.273925 0.840601 0
n 478 0 0.0895719 0.945995 0
n 479 0 0.0927643 0.94417 0
n 480 0 0.103117 0.938251 0
n 481 0 0.101303 0.939288 0
n 482 0 0.128792 0.923573 0
n 483 0 0.192367 0.887228 0
n 484 0 0.509163 0.685351 0
n 485 0 0.806938 0.401093 0
n 486 0 0.816722 0.391753 0
n 487 0 0.584642 0.613299 0
n 488 0 0.76007 0.445834 0
n 489 0 0.65947 0.541867 0
n 490 0 0.824112 0.384699 0
n 491 0 0.826215 0.382691 0
n 492 0 0.722948 0.481271 0
n 493 0 0.493201 0.700589 0
n 494 0 0.575084 0.622423 0
n 495 0 0.525383 0.669867 0
n 496 0 0.743258 0.332649 0
n 497 0 0.749368 0.324939 0
n 498 0 0.802378 0.258051 0
n 499 0 0.621281 0.486561 0
n 500 0 0.851308 0.19631 0
n 501 0 0.665122 0.431242 0
n 502 0 0.751761 0.32192 0
n 503 0 0.732291 0.346488 0
n 504 0 0.826515 0.227594 0
n 505 0 0.695917 0.392384 0
n 506 0 0.665975 0.430165 0
n 507 0 0.858675 0.187014 0
n 508 0 0.856461 0.189809 0
n 509 0 0.451568 0.845878 0
n 510 0 0.463566 0.812437 0
n 511 0 0.471814 0.78945 0
n 512 0 0.421715 0.929081 0
n 513 0 0.413961 0.950692 0
n 514 0 0.470135 0.794129 0
n 515 0 0.528861 0.630449 0
n 516 0 0.513702 0.672702 0
n 517 0 0.449522 0.851581 0
n 518 0 0.887993 0.38612 0
n 519 0 0.929526 0.428416 0
n 520 0 1.0215 0.522077 0
n 521 0 0.920197 0.418916 0
n 522 0 1.06348 0.564827 0
n 523 0 1.13917 0.64191 0
n 524 0 0.517821 0.804905 0
n 525 0 0.522482 0.802023 0
n 526 0 0.393872 0.881558 0
n 527 0 0.372545 0.894746 0
n 528 0 0.320326 0.92704 0
n 529 0 0.39024 0.883804 0
n 530 0 0.285096 0.948826 0
n 531 0 0.485135 0.825119 0
n 532 0 0.435369 0.855895 0
n 533 0 0.247607 0.130296 0
n 534 0 0.252852 0.0938276 0
n 535 0 0.23566 0.21337 0
n 536 0 0.227196 0.272225 0
n 537 0 0.214393 0.361248 0
n 538 0 0.605272 0.184338 0
n 539 0 0.638998 0.220587 0
n 540 0 0.649818 0.232217 0
n 541 0 0.652253 0.234834 0
n 542 0 0.541918 0.116243 0
n 543 0 0.684144 0.269112 0
n 544 0 0.624639 0.205155 0
n 545 0 0.769464 0.360816 0
n 546 0 0.5436 0.118052 0
n 547 0 0.549047 0.123906 0
n 548 0 0.528259 0.803456 0
n 549 0 0.317804 0.832671 0
n 550 0 0.289314 0.836626 0
n 551 0 0.273006 0.83889 0
n 552 0 0.411978 0.819598 0
n 553 0 0.596161 0.794031 0
n 554 0 0.478024 0.81043 0
n 555 0 0.648126 0.786817 0
n 556 0 0.416663 0.818948 0
n 557 0 0.673576 0.783284 0
n 558 0 0.322698 0.44234 0
n 559 0 0.308916 0.454924 0
n 560 0 0.564782 0.221307 0
n 561 0 0.493658 0.286246 0
n 562 0 0.340148 0.426408 0
n 563 0 0.370469 0.398723 0
n 564 0 0.342741 0.42404 0
n 565 0 0.499544 0.280872 0
n 566 0 0.484733 0.294395 0
n 567 0 0.470494 0.307396 0
n 568 0 0.478268 0.300298 0
n 569 0 0.620076 0.272766 0
n 570 0 0.634809 0.232137 0
n 571 0 0.674329 0.123158 0
n 572 0 0.650371 0.189224 0
n 573 0 0.68362 0.097535 0
n 574 0 0.598709 0.331689 0
n 575 0 0.575851 0.394723 0
n 576 0 0.588274 0.360465 0
n 577 0 0.666431 0.144937 0
n 578 0 0.680337 0.106589 0
n 579 0 0.891621 0.466051 0
n 580 0 1.01221 0.585672 0
n 581 0 0.708368 0.284267 0
n 582 0 0.795749 0.370948 0
n 583 0 0.944409 0.518415 0
n 584 0 0.984974 0.558655 0
n 585 0 0.324127 0.464032 0
n 586 0 0.307835 0.216706 0
n 587 0 0.324898 0.475745 0
n 588 0 0.319821 0.398661 0
n 589 0 0.31989 0.399708 0
n 590 0 0.323118 0.448716 0
n 591 0 0.306327 0.193814 0
n 592 0 0.151474 0.709961 0
n 593 0 0.11534 0.700994 0
n 594 0 0.111391 0.700015 0
n 595 0 0.211838 0.72494 0
n 596 0 0.426032 0.77809 0
n 597 0 0.218155 0.726507 0
n 598 0 0.467331 0.788338 0
n 599 0 0.131146 0.704917 0
n 600 0 0.166051 0.713578 0
n 601 0 0.254652 0.735563 0
n 602 0 0.571886 0.814282 0
n 603 0 -0.0518516 0.238916 0
n 604 0 0.0601584 0.305981 0
n 605 0 0.3349 0.470482 0
n 606 0 9.27299e-05 0.270017 0
n 607 0 0.0133044 0.277928 0
n 608 0 0.315192 0.458682 0
n 609 0 0.129278 0.347366 0
n 610 0 0.19907 0.389154 0
n 611 0 0.648342 0.234229 0
n 612 0 0.520174 0.408966 0
n 613 0 0.563125 0.35041 0
n 614 0 0.423713 0.540477 0
n 615 0 0.529967 0.395616 0
n 616 0 0.387184 0.590279 0
n 617 0 0.377715 0.603188 0
n 618 0 0.568657 0.342868 0
n 619 0 0.488035 0.452784 0
n 620 0 0.509188 0.423944 0
n 621 0 0.491536 0.44801 0
n 622 0 0.692264 0.241022 0
n 623 0 0.5918 0.225485 0
n 624 0 0.510622 0.212932 0
n 625 0 0.482946 0.208651 0
n 626 0 0.435262 0.201277 0
n 627 0 0.469855 0.206627 0
n 628 0 0.481492 0.970824 0
n 629 0 0.537769 0.933864 0
n 630 0 0.750645 0.127143 0
n 631 0 0.732255 0.126183 0
n 632 0 0.533275 0.115792 0
n 633 0 0.588642 0.118683 0
n 634 0 0.354299 0.106446 0
n 635 0 1.10889 0.865704 0
n 636 0 0.898966 0.819895 0
n 637 0 1.13843 0.872151 0
n 638 0 0.836047 0.806165 0
n 639 0 0.975559 0.836609 0
n 640 0 0.956232 0.832391 0
n 641 0 1.14979 0.874629 0
n 642 0 1.11062 0.866083 0
n 643 0 0.697616 0.775956 0
n 644 0 0.875785 0.814836 0
n 645 0 0.147796 0.723411 0
n 646 0 0.116261 0.838736 0
n 647 0 0.197138 0.542961 0
n 648 0 0.09846 0.903837 0
n 649 0 0.144692 0.734763 0
n 650 0 0.0869427 0.945957 0
n 651 0 0.0884069 0.940603 0
n 652 0 0.188472 0.574655 0
n 653 0 0.112229 0.853483 0
n 654 0 0.149444 0.717383 0
n 655 0 0.0980321 0.905402 0
n 656 0 0.0948875 0.916902 0
n 657 0 1.1133 0.701239 0
n 658 0 0.868236 0.730612 0
n 659 0 0.993228 0.715631 0
n 660 0 1.1319 0.69901 0
n 661 0 0.720039 0.748375 0
n 662 0 0.832203 0.734931 0
n 663 0 0.951708 0.720607 0
n 664 0 0.00545284 0.631931 0
n 665 0 0.244316 0.785442 0
n 666 0 0.391513 0.880042 0
n 667 0 0.162368 0.732776 0
n 668 0 0.224542 0.772734 0
n 669 0 0.130229 0.712121 0
n 670 0 0.141314 0.719246 0
n 671 0 0.33509 0.84378 0
n 672 0 0.883231 0.774178 0
n 673 0 0.93606 0.927665 0
n 674 0 0.827144 0.611223 0
n 675 0 0.850371 0.678705 0
n 676 0 0.86616 0.72458 0
n 677 0 0.890808 0.796191 0
n 678 0 0.0540313 0.744951 0
n 679 0 0.18838 0.947426 0
n 680 0 0.14469 0.881582 0
n 681 0 0.114454 0.836012 0
n 682 0 0.200764 0.96609 0
n 683 0 0.155819 0.898354 0
n 684 0 0.638458 0.427144 0
n 685 0 0.600957 0.556865 0
n 686 0 0.685499 0.264424 0
n 687 0 0.648238 0.393313 0
n 688 0 0.643431 0.409942 0
n 689 0 0.716852 0.155973 0
n 690 0 0.943393 0.250552 0
n 691 0 1.03122 0.035644 0
n 692 0 0.880797 0.403729 0
n 693 0 0.916675 0.315932 0
n 694 0 0.991369 0.133151 0
n 695 0 1.00567 0.0981493 0
n 696 0 0.742474 0.132202 0
n 697 0 0.412229 0.336659 0
n 698 0 0.500685 0.281895 0
n 699 0 0.484679 0.291805 0
n 700 0 0.468618 0.301748 0
n 701 0 0.707415 0.153907 0
n 702 0 0.811868 0.0892394 0
n 703 0 0.477883 0.296012 0
n 704 0 0.0514121 0.314179 0
n 705 0 0.252499 0.125711 0
n 706 0 0.162574 0.209993 0
n 707 0 -0.0660101 0.424232 0
n 708 0 -0.0183661 0.379578 0
n 709 0 0.0228525 0.340946 0
n 710 0 0.120602 0.249331 0
n 711 0 0.100643 0.268037 0
n 712 0 0.991121 0.278665 0
n 713 0 1.0156 0.293085 0
n 714 0 0.821841 0.178952 0
n 715 0 0.695578 0.104578 0
n 716 0 0.858294 0.200425 0
n 717 0 0.467277 0.400837 0
n 718 0 0.444178 0.397287 0
n 719 0 0.667601 0.431623 0
n 720 0 0.487015 0.40387 0
n 721 0 0.503357 0.406382 0
n 722 0 0.487579 0.403957 0
n 723 0 0.251521 0.214104 0
n 724 0 0.253606 0.0256632 0
n 725 0 0.250526 0.30407 0
n 726 0 0.250623 0.295266 0
n 727 0 0.017104 0.552159 0
n 728 0 0.0303628 0.461379 0
n 729 0 0.0347142 0.431586 0
n 730 0 -0.0121404 0.752387 0
n 731 0 -0.0259553 0.846974 0
n 732 0 0.0158012 0.561079 0
n 733 0 0.0669516 0.205574 0
n 734 0 0.500539 0.225611 0
n 735 0 0.483282 0.224813 0
n 736 0 0.116934 0.207884 0
n 737 0 0.0656922 0.205516 0
n 738 0 0.442449 0.222926 0
n 739 0 0.294106 0.216071 0
n 740 0 0.471439 0.224266 0
n 741 0 0.38386 0.902647 0
n 742 0 0.453483 0.951265 0
n 743 0 0.310346 0.851313 0
n 744 0 0.46184 0.592522 0
n 745 0 0.382407 0.612881 0
n 746 0 0.76138 0.515746 0
n 747 0 0.490793 0.585101 0
n 748 0 0.557054 0.568117 0
n 749 0 0.503556 0.581829 0
n 750 0 0.361994 0.456228 0
n 751 0 0.475171 0.396684 0
n 752 0 0.284881 0.496798 0
n 753 0 0.571911 0.345787 0
n 754 0 0.486739 0.390598 0
n 755 0 0.496425 0.385502 0
n 756 0 0.486396 0.390778 0
n 757 0 -0.0655806 0.333318 0
n 758 0 0.0105751 0.259914 0
n 759 0 0.112818 0.161365 0
n 760 0 0.0661543 0.206342 0
n 761 0 0.354222 0.990184 0
n 762 0 0.212991 0.727087 0
n 763 0 0.332388 0.949511 0
n 764 0 0.232021 0.762539 0
n 765 0 0.201392 0.70548 0
n 766 0 0.283983 0.859338 0
n 767 0 0.818267 0.379627 0
n 768 0 0.962089 0.504422 0
n 769 0 1.02854 0.56208 0
n 770 0 -0.0214825 0.048328 0
n 771 0 -0.022096 0.0484756 0
n 772 0 0.367819 0.950024 0
n 773 0 0.440989 0.733913 0
n 774 0 0.411685 0.820463 0
n 775 0 1.08766 0.483466 0
n 776 0 1.14322 0.504878 0
n 777 0 0.320578 0.399695 0
n 778 0 0.340488 0.426873 0
n 779 0 0.247818 0.300374 0
n 780 0 1.05185 0.910676 0
n 781 0 1.13197 0.898921 0
n 782 0 1.10596 0.902737 0
n 783 0 1.096 0.904199 0
n 784 0 0.764606 0.952822 0
n 785 0 1.14642 0.54103 0
n 786 0 0.426094 0.703139 0
n 787 0 0.127094 0.73674 0
n 788 0 0.355646 0.711056 0
n 789 0 0.978776 0.0500359 0
n 790 0 0.0950912 0.946075 0
n 791 0 0.0973537 0.946108 0
n 792 0 0.100429 0.946152 0
n 793 0 0.168687 0.947141 0
n 794 0 0.00341685 0.944748 0
n 795 0 0.362755 0.398873 0
n 796 0 0.625389 0.393758 0
n 797 0 0.486861 0.396456 0
n 798 0 0.499977 0.3962 0
n 799 0 0.486905 0.396455 0
n 800 0 0.220937 0.577208 0
n 801 0 0.474476 0.258385 0
n 802 0 0.483739 0.246736 0
n 803 0 0.460187 0.276353 0
n 804 0 0.474501 0.258354 0
n 805 0 0.0965198 0.947245 0
n 806 0 0.0999342 0.95004 0
n 807 0 0.0690612 0.924764 0
n 808 0 0.370845 0.588994 0
n 809 0 0.149118 0.571561 0
n 810 0 0.404682 0.658902 0
n 811 0 0.50391 0.86391 0
n 812 0 0.422118 0.694926 0
n 813 0 0.491717 0.838719 0
n 814 0 0.484163 0.267075 0
n 815 0 0.474506 0.258412 0
n 816 0 0.485976 0.35403 0
n 817 0 0.491915 0.638915 0
n 818 0 0.486847 0.395806 0
n 819 0 0.492726 0.677792 0
n 820 0 0.101082 0.941026 0
n 821 0 0.118392 0.91743 0
n 822 0 0.125649 0.907538 0
n 823 0 0.128961 0.722076 0
n 824 0 0.105087 0.90957 0
n 825 0 0.104527 0.913968 0
n 826 0 0.482026 0.342132 0
n 827 0 0.585956 0.655169 0
n 828 0 0.562337 0.122153 0
n 829 0 0.855872 0.186401 0
n 830 0 0.508346 0.63515 0
n 831 0 0.838481 0.0857291 0
n 832 0 0.629736 0.796648 0
n 833 0 0.10981 0.91236 0
n 834 0 0.511761 0.673173 0
