b 842 100 1 1 0 1 0 0
f 0 0.01 0 207 204 203 210 201 202 200 206 209 208 205 1 
f 1 0.01 2 220 214 212 218 215 217 219 222 213 216 211 221 3 
f 2 0.01 4 225 229 223 234 228 226 233 227 224 232 230 236 235 231 5 
f 3 0.01 6 240 242 239 238 244 200 243 241 237 7 
f 4 0.01 8 247 253 245 250 248 251 249 246 252 9 
f 5 0.01 10 256 223 258 262 257 245 259 264 255 263 254 260 261 11 
f 6 0.01 12 270 269 268 272 254 271 265 267 266 13 
f 7 0.01 14 279 278 283 286 288 275 273 274 277 281 282 280 285 211 287 276 284 15 
f 8 0.01 16 289 301 299 296 297 295 290 292 302 300 293 294 291 298 17 
f 9 0.01 18 315 314 304 309 308 305 312 316 303 306 311 313 307 310 19 
f 10 0.01 20 323 329 320 332 201 317 330 318 325 328 324 322 331 327 303 319 321 326 21 
f 11 0.01 22 338 333 335 336 334 339 341 340 337 23 
f 12 0.01 24 342 343 345 346 344 265 255 347 25 
f 13 0.01 26 352 224 358 355 349 348 351 357 350 354 356 246 353 359 27 
f 14 0.01 28 366 370 367 365 362 371 360 368 369 364 363 361 342 29 
f 15 0.01 30 375 373 374 377 372 360 376 31 
f 16 0.01 32 385 388 379 387 383 304 237 384 389 378 317 382 381 380 386 33 
f 17 0.01 34 393 395 392 400 273 390 396 397 398 289 394 401 391 399 305 35 
f 18 0.01 36 403 405 406 402 238 408 202 378 407 318 404 37 
f 19 0.01 38 422 409 413 417 290 418 410 420 416 390 274 414 412 411 421 415 419 212 39 
f 20 0.01 40 256 426 225 429 431 424 247 266 425 343 430 361 427 423 428 41 
f 21 0.01 42 441 440 437 435 348 442 432 433 443 226 434 438 439 436 43 
f 22 0.01 44 458 454 448 451 446 453 447 457 362 444 450 456 452 445 455 449 45 
f 23 0.01 46 459 465 471 468 460 464 466 306 319 470 391 467 462 461 463 469 379 47 
f 24 0.01 48 473 474 475 480 482 476 481 477 479 478 459 483 472 49 
f 25 0.01 50 267 344 487 488 484 363 485 423 486 51 
f 26 0.01 52 495 489 494 493 496 349 497 432 490 491 492 257 498 424 53 
f 27 0.01 54 380 499 500 506 203 320 239 402 504 503 502 505 501 55 
f 28 0.01 56 515 509 511 513 510 516 512 508 514 507 57 
f 29 0.01 58 523 291 518 519 489 520 525 521 522 409 526 517 524 507 59 
f 30 0.01 60 534 533 530 536 531 528 527 529 392 537 275 535 532 410 61 
f 31 0.01 62 541 372 540 538 364 484 539 345 425 63 
f 32 0.01 64 544 550 546 543 553 547 545 393 527 542 554 411 548 549 551 552 65 
f 33 0.01 66 555 557 559 276 561 560 558 556 394 321 67 
f 34 0.01 68 565 566 277 562 412 568 542 528 563 564 567 69 
f 35 0.01 70 569 555 570 71 
f 36 0.01 72 574 373 575 576 572 444 365 573 571 73 
f 37 0.01 74 543 581 578 577 278 579 582 292 580 413 517 508 75 
f 38 0.01 76 589 445 588 585 591 590 586 583 472 584 307 587 77 
f 39 0.01 78 594 599 597 248 595 592 593 490 433 598 596 227 79 
f 40 0.01 80 499 381 601 610 609 602 604 611 605 600 607 606 603 460 608 81 
f 41 0.01 82 613 612 592 350 618 614 616 617 544 615 473 83 
f 42 0.01 84 625 620 461 619 308 322 626 600 622 623 621 624 474 85 
f 43 0.01 86 631 629 333 628 630 434 228 632 491 627 612 87 
f 44 0.01 88 426 229 258 637 492 613 627 593 636 351 435 634 633 635 89 
f 45 0.01 90 403 240 323 641 204 644 500 382 601 640 643 642 638 639 91 
f 46 0.01 92 334 649 230 651 652 647 493 518 645 293 653 648 279 577 646 650 654 545 93 
f 47 0.01 94 659 658 509 660 655 335 628 657 436 656 95 
f 48 0.01 96 546 664 662 661 665 294 645 519 494 663 231 97 
f 49 0.01 98 667 672 669 670 280 668 556 666 671 462 619 309 324 99 
f 50 0.01 100 676 501 205 675 674 383 463 620 673 666 101 
f 51 0.01 102 678 629 681 655 336 352 679 232 680 677 103 
f 52 0.01 104 689 594 686 684 682 687 475 685 621 683 688 602 105 
f 53 0.01 106 690 694 249 353 698 697 693 682 695 476 696 691 603 692 107 
f 54 0.01 108 699 661 701 633 700 437 614 702 354 690 595 250 259 703 109 
f 55 0.01 110 662 699 578 646 708 395 529 710 414 562 667 706 704 705 707 213 709 557 111 
f 56 0.01 112 715 604 712 404 325 384 241 714 206 716 713 711 502 113 
f 57 0.01 114 719 720 214 717 530 718 115 
f 58 0.01 116 729 605 622 721 724 691 477 728 723 727 726 446 722 725 260 117 
f 59 0.01 118 733 734 730 215 415 732 531 563 547 731 119 
f 60 0.01 120 656 735 438 630 233 596 737 355 736 677 647 663 520 495 121 
f 61 0.01 122 741 564 740 739 638 683 623 721 738 606 692 464 123 
f 62 0.01 124 648 579 744 749 532 747 416 396 742 565 743 668 558 746 748 745 125 
f 63 0.01 126 751 754 548 753 704 669 281 566 742 397 755 752 295 417 580 750 521 337 510 756 127 
f 64 0.01 128 757 631 678 338 657 439 735 234 758 129 
f 65 0.01 130 722 762 447 765 571 764 366 583 763 760 759 511 761 339 649 679 131 
f 66 0.01 132 750 522 770 512 310 584 771 465 478 767 769 723 768 448 766 772 268 133 
f 67 0.01 134 773 759 658 774 776 775 449 757 135 
f 68 0.01 136 777 216 778 559 569 137 
f 69 0.01 138 427 485 779 374 780 783 572 450 781 585 782 659 139 
f 70 0.01 140 790 785 217 751 788 549 786 705 670 282 743 398 789 787 296 784 141 
f 71 0.01 142 466 311 326 791 784 297 752 418 792 744 283 143 
f 72 0.01 144 284 745 385 794 793 673 671 467 399 312 795 327 607 738 724 145 
f 73 0.01 146 797 798 533 717 419 218 730 785 799 796 147 
f 74 0.01 148 725 800 766 803 269 801 684 693 802 615 550 664 581 650 149 
f 75 0.01 150 570 796 219 804 551 786 753 706 672 151 
f 76 0.01 152 573 367 807 586 806 760 773 513 340 235 805 651 680 736 496 298 523 153 
f 77 0.01 154 800 451 726 808 809 767 479 810 468 608 313 587 514 524 791 299 787 155 
f 78 0.01 156 652 805 236 341 761 660 515 774 813 588 452 811 812 814 375 574 428 486 157 
f 79 0.01 158 597 251 694 356 817 616 440 700 634 816 665 653 300 815 159 
f 80 0.01 160 695 819 480 685 624 639 739 820 567 821 797 818 534 220 386 822 207 161 
f 81 0.01 162 314 674 387 469 625 793 746 560 221 285 777 707 552 804 788 754 163 
f 82 0.01 164 553 731 654 708 286 823 535 747 420 755 789 301 165 
f 83 0.01 166 222 709 778 287 561 748 794 388 675 315 208 824 711 503 405 167 
f 84 0.01 168 779 538 826 368 376 261 762 453 808 727 768 825 481 696 169 
f 85 0.01 170 328 712 609 827 640 818 798 718 536 732 171 
f 86 0.01 172 525 815 302 582 792 749 823 288 537 400 710 568 554 421 173 
f 87 0.01 174 809 769 728 825 454 830 270 801 686 697 828 829 617 441 635 701 816 175 
f 88 0.01 176 482 819 687 802 828 831 252 817 702 618 357 636 442 497 177 
f 89 0.01 178 832 713 504 406 242 329 641 719 733 179 
f 90 0.01 180 833 429 262 637 758 632 443 598 737 358 181 
f 91 0.01 182 676 505 824 832 835 209 714 243 389 407 330 610 827 834 642 820 740 183 
f 92 0.01 184 401 470 316 795 331 626 729 611 715 688 834 643 821 741 185 
f 93 0.01 186 829 831 698 359 599 689 837 263 271 487 836 539 430 187 
f 94 0.01 188 681 839 775 455 589 811 838 840 575 780 377 540 826 369 488 836 346 189 
f 95 0.01 190 526 422 770 516 756 763 806 590 841 781 456 838 812 191 
f 96 0.01 192 799 790 734 720 822 644 506 210 332 408 244 716 835 193 
f 97 0.01 194 839 776 813 782 591 841 807 370 764 483 771 471 810 195 
f 98 0.01 196 765 457 371 541 783 576 840 814 197 
f 99 0.01 198 833 431 498 253 703 264 347 837 272 772 803 830 458 199 
n 0 1 -0.111561 0.882276 0
n 1 1 0.388036 0.862201 0
n 2 1 1.03363 0.848396 0
n 3 1 0.53592 0.800567 0
n 4 1 0.922816 0.0527204 0
n 5 1 0.525308 0.356015 0
n 6 2 0.908658 1 0
n 7 1 1.18914 0.842168 0
n 8 2 0.0152833 0 0
n 9 1 -0.00600214 0.398992 0
n 10 1 -0.182989 0.0603314 0
n 11 1 0.255338 0.300892 0
n 12 1 0.135383 0.400218 0
n 13 2 0.111098 0 0
n 14 1 0.781557 0.526756 0
n 15 1 0.453707 0.904267 0
n 16 1 0.480201 0.699193 0
n 17 1 0.782897 0.301228 0
n 18 1 0.272841 0.865351 0
n 19 1 0.448736 0.397312 0
n 20 1 0.0451415 0.921092 0
n 21 1 0.441932 0.61686 0
n 22 2 0.723105 0 0
n 23 1 0.472654 0.427255 0
n 24 2 0.220958 0 0
n 25 1 0.0647339 0.258021 0
n 26 1 0.642192 0.170833 0
n 27 1 1.08938 0.394497 0
n 28 1 0.421512 0.286462 0
n 29 2 0.214393 0 0
n 30 2 0.406311 0 0
n 31 1 0.231161 0.247573 0
n 32 1 0.434172 0.835926 0
n 33 1 -0.0650125 0.86447 0
n 34 1 0.814777 0.634711 0
n 35 1 0.323119 0.725662 0
n 36 2 0.0226968 1 0
n 37 1 0.20067 0.786431 0
n 38 1 0.477997 0.496121 0
n 39 1 0.846262 0.834324 0
n 40 1 -0.15956 0.0766271 0
n 41 1 0.336894 0.0171789 0
n 42 1 0.957626 0.493322 0
n 43 1 0.730977 0.0476425 0
n 44 1 0.174668 0.411782 0
n 45 1 0.519879 0.0500783 0
n 46 1 0.316683 0.346991 0
n 47 1 0.345934 0.846135 0
n 48 1 -0.0197405 0.562297 0
n 49 1 0.439846 0.365371 0
n 50 1 0.103818 0.1764 0
n 51 2 0.330614 0 0
n 52 1 0.667223 0.42228 0
n 53 1 0.982307 0.034051 0
n 54 1 0.0336379 0.838177 0
n 55 2 0.287943 1 0
n 56 1 0.524177 0.119004 0
n 57 1 0.43223 0.610477 0
n 58 1 0.830657 0.295519 0
n 59 1 0.420672 0.581723 0
n 60 1 1.03228 0.80974 0
n 61 1 0.578155 0.60053 0
n 62 1 0.360554 0.136497 0
n 63 2 0.119763 0 0
n 64 1 1.00708 0.458455 0
n 65 1 0.628334 0.784874 0
n 66 2 0.658368 1 0
n 67 1 0.389779 0.651061 0
n 68 1 0.574856 0.684099 0
n 69 1 1.0744 0.705358 0
n 70 2 0.374904 1 0
n 71 1 0.754125 0.910837 0
n 72 2 0.354236 0 0
n 73 1 0.38492 0.307455 0
n 74 1 0.937624 0.582846 0
n 75 1 0.440576 0.528589 0
n 76 1 0.468008 0.0474108 0
n 77 1 0.401263 0.542936 0
n 78 1 1.10286 0.374482 0
n 79 1 0.665745 0.131733 0
n 80 1 0.0635728 0.870202 0
n 81 1 0.352067 0.461826 0
n 82 1 0.879116 0.165846 0
n 83 1 1.00547 0.649617 0
n 84 1 0.413804 0.832069 0
n 85 1 0.0489855 0.490152 0
n 86 1 0.515383 0.0178515 0
n 87 1 0.962031 0.242584 0
n 88 1 0.870592 0.00877644 0
n 89 1 0.909121 0.50729 0
n 90 2 0.0580928 1 0
n 91 1 0.106285 0.547025 0
n 92 1 0.606473 0.175153 0
n 93 1 0.815184 0.629509 0
n 94 1 0.461096 0.242548 0
n 95 2 0.863951 0 0
n 96 1 0.971204 0.568142 0
n 97 1 0.554492 0.291824 0
n 98 1 0.685575 0.730171 0
n 99 1 0.186615 0.762398 0
n 100 2 0.213634 1 0
n 101 1 0.402128 0.71654 0
n 102 2 0.582195 0 0
n 103 1 0.731733 0.337102 0
n 104 1 0.0704468 0.263939 0
n 105 1 0.147303 0.757997 0
n 106 1 -0.0781749 0.280645 0
n 107 1 0.30309 0.604122 0
n 108 1 0.815574 0.538922 0
n 109 1 1.05911 0.102239 0
n 110 1 0.863817 0.480645 0
n 111 1 0.537964 0.859881 0
n 112 1 0.176719 0.615949 0
n 113 2 0.165686 1 0
n 114 2 0.841076 1 0
n 115 1 0.914646 0.737431 0
n 116 1 0.197058 0.754036 0
n 117 1 0.218865 0.254512 0
n 118 2 0.81738 1 0
n 119 1 0.815257 0.609344 0
n 120 1 0.830076 0.00397967 0
n 121 1 0.652439 0.47136 0
n 122 1 -0.114302 0.708396 0
n 123 1 0.36048 0.551612 0
n 124 1 0.774224 0.526699 0
n 125 1 0.41451 0.873982 0
n 126 1 0.66161 0.786543 0
n 127 1 0.448976 0.334009 0
n 128 2 0.430613 0 0
n 129 1 0.875032 0.139127 0
n 130 1 0.203506 0.350563 0
n 131 1 0.679603 0.197817 0
n 132 1 0.58525 0.533241 0
n 133 1 0.117177 0.357436 0
n 134 1 0.486937 0.280349 0
n 135 2 0.474871 0 0
n 136 1 0.59814 0.745582 0
n 137 2 0.409364 1 0
n 138 2 0.240702 0 0
n 139 1 0.475293 0.240199 0
n 140 1 0.796228 0.939969 0
n 141 1 0.467709 0.563041 0
n 142 1 0.269901 0.651299 0
n 143 1 0.762835 0.56754 0
n 144 1 0.47968 0.903939 0
n 145 1 0.157917 0.521227 0
n 146 1 1.0887 0.710193 0
n 147 1 0.634269 0.918732 0
n 148 1 0.224973 0.335618 0
n 149 1 -0.198561 0.601359 0
n 150 2 0.682602 1 0
n 151 1 0.635265 0.696222 0
n 152 1 0.352057 0.260469 0
n 153 1 0.849587 0.310103 0
n 154 1 0.150191 0.338847 0
n 155 1 0.543414 0.647676 0
n 156 1 0.678054 0.326416 0
n 157 1 0.293799 0.00649731 0
n 158 1 1.06096 0.310804 0
n 159 1 0.608919 0.524479 0
n 160 1 0.147792 0.427981 0
n 161 1 -0.0133563 0.9013 0
n 162 1 0.188168 0.869666 0
n 163 1 0.678763 0.773144 0
n 164 1 0.934466 0.598479 0
n 165 1 0.440092 0.673277 0
n 166 1 0.596936 0.803468 0
n 167 1 0.105591 0.896094 0
n 168 1 0.311453 0.0436511 0
n 169 1 0.174316 0.524477 0
n 170 1 0.25715 0.781402 0
n 171 1 -0.240255 0.730524 0
n 172 1 0.525325 0.373304 0
n 173 1 0.776392 0.805699 0
n 174 1 0.261777 0.39227 0
n 175 1 -0.23773 0.41447 0
n 176 1 1.16499 0.500382 0
n 177 1 0.769524 0.194425 0
n 178 1 1.18212 0.873016 0
n 179 1 0.697055 0.994289 0
n 180 2 0.995026 0 0
n 181 1 0.716274 0.229844 0
n 182 2 0.225516 1 0
n 183 1 0.0301076 0.547067 0
n 184 1 0.38511 0.72016 0
n 185 1 -0.114401 0.698062 0
n 186 1 -0.0149984 0.468529 0
n 187 1 0.212767 0.023419 0
n 188 1 0.639905 0.111929 0
n 189 1 0.140029 0.100781 0
n 190 1 0.490712 0.533557 0
n 191 1 0.402217 0.0414506 0
n 192 1 0.683694 0.877417 0
n 193 1 1.18367 0.872916 0
n 194 1 0.513276 0.0898083 0
n 195 1 0.273628 0.528635 0
n 196 1 0.257449 0.361885 0
n 197 2 0.413901 0 0
n 198 1 -0.076469 0.0232271 0
n 199 1 0.197794 0.441294 0
n 200 0 0.135506 0.872348 0
n 201 0 0.107234 0.873484 0
n 202 0 0.12885 0.872615 0
n 203 0 0.0901984 0.874168 0
n 204 0 0.0713997 0.874924 0
n 205 0 0.302995 0.865618 0
n 206 0 0.169392 0.870986 0
n 207 0 -0.00542718 0.878011 0
n 208 0 0.257574 0.867443 0
n 209 0 0.169848 0.870968 0
n 210 0 0.103371 0.873639 0
n 211 0 0.543161 0.801263 0
n 212 0 0.841479 0.829931 0
n 213 0 0.584885 0.805273 0
n 214 0 0.88749 0.834353 0
n 215 0 0.816443 0.827525 0
n 216 0 0.555915 0.802489 0
n 217 0 0.687419 0.815126 0
n 218 0 0.83015 0.828843 0
n 219 0 0.653283 0.811846 0
n 220 0 1.00557 0.845701 0
n 221 0 0.538242 0.800791 0
n 222 0 0.586524 0.80543 0
n 223 0 0.872749 0.0909211 0
n 224 0 0.718193 0.208846 0
n 225 0 0.900985 0.0693771 0
n 226 0 0.786466 0.156755 0
n 227 0 0.754592 0.181074 0
n 228 0 0.788445 0.155244 0
n 229 0 0.876707 0.0879007 0
n 230 0 0.646927 0.263221 0
n 231 0 0.58389 0.311318 0
n 232 0 0.685802 0.23356 0
n 233 0 0.766107 0.172288 0
n 234 0 0.828614 0.124596 0
n 235 0 0.616021 0.286802 0
n 236 0 0.623562 0.281048 0
n 237 0 1.17377 0.850816 0
n 238 0 1.12339 0.879165 0
n 239 0 1.10994 0.886733 0
n 240 0 1.06761 0.910555 0
n 241 0 1.16991 0.852989 0
n 242 0 1.0961 0.894523 0
n 243 0 1.16362 0.856529 0
n 244 0 1.1337 0.873366 0
n 245 0 0.0065164 0.164335 0
n 246 0 -0.00328974 0.348148 0
n 247 0 0.0122933 0.0560484 0
n 248 0 -0.00159972 0.316469 0
n 249 0 -0.00308721 0.344352 0
n 250 0 0.00461671 0.199944 0
n 251 0 -0.00290811 0.340995 0
n 252 0 -0.00441914 0.369319 0
n 253 0 0.00723722 0.150823 0
n 254 0 0.125016 0.229369 0
n 255 0 0.0927904 0.211683 0
n 256 0 -0.154418 0.0760114 0
n 257 0 -0.0833864 0.114995 0
n 258 0 -0.122873 0.0933237 0
n 259 0 0.0202668 0.171881 0
n 260 0 0.217741 0.280258 0
n 261 0 0.24042 0.292704 0
n 262 0 -0.120041 0.0948782 0
n 263 0 0.111248 0.221813 0
n 264 0 0.0214935 0.172554 0
n 265 0 0.121105 0.164918 0
n 266 0 0.113761 0.043898 0
n 267 0 0.120991 0.163043 0
n 268 0 0.133151 0.363436 0
n 269 0 0.134893 0.392138 0
n 270 0 0.135242 0.397894 0
n 271 0 0.123147 0.19856 0
n 272 0 0.131769 0.34065 0
n 273 0 0.6635 0.662696 0
n 274 0 0.661671 0.664801 0
n 275 0 0.677672 0.646376 0
n 276 0 0.52314 0.824317 0
n 277 0 0.642415 0.686974 0
n 278 0 0.750577 0.562428 0
n 279 0 0.77268 0.536978 0
n 280 0 0.600107 0.735691 0
n 281 0 0.624512 0.707589 0
n 282 0 0.60913 0.725301 0
n 283 0 0.743247 0.570868 0
n 284 0 0.467044 0.88891 0
n 285 0 0.54467 0.799526 0
n 286 0 0.686716 0.635963 0
n 287 0 0.530344 0.816021 0
n 288 0 0.681394 0.642091 0
n 289 0 0.482493 0.69618 0
n 290 0 0.570232 0.580826 0
n 291 0 0.738088 0.36014 0
n 292 0 0.596979 0.545661 0
n 293 0 0.709009 0.398371 0
n 294 0 0.711076 0.395654 0
n 295 0 0.566967 0.585119 0
n 296 0 0.529679 0.634143 0
n 297 0 0.55325 0.603153 0
n 298 0 0.781326 0.303294 0
n 299 0 0.528371 0.635862 0
n 300 0 0.615431 0.521401 0
n 301 0 0.507693 0.663049 0
n 302 0 0.613098 0.524469 0
n 303 0 0.335583 0.698402 0
n 304 0 0.280599 0.844708 0
n 305 0 0.325504 0.725221 0
n 306 0 0.337048 0.694503 0
n 307 0 0.405315 0.51285 0
n 308 0 0.318808 0.743037 0
n 309 0 0.31464 0.754129 0
n 310 0 0.420857 0.471496 0
n 311 0 0.358972 0.636164 0
n 312 0 0.326715 0.721999 0
n 313 0 0.397665 0.533208 0
n 314 0 0.277851 0.852021 0
n 315 0 0.273159 0.864505 0
n 316 0 0.328349 0.717649 0
n 317 0 0.133819 0.853101 0
n 318 0 0.165096 0.82912 0
n 319 0 0.337204 0.697159 0
n 320 0 0.0990201 0.879782 0
n 321 0 0.39258 0.6547 0
n 322 0 0.300161 0.72556 0
n 323 0 0.0683838 0.903272 0
n 324 0 0.258142 0.757778 0
n 325 0 0.170719 0.824808 0
n 326 0 0.433207 0.62355 0
n 327 0 0.318127 0.711785 0
n 328 0 0.230841 0.778711 0
n 329 0 0.071905 0.900572 0
n 330 0 0.1551 0.836784 0
n 331 0 0.311455 0.716902 0
n 332 0 0.107075 0.873606 0
n 333 0 0.667713 0.0944968 0
n 334 0 0.612606 0.188505 0
n 335 0 0.646285 0.131051 0
n 336 0 0.642895 0.136835 0
n 337 0 0.483831 0.408188 0
n 338 0 0.677753 0.077368 0
n 339 0 0.590365 0.226447 0
n 340 0 0.558358 0.28105 0
n 341 0 0.579744 0.244566 0
n 342 0 0.217966 0.00494175 0
n 343 0 0.200681 0.0334898 0
n 344 0 0.123352 0.161206 0
n 345 0 0.195101 0.0427066 0
n 346 0 0.159673 0.101219 0
n 347 0 0.0708909 0.247852 0
n 348 0 0.845282 0.27241 0
n 349 0 0.805147 0.252337 0
n 350 0 0.916215 0.307888 0
n 351 0 0.892805 0.296179 0
n 352 0 0.662477 0.180979 0
n 353 0 1.0081 0.353848 0
n 354 0 0.938267 0.318918 0
n 355 0 0.746779 0.223143 0
n 356 0 0.989542 0.344563 0
n 357 0 0.916113 0.307837 0
n 358 0 0.73285 0.216177 0
n 359 0 1.03643 0.368017 0
n 360 0 0.311395 0.134162 0
n 361 0 0.235585 0.0293102 0
n 362 0 0.366668 0.210609 0
n 363 0 0.256226 0.0578584 0
n 364 0 0.280115 0.090899 0
n 365 0 0.37663 0.224386 0
n 366 0 0.418083 0.28172 0
n 367 0 0.406656 0.265916 0
n 368 0 0.292925 0.108616 0
n 369 0 0.289673 0.104118 0
n 370 0 0.412607 0.274146 0
n 371 0 0.339246 0.172682 0
n 372 0 0.324288 0.115939 0
n 373 0 0.360674 0.0645076 0
n 374 0 0.336742 0.0983356 0
n 375 0 0.361712 0.0630396 0
n 376 0 0.268241 0.19516 0
n 377 0 0.331983 0.105061 0
n 378 0 0.145677 0.852423 0
n 379 0 0.345633 0.840989 0
n 380 0 0.0634165 0.857126 0
n 381 0 0.0732054 0.856567 0
n 382 0 0.0733537 0.856558 0
n 383 0 0.318335 0.84255 0
n 384 0 0.169966 0.851034 0
n 385 0 0.423034 0.836563 0
n 386 0 0.00045757 0.860726 0
n 387 0 0.329126 0.841933 0
n 388 0 0.420658 0.836699 0
n 389 0 0.161458 0.85152 0
n 390 0 0.660069 0.66333 0
n 391 0 0.338705 0.722779 0
n 392 0 0.698887 0.65615 0
n 393 0 0.799234 0.637587 0
n 394 0 0.431736 0.705569 0
n 395 0 0.715688 0.653042 0
n 396 0 0.626215 0.669593 0
n 397 0 0.608223 0.672921 0
n 398 0 0.56969 0.680049 0
n 399 0 0.328896 0.724593 0
n 400 0 0.690462 0.657708 0
n 401 0 0.359085 0.719009 0
n 402 0 0.11461 0.889703 0
n 403 0 0.0632732 0.951308 0
n 404 0 0.170791 0.822285 0
n 405 0 0.109972 0.895268 0
n 406 0 0.114408 0.889946 0
n 407 0 0.156331 0.839637 0
n 408 0 0.128183 0.873416 0
n 409 0 0.506197 0.522019 0
n 410 0 0.605308 0.613039 0
n 411 0 0.712981 0.711923 0
n 412 0 0.687924 0.688911 0
n 413 0 0.523168 0.537604 0
n 414 0 0.686215 0.687342 0
n 415 0 0.81633 0.806836 0
n 416 0 0.646044 0.65045 0
n 417 0 0.56094 0.572293 0
n 418 0 0.588096 0.597232 0
n 419 0 0.836914 0.825739 0
n 420 0 0.638254 0.643295 0
n 421 0 0.732178 0.729552 0
n 422 0 0.485163 0.502702 0
n 423 0 0.303365 0.0211938 0
n 424 0 -0.0406956 0.0623936 0
n 425 0 0.18265 0.0356489 0
n 426 0 -0.124488 0.0724275 0
n 427 0 0.265795 0.0256927 0
n 428 0 0.310435 0.0203473 0
n 429 0 -0.0874316 0.0679901 0
n 430 0 0.208066 0.0326054 0
n 431 0 -0.0500406 0.0635127 0
n 432 0 0.823545 0.229668 0
n 433 0 0.816244 0.215311 0
n 434 0 0.784752 0.153386 0
n 435 0 0.899155 0.378346 0
n 436 0 0.743598 0.0724611 0
n 437 0 0.902002 0.383945 0
n 438 0 0.778193 0.140488 0
n 439 0 0.759034 0.102813 0
n 440 0 0.902821 0.385555 0
n 441 0 0.914094 0.407723 0
n 442 0 0.829039 0.24047 0
n 443 0 0.791917 0.167473 0
n 444 0 0.374442 0.202464 0
n 445 0 0.459066 0.113796 0
n 446 0 0.213789 0.370792 0
n 447 0 0.246154 0.33688 0
n 448 0 0.197679 0.387672 0
n 449 0 0.478875 0.0930406 0
n 450 0 0.406071 0.169323 0
n 451 0 0.203968 0.381082 0
n 452 0 0.442954 0.130679 0
n 453 0 0.220007 0.364277 0
n 454 0 0.190256 0.395449 0
n 455 0 0.46458 0.108019 0
n 456 0 0.422178 0.152447 0
n 457 0 0.286563 0.29454 0
n 458 0 0.176899 0.409444 0
n 459 0 0.32075 0.416401 0
n 460 0 0.325607 0.49928 0
n 461 0 0.341118 0.763946 0
n 462 0 0.340445 0.752462 0
n 463 0 0.343506 0.804697 0
n 464 0 0.329278 0.561916 0
n 465 0 0.321799 0.43429 0
n 466 0 0.333879 0.640428 0
n 467 0 0.339555 0.737271 0
n 468 0 0.324215 0.475522 0
n 469 0 0.345499 0.838712 0
n 470 0 0.338431 0.718095 0
n 471 0 0.322124 0.439833 0
n 472 0 0.424282 0.37204 0
n 473 0 -0.017579 0.561371 0
n 474 0 0.0802488 0.519453 0
n 475 0 0.108324 0.507423 0
n 476 0 0.162005 0.484421 0
n 477 0 0.209721 0.463976 0
n 478 0 0.298992 0.425724 0
n 479 0 0.274288 0.43631 0
n 480 0 0.122866 0.501192 0
n 481 0 0.189045 0.472835 0
n 482 0 0.150646 0.489288 0
n 483 0 0.339248 0.408475 0
n 484 0 0.241725 0.0691369 0
n 485 0 0.279517 0.0397429 0
n 486 0 0.307546 0.0179423 0
n 487 0 0.154761 0.136777 0
n 488 0 0.199341 0.102103 0
n 489 0 0.690947 0.393048 0
n 490 0 0.829309 0.222567 0
n 491 0 0.856257 0.189363 0
n 492 0 0.882089 0.157534 0
n 493 0 0.70092 0.38076 0
n 494 0 0.696615 0.386064 0
n 495 0 0.674501 0.413312 0
n 496 0 0.765105 0.301675 0
n 497 0 0.820279 0.233693 0
n 498 0 0.953731 0.0692613 0
n 499 0 0.0698968 0.86125 0
n 500 0 0.072667 0.863013 0
n 501 0 0.235728 0.966774 0
n 502 0 0.167881 0.9236 0
n 503 0 0.120298 0.893322 0
n 504 0 0.114827 0.889841 0
n 505 0 0.201892 0.945243 0
n 506 0 0.0895619 0.873764 0
n 507 0 0.440154 0.568123 0
n 508 0 0.44741 0.529335 0
n 509 0 0.506137 0.21543 0
n 510 0 0.473992 0.38725 0
n 511 0 0.498566 0.255899 0
n 512 0 0.455777 0.484612 0
n 513 0 0.495043 0.274733 0
n 514 0 0.440406 0.566776 0
n 515 0 0.511341 0.187616 0
n 516 0 0.469102 0.413389 0
n 517 0 0.489185 0.533895 0
n 518 0 0.702772 0.384793 0
n 519 0 0.698839 0.387539 0
n 520 0 0.679045 0.401357 0
n 521 0 0.529631 0.50566 0
n 522 0 0.523399 0.51001 0
n 523 0 0.814744 0.306627 0
n 524 0 0.441195 0.567396 0
n 525 0 0.581253 0.469624 0
n 526 0 0.490596 0.53291 0
n 527 0 0.750243 0.679809 0
n 528 0 0.778354 0.692759 0
n 529 0 0.70901 0.660813 0
n 530 0 0.910151 0.753476 0
n 531 0 0.815804 0.710012 0
n 532 0 0.659117 0.637828 0
n 533 0 0.952185 0.772841 0
n 534 0 1.01978 0.80398 0
n 535 0 0.662892 0.639568 0
n 536 0 0.889036 0.743749 0
n 537 0 0.68615 0.650282 0
n 538 0 0.295492 0.0996155 0
n 539 0 0.201144 0.0461327 0
n 540 0 0.303998 0.104437 0
n 541 0 0.356004 0.133918 0
n 542 0 0.737246 0.69101 0
n 543 0 0.871168 0.575592 0
n 544 0 0.965011 0.494714 0
n 545 0 0.813319 0.625448 0
n 546 0 0.919553 0.533892 0
n 547 0 0.815336 0.62371 0
n 548 0 0.651461 0.764942 0
n 549 0 0.647018 0.768772 0
n 550 0 0.94789 0.50947 0
n 551 0 0.646623 0.769112 0
n 552 0 0.631053 0.78253 0
n 553 0 0.825478 0.614969 0
n 554 0 0.718953 0.706776 0
n 555 0 0.614928 0.943565 0
n 556 0 0.461798 0.744625 0
n 557 0 0.544584 0.852177 0
n 558 0 0.49876 0.792644 0
n 559 0 0.531581 0.835285 0
n 560 0 0.509398 0.806465 0
n 561 0 0.518476 0.818259 0
n 562 0 0.684975 0.688786 0
n 563 0 0.815719 0.694349 0
n 564 0 0.915391 0.698591 0
n 565 0 0.609656 0.68558 0
n 566 0 0.614263 0.685776 0
n 567 0 1.05366 0.704475 0
n 568 0 0.709103 0.689812 0
n 569 0 0.416647 0.990185 0
n 570 0 0.671727 0.930211 0
n 571 0 0.38346 0.292829 0
n 572 0 0.367158 0.129479 0
n 573 0 0.380514 0.263308 0
n 574 0 0.36042 0.0619636 0
n 575 0 0.364794 0.105793 0
n 576 0 0.365426 0.112126 0
n 577 0 0.786154 0.566312 0
n 578 0 0.789862 0.566716 0
n 579 0 0.738573 0.561118 0
n 580 0 0.545801 0.540075 0
n 581 0 0.846754 0.572927 0
n 582 0 0.627327 0.548974 0
n 583 0 0.437277 0.275562 0
n 584 0 0.411366 0.467931 0
n 585 0 0.446071 0.210278 0
n 586 0 0.438153 0.269058 0
n 587 0 0.402104 0.536694 0
n 588 0 0.455397 0.141039 0
n 589 0 0.459859 0.107913 0
n 590 0 0.440292 0.253179 0
n 591 0 0.445607 0.213718 0
n 592 0 0.904894 0.264542 0
n 593 0 0.889708 0.256108 0
n 594 0 1.0862 0.36523 0
n 595 0 0.953529 0.291551 0
n 596 0 0.761343 0.184823 0
n 597 0 1.02166 0.329384 0
n 598 0 0.767039 0.187986 0
n 599 0 1.04856 0.344324 0
n 600 0 0.219295 0.64977 0
n 601 0 0.0733789 0.856321 0
n 602 0 0.146498 0.752818 0
n 603 0 0.27086 0.576777 0
n 604 0 0.173902 0.714026 0
n 605 0 0.200445 0.676454 0
n 606 0 0.266779 0.582554 0
n 607 0 0.240615 0.619591 0
n 608 0 0.335905 0.484703 0
n 609 0 0.135122 0.76892 0
n 610 0 0.129348 0.777094 0
n 611 0 0.176101 0.710913 0
n 612 0 0.889646 0.206163 0
n 613 0 0.884251 0.185509 0
n 614 0 0.925211 0.342329 0
n 615 0 0.965912 0.498162 0
n 616 0 0.932799 0.371385 0
n 617 0 0.941967 0.406484 0
n 618 0 0.916224 0.307923 0
n 619 0 0.329612 0.753162 0
n 620 0 0.359283 0.780971 0
n 621 0 0.115306 0.55231 0
n 622 0 0.202305 0.633847 0
n 623 0 0.178634 0.611662 0
n 624 0 0.107844 0.545315 0
n 625 0 0.407811 0.826452 0
n 626 0 0.289905 0.715948 0
n 627 0 0.885694 0.204175 0
n 628 0 0.689114 0.105265 0
n 629 0 0.611586 0.0662568 0
n 630 0 0.775131 0.148545 0
n 631 0 0.561073 0.0408409 0
n 632 0 0.799812 0.160963 0
n 633 0 0.899882 0.387747 0
n 634 0 0.899822 0.386973 0
n 635 0 0.901469 0.408284 0
n 636 0 0.892281 0.289399 0
n 637 0 0.877409 0.0969806 0
n 638 0 0.0965235 0.638777 0
n 639 0 0.105841 0.551197 0
n 640 0 0.0832421 0.763614 0
n 641 0 0.0685826 0.901403 0
n 642 0 0.0912121 0.6887 0
n 643 0 0.0892576 0.707072 0
n 644 0 0.0715059 0.873926 0
n 645 0 0.706309 0.392493 0
n 646 0 0.787567 0.569387 0
n 647 0 0.693233 0.364026 0
n 648 0 0.769883 0.53089 0
n 649 0 0.62494 0.215354 0
n 650 0 0.802071 0.600962 0
n 651 0 0.659764 0.291166 0
n 652 0 0.674658 0.323589 0
n 653 0 0.738748 0.463111 0
n 654 0 0.809608 0.61737 0
n 655 0 0.641585 0.133881 0
n 656 0 0.821986 0.0252662 0
n 657 0 0.715712 0.089251 0
n 658 0 0.484699 0.228338 0
n 659 0 0.471481 0.236296 0
n 660 0 0.528545 0.201939 0
n 661 0 0.845692 0.484916 0
n 662 0 0.854901 0.491022 0
n 663 0 0.687224 0.379837 0
n 664 0 0.914406 0.530479 0
n 665 0 0.781985 0.442673 0
n 666 0 0.379937 0.749912 0
n 667 0 0.64729 0.732644 0
n 668 0 0.554714 0.738623 0
n 669 0 0.636609 0.733334 0
n 670 0 0.617223 0.734586 0
n 671 0 0.351715 0.751735 0
n 672 0 0.641004 0.73305 0
n 673 0 0.366796 0.769673 0
n 674 0 0.317182 0.844283 0
n 675 0 0.308117 0.857915 0
n 676 0 0.22084 0.989163 0
n 677 0 0.71651 0.302784 0
n 678 0 0.60664 0.0551057 0
n 679 0 0.671149 0.200529 0
n 680 0 0.713745 0.296551 0
n 681 0 0.631766 0.111747 0
n 682 0 0.0960391 0.428454 0
n 683 0 0.127182 0.628652 0
n 684 0 0.0943471 0.417578 0
n 685 0 0.112219 0.532464 0
n 686 0 0.0915869 0.399834 0
n 687 0 0.0993261 0.449584 0
n 688 0 0.139729 0.709305 0
n 689 0 0.0749334 0.29278 0
n 690 0 -0.0525254 0.302407 0
n 691 0 0.207156 0.522728 0
n 692 0 0.274619 0.579966 0
n 693 0 0.0879506 0.421591 0
n 694 0 -0.00556439 0.34225 0
n 695 0 0.136068 0.462415 0
n 696 0 0.181116 0.500635 0
n 697 0 0.0637642 0.401071 0
n 698 0 0.032914 0.374896 0
n 699 0 0.81896 0.532851 0
n 700 0 0.90049 0.386657 0
n 701 0 0.888098 0.408878 0
n 702 0 0.935906 0.323151 0
n 703 0 1.02063 0.171234 0
n 704 0 0.640176 0.740924 0
n 705 0 0.631523 0.750994 0
n 706 0 0.641916 0.738899 0
n 707 0 0.599009 0.788835 0
n 708 0 0.736884 0.628373 0
n 709 0 0.584407 0.80583 0
n 710 0 0.699018 0.672443 0
n 711 0 0.169014 0.884138 0
n 712 0 0.172216 0.772714 0
n 713 0 0.169241 0.876237 0
n 714 0 0.169421 0.869979 0
n 715 0 0.173994 0.71082 0
n 716 0 0.169333 0.873046 0
n 717 0 0.897722 0.797834 0
n 718 0 0.912212 0.74612 0
n 719 0 0.853646 0.95514 0
n 720 0 0.875908 0.875687 0
n 721 0 0.203634 0.603407 0
n 722 0 0.214831 0.34693 0
n 723 0 0.212804 0.393353 0
n 724 0 0.204787 0.576976 0
n 725 0 0.215053 0.341842 0
n 726 0 0.213029 0.388198 0
n 727 0 0.213001 0.388841 0
n 728 0 0.212756 0.394449 0
n 729 0 0.198896 0.711922 0
n 730 0 0.816484 0.835114 0
n 731 0 0.815296 0.61651 0
n 732 0 0.815947 0.736273 0
n 733 0 0.817186 0.964254 0
n 734 0 0.816707 0.876219 0
n 735 0 0.788953 0.112179 0
n 736 0 0.718691 0.297045 0
n 737 0 0.756992 0.19627 0
n 738 0 0.221929 0.597365 0
n 739 0 0.0734266 0.646404 0
n 740 0 0.073022 0.646537 0
n 741 0 -0.0867165 0.699287 0
n 742 0 0.612762 0.682582 0
n 743 0 0.59057 0.704006 0
n 744 0 0.725318 0.573915 0
n 745 0 0.43658 0.852675 0
n 746 0 0.478056 0.812632 0
n 747 0 0.656279 0.640568 0
n 748 0 0.461006 0.829093 0
n 749 0 0.671806 0.625578 0
n 750 0 0.533448 0.513785 0
n 751 0 0.660562 0.784312 0
n 752 0 0.573799 0.599661 0
n 753 0 0.643251 0.74747 0
n 754 0 0.657299 0.777367 0
n 755 0 0.597219 0.649504 0
n 756 0 0.458455 0.354183 0
n 757 0 0.475475 0.0140442 0
n 758 0 0.839707 0.128068 0
n 759 0 0.486057 0.259912 0
n 760 0 0.45295 0.270534 0
n 761 0 0.566989 0.233947 0
n 762 0 0.225974 0.343355 0
n 763 0 0.443933 0.273427 0
n 764 0 0.406429 0.285459 0
n 765 0 0.271819 0.328646 0
n 766 0 0.162856 0.374593 0
n 767 0 0.225813 0.398239 0
n 768 0 0.21182 0.392983 0
n 769 0 0.215408 0.394331 0
n 770 0 0.483803 0.495138 0
n 771 0 0.32458 0.435335 0
n 772 0 0.151152 0.370197 0
n 773 0 0.486659 0.273897 0
n 774 0 0.481891 0.163096 0
n 775 0 0.479534 0.108352 0
n 776 0 0.48126 0.148434 0
n 777 0 0.560412 0.796429 0
n 778 0 0.5484 0.812617 0
n 779 0 0.305098 0.0659352 0
n 780 0 0.343563 0.10532 0
n 781 0 0.429532 0.193344 0
n 782 0 0.446978 0.211208 0
n 783 0 0.360757 0.122925 0
n 784 0 0.509194 0.610639 0
n 785 0 0.736736 0.87171 0
n 786 0 0.646473 0.768146 0
n 787 0 0.537267 0.642849 0
n 788 0 0.654917 0.777835 0
n 789 0 0.549376 0.656742 0
n 790 0 0.741258 0.876898 0
n 791 0 0.498557 0.612446 0
n 792 0 0.649308 0.586831 0
n 793 0 0.413579 0.825317 0
n 794 0 0.422807 0.836294 0
n 795 0 0.322853 0.717406 0
n 796 0 0.667558 0.903456 0
n 797 0 1.04486 0.730313 0
n 798 0 0.992515 0.754334 0
n 799 0 0.725114 0.877044 0
n 800 0 0.181117 0.363135 0
n 801 0 0.124993 0.398349 0
n 802 0 0.074253 0.430185 0
n 803 0 0.156608 0.378513 0
n 804 0 0.648189 0.779159 0
n 805 0 0.632441 0.28844 0
n 806 0 0.443239 0.269565 0
n 807 0 0.416562 0.266904 0
n 808 0 0.213156 0.388298 0
n 809 0 0.220546 0.394103 0
n 810 0 0.309112 0.46366 0
n 811 0 0.414392 0.106899 0
n 812 0 0.413915 0.106502 0
n 813 0 0.475952 0.158152 0
n 814 0 0.380047 0.078305 0
n 815 0 0.612203 0.522927 0
n 816 0 0.849888 0.410576 0
n 817 0 0.973428 0.35218 0
n 818 0 0.0351942 0.758699 0
n 819 0 0.131866 0.474758 0
n 820 0 0.0732227 0.647003 0
n 821 0 0.0533128 0.705481 0
n 822 0 -0.00426863 0.874608 0
n 823 0 0.678553 0.637198 0
n 824 0 0.17504 0.883002 0
n 825 0 0.211384 0.39451 0
n 826 0 0.294179 0.104218 0
n 827 0 0.125392 0.767925 0
n 828 0 0.0380957 0.402211 0
n 829 0 0.0184909 0.403083 0
n 830 0 0.168357 0.396422 0
n 831 0 1.02437 0.391593 0
n 832 0 1.17184 0.875587 0
n 833 0 0.93874 0.0464104 0
n 834 0 0.0993305 0.707517 0
n 835 0 0.170739 0.873033 0
n 836 0 0.172807 0.101512 0
n 837 0 0.0860775 0.271002 0
n 838 0 0.413985 0.10689 0
n 839 0 0.502865 0.108872 0
n 840 0 0.368131 0.105868 0
n 841 0 0.43627 0.230815 0
