b 897 100 1.000000 1.000000 1.000000 1 0 0
f 0 0.010000 0 211 203 218 204 217 214 207 216 212 201 206 215 202 205 210 200 213 208 209 1 
f 1 0.010000 2 221 223 228 219 227 220 230 225 222 231 232 229 226 224 3 
f 2 0.010000 4 239 237 236 234 235 238 233 5 
f 3 0.010000 6 256 246 241 255 247 243 248 253 244 240 245 251 254 249 250 200 252 242 7 
f 4 0.010000 8 268 201 262 276 274 267 260 275 265 264 261 269 270 272 263 259 273 271 257 258 266 277 9 
f 5 0.010000 10 280 284 282 279 283 278 281 233 11 
f 6 0.010000 12 290 301 297 294 289 303 285 288 292 302 299 286 240 296 287 291 293 300 295 298 13 
f 7 0.010000 14 311 312 307 310 313 309 308 305 306 304 15 
f 8 0.010000 16 314 278 321 317 316 322 318 320 319 241 315 17 
f 9 0.010000 18 327 329 330 323 326 324 331 325 328 19 
f 10 0.010000 20 337 340 342 348 338 344 242 334 202 343 347 346 345 333 341 335 339 350 336 234 332 349 21 
f 11 0.010000 22 356 358 359 351 354 364 357 362 355 352 366 363 361 219 360 365 353 23 
f 12 0.010000 24 371 378 374 373 243 376 367 285 379 370 372 375 369 368 377 25 
f 13 0.010000 26 314 279 382 384 380 383 381 27 
f 14 0.010000 28 385 386 388 390 391 395 389 396 387 394 220 392 393 29 
f 15 0.010000 30 400 397 403 398 404 399 402 405 401 406 31 
f 16 0.010000 32 407 419 332 235 409 420 408 410 418 413 417 415 412 411 244 286 414 416 421 33 
f 17 0.010000 34 427 434 423 323 428 435 422 257 433 431 424 426 432 430 429 425 35 
f 18 0.010000 36 287 439 245 440 443 445 438 441 437 442 444 436 304 37 
f 19 0.010000 38 455 447 451 288 367 446 315 246 450 452 448 453 449 454 380 280 456 39 
f 20 0.010000 40 459 469 397 462 461 464 407 468 236 460 470 465 463 458 457 466 467 41 
f 21 0.010000 42 305 477 476 478 203 471 480 479 221 474 472 473 475 43 
f 22 0.010000 44 492 491 486 494 487 483 488 495 482 485 496 493 490 422 258 489 497 484 324 385 481 45 
f 23 0.010000 46 501 423 499 481 386 498 503 500 502 436 306 47 
f 24 0.010000 48 368 504 508 506 505 289 511 446 509 247 510 507 512 49 
f 25 0.010000 50 513 515 521 516 520 523 522 424 259 526 517 482 525 519 518 351 514 524 51 
f 26 0.010000 52 531 437 532 527 369 504 290 530 528 534 533 529 53 
f 27 0.010000 54 537 408 538 535 540 333 457 541 543 536 544 542 204 545 471 539 55 
f 28 0.010000 56 291 547 553 550 552 205 334 557 560 559 554 260 548 558 551 472 546 555 549 556 352 561 57 
f 29 0.010000 58 564 565 222 563 387 566 562 353 59 
f 30 0.010000 60 574 582 573 577 572 581 568 583 580 571 458 575 335 535 578 579 569 567 576 570 61 
f 31 0.010000 62 586 592 425 261 591 587 594 589 584 593 588 473 546 585 223 590 63 
f 32 0.010000 64 596 605 601 598 599 248 602 292 604 447 606 595 597 600 527 603 65 
f 33 0.010000 66 513 616 614 613 607 608 618 611 609 617 249 612 547 293 610 615 567 67 
f 34 0.010000 68 620 624 307 623 622 619 621 398 459 69 
f 35 0.010000 70 632 625 638 514 354 627 483 631 626 584 630 548 634 628 633 637 262 206 629 636 635 71 
f 36 0.010000 72 644 640 409 336 460 237 642 641 568 643 639 645 73 
f 37 0.010000 74 650 648 649 619 647 646 651 399 75 
f 38 0.010000 76 654 657 656 652 655 660 355 659 549 658 585 474 653 77 
f 39 0.010000 78 515 664 663 325 665 498 388 661 662 224 79 
f 40 0.010000 80 669 668 516 667 670 484 326 499 666 81 
f 41 0.010000 82 674 294 505 370 595 438 607 671 673 672 83 
f 42 0.010000 84 680 207 682 681 536 683 639 677 678 684 679 685 308 676 620 675 85 
f 43 0.010000 86 608 688 690 586 689 692 426 263 696 517 485 695 356 686 697 687 625 693 694 691 87 
f 44 0.010000 88 698 706 238 640 707 537 410 700 705 704 569 702 701 699 295 550 250 703 208 89 
f 45 0.010000 90 652 710 720 716 357 486 709 718 717 626 715 711 719 587 714 264 712 337 708 713 91 
f 46 0.010000 92 727 371 596 726 724 721 411 296 439 251 725 609 209 722 723 708 93 
f 47 0.010000 94 730 733 653 551 588 475 731 709 734 487 627 518 728 358 686 732 736 729 735 95 
f 48 0.010000 96 739 661 738 740 737 741 389 562 742 97 
f 49 0.010000 98 654 745 743 747 749 744 746 748 99 
f 50 0.010000 100 390 750 737 754 755 563 225 752 751 655 710 753 101 
f 51 0.010000 102 391 750 756 738 226 757 103 
f 52 0.010000 104 597 372 506 297 528 675 762 761 759 760 758 646 105 
f 53 0.010000 106 698 461 769 763 765 621 647 758 770 767 529 764 766 768 448 107 
f 54 0.010000 108 777 687 781 359 728 519 488 776 775 711 589 779 774 265 772 780 338 778 252 210 552 298 699 771 610 570 412 773 109 
f 55 0.010000 110 327 782 427 783 666 739 662 111 
f 56 0.010000 112 676 309 789 785 788 786 784 648 763 787 462 400 113 
f 57 0.010000 114 373 790 598 721 792 793 413 794 700 538 339 791 463 571 795 797 796 115 
f 58 0.010000 116 799 360 227 392 798 751 656 743 117 
f 59 0.010000 118 804 800 476 801 806 677 803 572 802 805 464 119 
f 60 0.010000 120 808 810 316 807 809 281 121 
f 61 0.010000 122 764 811 449 812 814 815 317 807 813 123 
f 62 0.010000 124 818 800 477 816 819 678 573 817 784 649 765 125 
f 63 0.010000 126 820 663 667 489 266 827 428 821 825 824 729 823 822 744 826 127 
f 64 0.010000 128 808 318 507 830 374 790 599 253 299 414 440 829 611 722 828 340 712 129 
f 65 0.010000 130 831 393 361 228 590 832 539 211 478 801 816 834 833 679 574 785 310 131 
f 66 0.010000 132 254 612 553 300 771 701 835 837 836 540 341 575 791 465 840 838 641 839 802 650 133 
f 67 0.010000 134 530 301 508 375 600 441 613 841 843 842 668 520 135 
f 68 0.010000 136 628 845 267 554 846 772 342 828 723 713 688 671 841 614 844 137 
f 69 0.010000 138 601 724 792 773 415 576 615 702 835 343 847 629 268 212 848 680 730 850 849 479 139 
f 70 0.010000 140 401 852 381 811 766 851 450 319 255 509 376 602 302 141 
f 71 0.010000 142 854 630 855 774 714 591 269 429 853 689 672 669 842 521 664 820 328 500 143 
f 72 0.010000 144 377 603 857 442 531 844 616 843 673 690 592 853 430 270 856 775 715 145 
f 73 0.010000 146 782 329 860 821 861 490 271 859 431 522 858 147 
f 74 0.010000 148 745 657 564 862 229 740 756 149 
f 75 0.010000 150 658 555 863 491 362 716 864 691 822 746 151 
f 76 0.010000 152 866 402 767 759 865 311 622 786 817 577 803 153 
f 77 0.010000 154 798 831 363 556 659 492 863 731 867 717 631 776 869 868 272 432 692 858 155 
f 78 0.010000 156 747 873 864 870 693 632 777 874 732 871 872 493 273 859 433 523 157 
f 79 0.010000 158 451 604 416 443 829 725 617 703 213 778 344 557 876 877 274 875 633 733 159 
f 80 0.010000 160 875 845 634 558 854 593 867 718 734 494 364 524 878 870 694 823 748 161 
f 81 0.010000 162 452 320 510 830 378 605 726 793 417 704 879 578 836 345 635 466 541 163 
f 82 0.010000 164 832 480 883 882 214 880 681 881 467 636 346 837 579 879 705 794 418 165 
f 83 0.010000 166 804 818 799 365 394 230 752 167 
f 84 0.010000 168 735 824 886 871 695 525 495 884 868 856 719 594 779 855 275 846 559 885 876 215 847 347 169 
f 85 0.010000 170 869 884 696 526 496 872 887 825 860 330 501 434 783 171 
f 86 0.010000 172 348 780 560 885 877 276 637 848 216 682 880 888 542 889 173 
f 87 0.010000 174 256 851 768 453 812 890 891 382 282 175 
f 88 0.010000 176 366 561 660 720 753 873 749 826 177 
f 89 0.010000 178 565 231 892 754 741 395 502 444 857 532 179 
f 90 0.010000 180 881 543 795 580 893 838 239 642 468 419 349 706 181 
f 91 0.010000 182 469 403 787 769 805 839 581 643 796 683 544 888 217 882 894 849 183 
f 92 0.010000 184 895 833 684 582 788 623 312 865 760 770 651 404 185 
f 93 0.010000 186 283 321 809 813 644 707 420 350 470 840 893 583 797 187 
f 94 0.010000 188 814 890 454 383 852 405 866 189 
f 95 0.010000 190 761 533 896 674 511 303 379 606 455 421 445 618 191 
f 96 0.010000 192 757 862 232 892 755 396 566 742 193 
f 97 0.010000 194 850 894 883 545 218 889 645 806 819 834 895 685 789 313 624 762 534 896 195 
f 98 0.010000 196 727 512 322 810 815 891 384 284 456 406 197 
f 99 0.010000 198 503 665 331 670 497 277 827 435 861 887 886 736 874 697 781 638 878 199 
n 0 1 0.435757 0.491305 0.500000
n 1 1 0.936086 0.496436 0.500000
n 2 1 0.612861 0.384148 0.500000
n 3 2 0.302434 0.000000 0.500000
n 4 1 0.644987 0.664436 0.500000
n 5 2 0.726430 1.000000 0.500000
n 6 1 1.230296 0.792660 0.500000
n 7 1 0.828829 0.484691 0.500000
n 8 1 0.708931 0.535854 0.500000
n 9 1 1.001317 0.138812 0.500000
n 10 1 1.160504 0.973092 0.500000
n 11 1 0.660273 0.923239 0.500000
n 12 1 0.275262 0.616532 0.500000
n 13 1 -0.222739 0.560666 0.500000
n 14 1 0.408341 0.835476 0.500000
n 15 1 0.287276 0.346260 0.500000
n 16 2 0.890205 1.000000 0.500000
n 17 1 1.131764 0.634316 0.500000
n 18 2 0.878987 0.000000 0.500000
n 19 1 1.185816 0.281591 0.500000
n 20 1 0.923729 0.365029 0.500000
n 21 1 0.610609 0.748780 0.500000
n 22 1 0.833351 0.183783 0.500000
n 23 1 0.351496 0.314369 0.500000
n 24 1 -0.078893 0.768687 0.500000
n 25 1 0.280046 0.420902 0.500000
n 26 2 0.877580 1.000000 0.500000
n 27 1 1.204772 0.862931 0.500000
n 28 1 0.055493 0.155662 0.500000
n 29 1 0.550579 0.231667 0.500000
n 30 1 0.614379 0.849552 0.500000
n 31 1 0.147199 0.993710 0.500000
n 32 1 0.618677 0.716310 0.500000
n 33 1 1.077596 0.523877 0.500000
n 34 2 1.076550 0.000000 0.500000
n 35 1 0.866257 0.337848 0.500000
n 36 1 -0.122725 0.605192 0.500000
n 37 1 0.294885 0.343416 0.500000
n 38 1 0.070434 0.529501 0.500000
n 39 2 0.149207 1.000000 0.500000
n 40 1 0.439947 0.984578 0.500000
n 41 1 0.720309 0.580234 0.500000
n 42 1 0.323007 0.582946 0.500000
n 43 1 0.727208 0.299358 0.500000
n 44 1 0.667738 0.255549 0.500000
n 45 1 1.155386 0.158381 0.500000
n 46 1 0.024137 0.051234 0.500000
n 47 1 0.350100 0.436252 0.500000
n 48 1 0.259537 0.445236 0.500000
n 49 1 -0.038732 0.842801 0.500000
n 50 1 1.219681 0.323061 0.500000
n 51 1 0.740079 0.179944 0.500000
n 52 1 0.174856 0.406069 0.500000
n 53 1 0.342908 0.879568 0.500000
n 54 1 0.869879 0.730322 0.500000
n 55 1 0.462470 0.437527 0.500000
n 56 1 -0.110277 0.582188 0.500000
n 57 1 0.600824 0.165979 0.500000
n 58 2 0.468807 0.000000 0.500000
n 59 1 0.342661 0.341145 0.500000
n 60 1 0.368008 0.649321 0.500000
n 61 1 0.866629 0.612729 0.500000
n 62 1 0.947191 0.329187 0.500000
n 63 1 0.447460 0.301604 0.500000
n 64 1 -0.084092 0.768559 0.500000
n 65 1 0.239332 0.391464 0.500000
n 66 1 1.180783 0.281088 0.500000
n 67 1 0.822812 0.624905 0.500000
n 68 1 0.241937 0.535004 0.500000
n 69 1 0.512137 0.956880 0.500000
n 70 1 0.793439 0.125777 0.500000
n 71 1 0.720863 0.618751 0.500000
n 72 1 0.885111 0.813710 0.500000
n 73 1 0.445692 0.568509 0.500000
n 74 1 0.482022 0.697923 0.500000
n 75 2 0.362919 1.000000 0.500000
n 76 2 0.558433 0.000000 0.500000
n 77 1 0.707529 0.371159 0.500000
n 78 1 1.059795 0.339197 0.500000
n 79 2 0.358036 0.000000 0.500000
n 80 1 -0.013108 0.311468 0.500000
n 81 2 0.091571 0.000000 0.500000
n 82 1 0.224267 0.718699 0.500000
n 83 1 -0.053966 0.300449 0.500000
n 84 1 0.717307 0.462135 0.500000
n 85 1 0.275697 0.690580 0.500000
n 86 1 1.019776 0.440675 0.500000
n 87 1 0.717404 0.035657 0.500000
n 88 1 0.593152 0.864143 0.500000
n 89 1 0.919435 0.490288 0.500000
n 90 1 0.590571 0.115584 0.500000
n 91 1 0.982210 0.435817 0.500000
n 92 1 0.955149 0.865632 0.500000
n 93 1 0.932664 0.363197 0.500000
n 94 1 0.617575 0.442906 0.500000
n 95 1 0.916415 0.048122 0.500000
n 96 2 0.217630 0.000000 0.500000
n 97 1 0.407121 0.266543 0.500000
n 98 2 0.497430 0.000000 0.500000
n 99 1 0.898177 0.050776 0.500000
n 100 1 0.233248 0.201763 0.500000
n 101 1 0.730491 0.138966 0.500000
n 102 1 0.233101 0.262456 0.500000
n 103 2 0.467206 0.000000 0.500000
n 104 1 0.109115 0.473583 0.500000
n 105 1 0.426528 0.869525 0.500000
n 106 1 0.604043 0.845153 0.500000
n 107 1 0.110904 0.842450 0.500000
n 108 1 0.795876 0.129290 0.500000
n 109 1 0.848872 0.628894 0.500000
n 110 1 0.835288 0.001939 0.500000
n 111 1 0.332100 0.065627 0.500000
n 112 1 0.244698 0.509742 0.500000
n 113 1 0.556227 0.908284 0.500000
n 114 1 0.047625 0.686669 0.500000
n 115 1 0.552729 0.612837 0.500000
n 116 1 0.371478 0.382886 0.500000
n 117 2 0.636661 0.000000 0.500000
n 118 1 0.292641 0.397411 0.500000
n 119 1 0.583535 0.805110 0.500000
n 120 1 1.067196 0.800412 0.500000
n 121 2 0.754233 1.000000 0.500000
n 122 1 0.285057 0.821095 0.500000
n 123 1 0.794725 0.907946 0.500000
n 124 1 0.328423 0.366018 0.500000
n 125 1 0.470169 0.845272 0.500000
n 126 1 1.112383 0.290564 0.500000
n 127 1 0.691830 0.010282 0.500000
n 128 1 1.048882 0.822910 0.500000
n 129 1 0.889355 0.346004 0.500000
n 130 1 0.537138 0.222554 0.500000
n 131 1 0.361660 0.685743 0.500000
n 132 1 0.926450 0.544234 0.500000
n 133 1 0.456731 0.705513 0.500000
n 134 1 0.271301 0.680094 0.500000
n 135 1 0.984563 0.262280 0.500000
n 136 1 0.742052 0.449885 0.500000
n 137 1 1.231120 0.352672 0.500000
n 138 1 -0.035621 0.720409 0.500000
n 139 1 0.572855 0.402966 0.500000
n 140 2 0.253055 1.000000 0.500000
n 141 1 0.031111 0.582376 0.500000
n 142 1 0.734169 0.343093 0.500000
n 143 1 0.223660 0.271391 0.500000
n 144 1 0.282526 0.427227 0.500000
n 145 1 0.794678 0.295981 0.500000
n 146 2 0.945579 0.000000 0.500000
n 147 1 0.921279 0.299258 0.500000
n 148 2 0.614321 0.000000 0.500000
n 149 1 0.316817 0.161421 0.500000
n 150 1 0.676386 0.304113 0.500000
n 151 2 0.778901 0.000000 0.500000
n 152 2 0.318602 1.000000 0.500000
n 153 1 0.472361 0.619539 0.500000
n 154 1 0.482668 0.217189 0.500000
n 155 1 0.979439 0.296351 0.500000
n 156 2 0.637950 -0.000000 0.500000
n 157 1 0.946622 0.256488 0.500000
n 158 1 0.080789 0.586242 0.500000
n 159 1 0.614336 0.398850 0.500000
n 160 1 0.748391 0.468033 0.500000
n 161 2 0.779768 0.000000 0.500000
n 162 1 0.121258 0.793887 0.500000
n 163 1 0.662737 0.586266 0.500000
n 164 1 0.469613 0.372650 0.500000
n 165 1 0.846031 0.704386 0.500000
n 166 1 0.344347 0.562340 0.500000
n 167 1 0.495905 0.086481 0.500000
n 168 1 0.865784 0.111290 0.500000
n 169 1 0.757480 0.597778 0.500000
n 170 1 0.820281 0.277771 0.500000
n 171 2 1.086940 0.000000 0.500000
n 172 1 0.896186 0.435745 0.500000
n 173 1 0.414834 0.560465 0.500000
n 174 1 1.229294 0.736510 0.500000
n 175 2 -0.000950 1.000000 0.500000
n 176 1 0.635750 0.242970 0.500000
n 177 2 0.719066 0.000000 0.500000
n 178 1 0.450411 0.097925 0.500000
n 179 1 0.141160 0.480206 0.500000
n 180 1 0.665342 0.540405 0.500000
n 181 2 0.613849 1.000000 0.500000
n 182 1 0.519540 0.889738 0.500000
n 183 1 0.609120 0.403890 0.500000
n 184 1 0.373667 0.563171 0.500000
n 185 2 0.407286 1.000000 0.500000
n 186 1 0.966774 0.951015 0.500000
n 187 1 0.599915 0.599378 0.500000
n 188 1 1.078345 0.854972 0.500000
n 189 2 0.328566 1.000000 0.500000
n 190 1 0.347742 0.786952 0.500000
n 191 1 0.951172 0.474984 0.500000
n 192 2 0.445167 0.000000 0.500000
n 193 1 0.365532 0.286724 0.500000
n 194 1 0.627448 0.409473 0.500000
n 195 1 0.260873 0.741935 0.500000
n 196 1 0.922063 0.779865 0.500000
n 197 2 0.172274 1.000000 0.500000
n 198 1 0.235130 0.266849 0.500000
n 199 1 0.752390 0.133458 0.500000
n 200 0 0.843432 0.496132 0.500000
n 201 0 0.739085 0.496648 0.500000
n 202 0 0.821854 0.496177 0.500000
n 203 0 0.458891 0.493258 0.500000
n 204 0 0.539343 0.494292 0.500000
n 205 0 0.831100 0.496159 0.500000
n 206 0 0.740479 0.496651 0.500000
n 207 0 0.655224 0.494842 0.500000
n 208 0 0.914528 0.495803 0.500000
n 209 0 0.933450 0.496358 0.500000
n 210 0 0.836432 0.496150 0.500000
n 211 0 0.439116 0.491589 0.500000
n 212 0 0.688797 0.495560 0.500000
n 213 0 0.858549 0.496054 0.500000
n 214 0 0.606217 0.494596 0.500000
n 215 0 0.781045 0.496354 0.500000
n 216 0 0.670424 0.495142 0.500000
n 217 0 0.591857 0.494425 0.500000
n 218 0 0.536606 0.494278 0.500000
n 219 0 0.517612 0.268023 0.500000
n 220 0 0.480285 0.222388 0.500000
n 221 0 0.607864 0.377711 0.500000
n 222 0 0.416811 0.142221 0.500000
n 223 0 0.547337 0.299749 0.500000
n 224 0 0.328638 0.033065 0.500000
n 225 0 0.439889 0.170669 0.500000
n 226 0 0.377748 0.096198 0.500000
n 227 0 0.482137 0.224730 0.500000
n 228 0 0.518489 0.269022 0.500000
n 229 0 0.395857 0.118288 0.500000
n 230 0 0.458748 0.194851 0.500000
n 231 0 0.415530 0.140714 0.500000
n 232 0 0.409756 0.134026 0.500000
n 233 0 0.708529 0.926696 0.500000
n 234 0 0.651780 0.703426 0.500000
n 235 0 0.652007 0.704730 0.500000
n 236 0 0.648767 0.685512 0.500000
n 237 0 0.647818 0.680110 0.500000
n 238 0 0.664740 0.769000 0.500000
n 239 0 0.646070 0.670434 0.500000
n 240 0 0.945785 0.578138 0.500000
n 241 0 1.093146 0.690909 0.500000
n 242 0 0.830183 0.485752 0.500000
n 243 0 1.041213 0.653270 0.500000
n 244 0 0.948110 0.579936 0.500000
n 245 0 0.933858 0.568811 0.500000
n 246 0 1.098903 0.695373 0.500000
n 247 0 1.077611 0.679368 0.500000
n 248 0 1.025726 0.641609 0.500000
n 249 0 0.907178 0.546897 0.500000
n 250 0 0.885071 0.528954 0.500000
n 251 0 0.931927 0.567268 0.500000
n 252 0 0.835826 0.490174 0.500000
n 253 0 0.968447 0.595404 0.500000
n 254 0 0.911085 0.550059 0.500000
n 255 0 1.089587 0.688209 0.500000
n 256 0 1.201646 0.771446 0.500000
n 257 0 0.928097 0.235987 0.500000
n 258 0 0.958807 0.195075 0.500000
n 259 0 0.923668 0.241926 0.500000
n 260 0 0.785461 0.432056 0.500000
n 261 0 0.862920 0.325325 0.500000
n 262 0 0.740855 0.494299 0.500000
n 263 0 0.896254 0.279124 0.500000
n 264 0 0.854395 0.336715 0.500000
n 265 0 0.821851 0.380665 0.500000
n 266 0 0.963055 0.189455 0.500000
n 267 0 0.778057 0.442687 0.500000
n 268 0 0.719653 0.521913 0.500000
n 269 0 0.864554 0.323113 0.500000
n 270 0 0.868252 0.318081 0.500000
n 271 0 0.926033 0.238754 0.500000
n 272 0 0.893222 0.283266 0.500000
n 273 0 0.925866 0.238978 0.500000
n 274 0 0.766019 0.459752 0.500000
n 275 0 0.797896 0.414265 0.500000
n 276 0 0.756167 0.473644 0.500000
n 277 0 0.963461 0.188918 0.500000
n 278 0 0.922476 0.945858 0.500000
n 279 0 0.985664 0.949434 0.500000
n 280 0 1.143750 0.971605 0.500000
n 281 0 0.849134 0.936770 0.500000
n 282 0 1.034636 0.957893 0.500000
n 283 0 0.961686 0.946680 0.500000
n 284 0 1.137994 0.971095 0.500000
n 285 0 0.102726 0.592796 0.500000
n 286 0 -0.048939 0.578623 0.500000
n 287 0 -0.077222 0.575936 0.500000
n 288 0 0.080718 0.591545 0.500000
n 289 0 0.139831 0.595397 0.500000
n 290 0 0.244586 0.611632 0.500000
n 291 0 -0.117842 0.570954 0.500000
n 292 0 0.069200 0.590803 0.500000
n 293 0 -0.119087 0.570819 0.500000
n 294 0 0.141433 0.595544 0.500000
n 295 0 -0.150068 0.567697 0.500000
n 296 0 -0.068155 0.576822 0.500000
n 297 0 0.217204 0.607315 0.500000
n 298 0 -0.156821 0.567044 0.500000
n 299 0 -0.036731 0.579731 0.500000
n 300 0 -0.138030 0.568880 0.500000
n 301 0 0.228673 0.609090 0.500000
n 302 0 0.034525 0.588606 0.500000
n 303 0 0.109981 0.593249 0.500000
n 304 0 0.287549 0.347633 0.500000
n 305 0 0.337919 0.572827 0.500000
n 306 0 0.290318 0.361584 0.500000
n 307 0 0.383908 0.741955 0.500000
n 308 0 0.358281 0.649147 0.500000
n 309 0 0.359084 0.652202 0.500000
n 310 0 0.365333 0.676458 0.500000
n 311 0 0.398224 0.796598 0.500000
n 312 0 0.388644 0.759779 0.500000
n 313 0 0.359703 0.654560 0.500000
n 314 0 0.894857 0.992555 0.500000
n 315 0 1.097350 0.684748 0.500000
n 316 0 0.987473 0.859727 0.500000
n 317 0 0.963202 0.889377 0.500000
n 318 0 1.029823 0.782584 0.500000
n 319 0 1.091954 0.692647 0.500000
n 320 0 1.046190 0.753970 0.500000
n 321 0 0.935220 0.924127 0.500000
n 322 0 0.997339 0.845049 0.500000
n 323 0 1.004795 0.114681 0.500000
n 324 0 1.069243 0.173397 0.500000
n 325 0 1.142558 0.242650 0.500000
n 326 0 1.041153 0.148916 0.500000
n 327 0 0.889948 0.009223 0.500000
n 328 0 1.178377 0.274894 0.500000
n 329 0 0.941296 0.056502 0.500000
n 330 0 0.989939 0.100965 0.500000
n 331 0 1.135928 0.236332 0.500000
n 332 0 0.649943 0.705495 0.500000
n 333 0 0.719462 0.622356 0.500000
n 334 0 0.826813 0.489964 0.500000
n 335 0 0.717522 0.624691 0.500000
n 336 0 0.663838 0.689544 0.500000
n 337 0 0.912188 0.380649 0.500000
n 338 0 0.834770 0.479990 0.500000
n 339 0 0.706817 0.637599 0.500000
n 340 0 0.904935 0.390466 0.500000
n 341 0 0.717658 0.624526 0.500000
n 342 0 0.879583 0.422684 0.500000
n 343 0 0.769378 0.561402 0.500000
n 344 0 0.830738 0.485056 0.500000
n 345 0 0.725049 0.615647 0.500000
n 346 0 0.733404 0.605515 0.500000
n 347 0 0.764358 0.567691 0.500000
n 348 0 0.863128 0.444450 0.500000
n 349 0 0.637433 0.719261 0.500000
n 350 0 0.675317 0.675890 0.500000
n 351 0 0.789555 0.196269 0.500000
n 352 0 0.648096 0.236543 0.500000
n 353 0 0.352485 0.314101 0.500000
n 354 0 0.782419 0.198295 0.500000
n 355 0 0.651643 0.235556 0.500000
n 356 0 0.828668 0.185121 0.500000
n 357 0 0.711082 0.218602 0.500000
n 358 0 0.805944 0.191615 0.500000
n 359 0 0.802337 0.192641 0.500000
n 360 0 0.436338 0.291407 0.500000
n 361 0 0.518978 0.267618 0.500000
n 362 0 0.704770 0.220388 0.500000
n 363 0 0.626058 0.242313 0.500000
n 364 0 0.765178 0.203186 0.500000
n 365 0 0.425870 0.294198 0.500000
n 366 0 0.637001 0.239556 0.500000
n 367 0 0.084258 0.611493 0.500000
n 368 0 0.257581 0.448078 0.500000
n 369 0 0.212547 0.496475 0.500000
n 370 0 0.125096 0.570910 0.500000
n 371 0 -0.069480 0.758833 0.500000
n 372 0 0.165351 0.536850 0.500000
n 373 0 0.007327 0.681761 0.500000
n 374 0 -0.003331 0.691911 0.500000
n 375 0 0.176819 0.526777 0.500000
n 376 0 0.060118 0.635526 0.500000
n 377 0 0.275855 0.425972 0.500000
n 378 0 -0.035006 0.722738 0.500000
n 379 0 0.105437 0.590096 0.500000
n 380 0 1.134716 0.894608 0.500000
n 381 0 1.189082 0.870028 0.500000
n 382 0 1.074940 0.919299 0.500000
n 383 0 1.145189 0.889883 0.500000
n 384 0 1.079793 0.917417 0.500000
n 385 0 0.113813 0.165764 0.500000
n 386 0 0.122029 0.167187 0.500000
n 387 0 0.392041 0.208545 0.500000
n 388 0 0.200581 0.180255 0.500000
n 389 0 0.365531 0.203636 0.500000
n 390 0 0.277655 0.194538 0.500000
n 391 0 0.289025 0.195948 0.500000
n 392 0 0.483502 0.222899 0.500000
n 393 0 0.534039 0.229505 0.500000
n 394 0 0.451022 0.217736 0.500000
n 395 0 0.362768 0.203181 0.500000
n 396 0 0.390011 0.208185 0.500000
n 397 0 0.524855 0.876345 0.500000
n 398 0 0.478742 0.886992 0.500000
n 399 0 0.396034 0.914487 0.500000
n 400 0 0.530989 0.874509 0.500000
n 401 0 0.234284 0.966573 0.500000
n 402 0 0.343802 0.931161 0.500000
n 403 0 0.522119 0.877133 0.500000
n 404 0 0.398246 0.913784 0.500000
n 405 0 0.257943 0.960686 0.500000
n 406 0 0.159267 0.989949 0.500000
n 407 0 0.628287 0.713057 0.500000
n 408 0 0.767318 0.656716 0.500000
n 409 0 0.674690 0.695874 0.500000
n 410 0 0.769264 0.655904 0.500000
n 411 0 0.931803 0.587182 0.500000
n 412 0 0.848291 0.622576 0.500000
n 413 0 0.784584 0.649541 0.500000
n 414 0 0.961422 0.574022 0.500000
n 415 0 0.845746 0.623666 0.500000
n 416 0 1.004189 0.555452 0.500000
n 417 0 0.792785 0.646151 0.500000
n 418 0 0.784044 0.649765 0.500000
n 419 0 0.639316 0.709325 0.500000
n 420 0 0.688880 0.690054 0.500000
n 421 0 1.038168 0.540837 0.500000
n 422 0 0.953120 0.196229 0.500000
n 423 0 1.037863 0.066615 0.500000
n 424 0 0.924258 0.242129 0.500000
n 425 0 0.873254 0.326154 0.500000
n 426 0 0.899071 0.282971 0.500000
n 427 0 1.057739 0.031159 0.500000
n 428 0 0.959073 0.186811 0.500000
n 429 0 0.876091 0.321414 0.500000
n 430 0 0.876585 0.320589 0.500000
n 431 0 0.925980 0.239371 0.500000
n 432 0 0.898403 0.284070 0.500000
n 433 0 0.926102 0.239176 0.500000
n 434 0 1.057622 0.031359 0.500000
n 435 0 0.958564 0.187615 0.500000
n 436 0 0.281795 0.350939 0.500000
n 437 0 0.178925 0.416859 0.500000
n 438 0 0.066533 0.483424 0.500000
n 439 0 -0.068104 0.570074 0.500000
n 440 0 -0.044639 0.554979 0.500000
n 441 0 0.119775 0.452269 0.500000
n 442 0 0.188107 0.410657 0.500000
n 443 0 -0.026327 0.543717 0.500000
n 444 0 0.200353 0.402352 0.500000
n 445 0 0.010105 0.521159 0.500000
n 446 0 0.093013 0.659431 0.500000
n 447 0 0.078613 0.579362 0.500000
n 448 0 0.124549 0.841598 0.500000
n 449 0 0.128703 0.861277 0.500000
n 450 0 0.101093 0.710628 0.500000
n 451 0 0.079711 0.585846 0.500000
n 452 0 0.107176 0.786399 0.500000
n 453 0 0.128584 0.860689 0.500000
n 454 0 0.132858 0.882991 0.500000
n 455 0 0.077176 0.570603 0.500000
n 456 0 0.144639 0.976831 0.500000
n 457 0 0.701019 0.608658 0.500000
n 458 0 0.688789 0.626547 0.500000
n 459 0 0.493174 0.917194 0.500000
n 460 0 0.651197 0.682085 0.500000
n 461 0 0.549349 0.839963 0.500000
n 462 0 0.528407 0.871054 0.500000
n 463 0 0.683914 0.633771 0.500000
n 464 0 0.572899 0.790768 0.500000
n 465 0 0.681020 0.638075 0.500000
n 466 0 0.703278 0.605341 0.500000
n 467 0 0.714771 0.588399 0.500000
n 468 0 0.641962 0.694917 0.500000
n 469 0 0.521175 0.881744 0.500000
n 470 0 0.663817 0.663792 0.500000
n 471 0 0.498956 0.466555 0.500000
n 472 0 0.704300 0.315663 0.500000
n 473 0 0.705227 0.315002 0.500000
n 474 0 0.689473 0.326237 0.500000
n 475 0 0.720004 0.304485 0.500000
n 476 0 0.395152 0.533574 0.500000
n 477 0 0.382144 0.542814 0.500000
n 478 0 0.429770 0.510550 0.500000
n 479 0 0.580176 0.408385 0.500000
n 480 0 0.539248 0.438305 0.500000
n 481 0 1.119982 0.164668 0.500000
n 482 0 0.850911 0.217096 0.500000
n 483 0 0.776894 0.232337 0.500000
n 484 0 1.030547 0.182317 0.500000
n 485 0 0.851253 0.217027 0.500000
n 486 0 0.738040 0.240640 0.500000
n 487 0 0.773906 0.232962 0.500000
n 488 0 0.805325 0.226491 0.500000
n 489 0 0.968527 0.193145 0.500000
n 490 0 0.929351 0.201168 0.500000
n 491 0 0.694585 0.249776 0.500000
n 492 0 0.686502 0.251514 0.500000
n 493 0 0.890118 0.209124 0.500000
n 494 0 0.762445 0.235389 0.500000
n 495 0 0.840477 0.219193 0.500000
n 496 0 0.884599 0.210249 0.500000
n 497 0 0.974577 0.191975 0.500000
n 498 0 0.164873 0.219558 0.500000
n 499 0 0.061914 0.094839 0.500000
n 500 0 0.208480 0.272565 0.500000
n 501 0 0.032425 0.060522 0.500000
n 502 0 0.260873 0.328219 0.500000
n 503 0 0.191011 0.253181 0.500000
n 504 0 0.216751 0.507391 0.500000
n 505 0 0.140647 0.594352 0.500000
n 506 0 0.177820 0.551738 0.500000
n 507 0 0.017496 0.752267 0.500000
n 508 0 0.187152 0.540933 0.500000
n 509 0 0.081823 0.674040 0.500000
n 510 0 0.022358 0.745303 0.500000
n 511 0 0.130555 0.607664 0.500000
n 512 0 -0.029184 0.827428 0.500000
n 513 0 1.151791 0.311456 0.500000
n 514 0 0.783097 0.194134 0.500000
n 515 0 1.091405 0.301134 0.500000
n 516 0 0.999790 0.270401 0.500000
n 517 0 0.851430 0.217276 0.500000
n 518 0 0.799726 0.199649 0.500000
n 519 0 0.803064 0.200767 0.500000
n 520 0 0.987546 0.266547 0.500000
n 521 0 1.067221 0.293243 0.500000
n 522 0 0.925702 0.242624 0.500000
n 523 0 0.933303 0.245252 0.500000
n 524 0 0.766510 0.188663 0.500000
n 525 0 0.841754 0.213904 0.500000
n 526 0 0.871326 0.224170 0.500000
n 527 0 0.194760 0.452326 0.500000
n 528 0 0.259789 0.667588 0.500000
n 529 0 0.324787 0.837526 0.500000
n 530 0 0.255841 0.654343 0.500000
n 531 0 0.175428 0.407587 0.500000
n 532 0 0.182362 0.425826 0.500000
n 533 0 0.278430 0.729972 0.500000
n 534 0 0.277579 0.727256 0.500000
n 535 0 0.722216 0.624362 0.500000
n 536 0 0.589844 0.529554 0.500000
n 537 0 0.768029 0.657227 0.500000
n 538 0 0.749921 0.644216 0.500000
n 539 0 0.463060 0.437996 0.500000
n 540 0 0.720824 0.623349 0.500000
n 541 0 0.684948 0.596716 0.500000
n 542 0 0.575511 0.519517 0.500000
n 543 0 0.659676 0.578428 0.500000
n 544 0 0.585659 0.526614 0.500000
n 545 0 0.537780 0.493206 0.500000
n 546 0 0.703774 0.314921 0.500000
n 547 0 0.881627 0.570165 0.500000
n 548 0 0.754421 0.388760 0.500000
n 549 0 0.657328 0.250138 0.500000
n 550 0 0.867128 0.548659 0.500000
n 551 0 0.707689 0.320483 0.500000
n 552 0 0.837327 0.505180 0.500000
n 553 0 0.876851 0.563066 0.500000
n 554 0 0.791280 0.439973 0.500000
n 555 0 0.682603 0.285843 0.500000
n 556 0 0.655253 0.247108 0.500000
n 557 0 0.820589 0.480988 0.500000
n 558 0 0.752176 0.385569 0.500000
n 559 0 0.792640 0.441829 0.500000
n 560 0 0.805631 0.459685 0.500000
n 561 0 0.641639 0.226904 0.500000
n 562 0 0.383013 0.230062 0.500000
n 563 0 0.404784 0.175271 0.500000
n 564 0 0.431566 0.097560 0.500000
n 565 0 0.418716 0.136806 0.500000
n 566 0 0.383485 0.228924 0.500000
n 567 0 0.832729 0.615698 0.500000
n 568 0 0.567442 0.634986 0.500000
n 569 0 0.804444 0.617933 0.500000
n 570 0 0.847542 0.614403 0.500000
n 571 0 0.654184 0.629019 0.500000
n 572 0 0.471762 0.637704 0.500000
n 573 0 0.411936 0.644612 0.500000
n 574 0 0.376089 0.648373 0.500000
n 575 0 0.717147 0.624717 0.500000
n 576 0 0.835633 0.615447 0.500000
n 577 0 0.463838 0.638354 0.500000
n 578 0 0.741225 0.622948 0.500000
n 579 0 0.752402 0.622077 0.500000
n 580 0 0.652043 0.629189 0.500000
n 581 0 0.564397 0.635156 0.500000
n 582 0 0.381040 0.647793 0.500000
n 583 0 0.631390 0.630943 0.500000
n 584 0 0.764249 0.318882 0.500000
n 585 0 0.684200 0.313890 0.500000
n 586 0 0.933989 0.328735 0.500000
n 587 0 0.838532 0.323562 0.500000
n 588 0 0.711578 0.315366 0.500000
n 589 0 0.815351 0.321857 0.500000
n 590 0 0.508942 0.300462 0.500000
n 591 0 0.853845 0.324658 0.500000
n 592 0 0.901773 0.327634 0.500000
n 593 0 0.756634 0.318406 0.500000
n 594 0 0.817475 0.322006 0.500000
n 595 0 0.107030 0.545245 0.500000
n 596 0 -0.070375 0.751549 0.500000
n 597 0 0.141661 0.510197 0.500000
n 598 0 -0.010429 0.679592 0.500000
n 599 0 -0.008068 0.676919 0.500000
n 600 0 0.153395 0.496709 0.500000
n 601 0 -0.041576 0.715864 0.500000
n 602 0 0.049093 0.615198 0.500000
n 603 0 0.221543 0.415754 0.500000
n 604 0 0.074752 0.584028 0.500000
n 605 0 -0.044244 0.719147 0.500000
n 606 0 0.082652 0.574502 0.500000
n 607 0 1.033291 0.428292 0.500000
n 608 0 1.019232 0.439920 0.500000
n 609 0 0.932797 0.522991 0.500000
n 610 0 0.846477 0.602928 0.500000
n 611 0 0.943217 0.513359 0.500000
n 612 0 0.898481 0.554838 0.500000
n 613 0 1.078365 0.387961 0.500000
n 614 0 1.080612 0.385739 0.500000
n 615 0 0.834233 0.614303 0.500000
n 616 0 1.088079 0.378191 0.500000
n 617 0 0.930223 0.525375 0.500000
n 618 0 0.969853 0.489620 0.500000
n 619 0 0.437227 0.820014 0.500000
n 620 0 0.329969 0.665129 0.500000
n 621 0 0.447621 0.837023 0.500000
n 622 0 0.407337 0.775856 0.500000
n 623 0 0.387966 0.747773 0.500000
n 624 0 0.337450 0.676187 0.500000
n 625 0 0.792043 0.135625 0.500000
n 626 0 0.771545 0.268031 0.500000
n 627 0 0.777543 0.228234 0.500000
n 628 0 0.747151 0.448860 0.500000
n 629 0 0.734387 0.533430 0.500000
n 630 0 0.761008 0.338810 0.500000
n 631 0 0.772098 0.264179 0.500000
n 632 0 0.793100 0.128167 0.500000
n 633 0 0.746774 0.452157 0.500000
n 634 0 0.750437 0.421141 0.500000
n 635 0 0.721652 0.614091 0.500000
n 636 0 0.724456 0.597533 0.500000
n 637 0 0.743553 0.477025 0.500000
n 638 0 0.790965 0.143184 0.500000
n 639 0 0.479198 0.586645 0.500000
n 640 0 0.713171 0.717285 0.500000
n 641 0 0.615926 0.662218 0.500000
n 642 0 0.644795 0.678351 0.500000
n 643 0 0.564757 0.633464 0.500000
n 644 0 0.719027 0.720569 0.500000
n 645 0 0.451161 0.571469 0.500000
n 646 0 0.418619 0.859533 0.500000
n 647 0 0.428962 0.837076 0.500000
n 648 0 0.459960 0.773751 0.500000
n 649 0 0.455672 0.783294 0.500000
n 650 0 0.480888 0.701822 0.500000
n 651 0 0.397952 0.909812 0.500000
n 652 0 0.614689 0.137046 0.500000
n 653 0 0.694180 0.337947 0.500000
n 654 0 0.561816 0.008569 0.500000
n 655 0 0.619610 0.151264 0.500000
n 656 0 0.588193 0.073191 0.500000
n 657 0 0.568390 0.025343 0.500000
n 658 0 0.677817 0.299909 0.500000
n 659 0 0.656191 0.247251 0.500000
n 660 0 0.644805 0.217839 0.500000
n 661 0 0.280223 0.087408 0.500000
n 662 0 0.302941 0.061865 0.500000
n 663 0 0.104438 0.285461 0.500000
n 664 0 0.103276 0.286839 0.500000
n 665 0 0.145847 0.239189 0.500000
n 666 0 0.080637 0.033968 0.500000
n 667 0 0.014241 0.225869 0.500000
n 668 0 -0.003195 0.279790 0.500000
n 669 0 -0.011414 0.306053 0.500000
n 670 0 0.021564 0.206171 0.500000
n 671 0 0.013966 0.397436 0.500000
n 672 0 -0.046778 0.310544 0.500000
n 673 0 -0.018903 0.349690 0.500000
n 674 0 0.166783 0.633234 0.500000
n 675 0 0.276342 0.690277 0.500000
n 676 0 0.357148 0.649791 0.500000
n 677 0 0.444127 0.601638 0.500000
n 678 0 0.405137 0.623063 0.500000
n 679 0 0.379970 0.637009 0.500000
n 680 0 0.675578 0.484120 0.500000
n 681 0 0.625176 0.510983 0.500000
n 682 0 0.640359 0.502824 0.500000
n 683 0 0.584567 0.532318 0.500000
n 684 0 0.380094 0.636940 0.500000
n 685 0 0.374687 0.639948 0.500000
n 686 0 0.819980 0.173313 0.500000
n 687 0 0.797356 0.142742 0.500000
n 688 0 0.990965 0.400668 0.500000
n 689 0 0.921721 0.313781 0.500000
n 690 0 0.941396 0.337594 0.500000
n 691 0 0.752026 0.082084 0.500000
n 692 0 0.900064 0.284326 0.500000
n 693 0 0.776196 0.114467 0.500000
n 694 0 0.772332 0.109312 0.500000
n 695 0 0.843609 0.206218 0.500000
n 696 0 0.862774 0.233130 0.500000
n 697 0 0.799229 0.145254 0.500000
n 698 0 0.604042 0.845153 0.500000
n 699 0 0.843881 0.574446 0.500000
n 700 0 0.776408 0.648274 0.500000
n 701 0 0.841654 0.576926 0.500000
n 702 0 0.819146 0.601855 0.500000
n 703 0 0.899713 0.512452 0.500000
n 704 0 0.782682 0.641560 0.500000
n 705 0 0.779092 0.645406 0.500000
n 706 0 0.623895 0.810535 0.500000
n 707 0 0.714451 0.715905 0.500000
n 708 0 0.933133 0.397706 0.500000
n 709 0 0.756616 0.255640 0.500000
n 710 0 0.629455 0.150186 0.500000
n 711 0 0.813435 0.302432 0.500000
n 712 0 0.897685 0.369775 0.500000
n 713 0 0.947366 0.408759 0.500000
n 714 0 0.841911 0.326386 0.500000
n 715 0 0.811955 0.301190 0.500000
n 716 0 0.706649 0.214978 0.500000
n 717 0 0.765695 0.263172 0.500000
n 718 0 0.760711 0.259029 0.500000
n 719 0 0.820606 0.308470 0.500000
n 720 0 0.659563 0.176136 0.500000
n 721 0 0.929400 0.672268 0.500000
n 722 0 0.933651 0.480674 0.500000
n 723 0 0.933326 0.411944 0.500000
n 724 0 0.928830 0.693273 0.500000
n 725 0 0.932722 0.526429 0.500000
n 726 0 0.928736 0.708407 0.500000
n 727 0 0.939233 0.796615 0.500000
n 728 0 0.802631 0.195898 0.500000
n 729 0 0.860441 0.120145 0.500000
n 730 0 0.619370 0.440631 0.500000
n 731 0 0.752449 0.261065 0.500000
n 732 0 0.830856 0.158877 0.500000
n 733 0 0.643176 0.410459 0.500000
n 734 0 0.761432 0.249334 0.500000
n 735 0 0.865098 0.114152 0.500000
n 736 0 0.834468 0.154088 0.500000
n 737 0 0.349093 0.181620 0.500000
n 738 0 0.325277 0.152309 0.500000
n 739 0 0.258013 0.056069 0.500000
n 740 0 0.327499 0.155155 0.500000
n 741 0 0.364094 0.201613 0.500000
n 742 0 0.383093 0.230184 0.500000
n 743 0 0.625469 0.016944 0.500000
n 744 0 0.720855 0.029874 0.500000
n 745 0 0.591676 0.012632 0.500000
n 746 0 0.767242 0.035684 0.500000
n 747 0 0.664713 0.021884 0.500000
n 748 0 0.777342 0.036848 0.500000
n 749 0 0.710073 0.028423 0.500000
n 750 0 0.292200 0.192171 0.500000
n 751 0 0.527742 0.161549 0.500000
n 752 0 0.468164 0.167387 0.500000
n 753 0 0.671060 0.145566 0.500000
n 754 0 0.384765 0.177364 0.500000
n 755 0 0.399000 0.175922 0.500000
n 756 0 0.317887 0.160793 0.500000
n 757 0 0.435541 0.033109 0.500000
n 758 0 0.401416 0.837797 0.500000
n 759 0 0.387092 0.821418 0.500000
n 760 0 0.392400 0.827323 0.500000
n 761 0 0.347096 0.786421 0.500000
n 762 0 0.293869 0.713145 0.500000
n 763 0 0.505254 0.839050 0.500000
n 764 0 0.245414 0.832075 0.500000
n 765 0 0.468318 0.837359 0.500000
n 766 0 0.171293 0.839502 0.500000
n 767 0 0.380927 0.838930 0.500000
n 768 0 0.145389 0.840296 0.500000
n 769 0 0.529176 0.839544 0.500000
n 770 0 0.393437 0.838280 0.500000
n 771 0 0.844026 0.575990 0.500000
n 772 0 0.829137 0.432602 0.500000
n 773 0 0.848606 0.626003 0.500000
n 774 0 0.816155 0.330069 0.500000
n 775 0 0.813347 0.301609 0.500000
n 776 0 0.809551 0.270063 0.500000
n 777 0 0.796013 0.130537 0.500000
n 778 0 0.835494 0.486948 0.500000
n 779 0 0.815989 0.328397 0.500000
n 780 0 0.831771 0.452706 0.500000
n 781 0 0.797582 0.144843 0.500000
n 782 0 -0.055384 0.016508 0.500000
n 783 0 0.057800 0.031166 0.500000
n 784 0 0.448742 0.759716 0.500000
n 785 0 0.369746 0.665306 0.500000
n 786 0 0.426472 0.732906 0.500000
n 787 0 0.524311 0.865499 0.500000
n 788 0 0.383645 0.681506 0.500000
n 789 0 0.360420 0.653864 0.500000
n 790 0 0.992894 0.680003 0.500000
n 791 0 0.689916 0.634767 0.500000
n 792 0 0.897747 0.667471 0.500000
n 793 0 0.808466 0.653358 0.500000
n 794 0 0.783620 0.649391 0.500000
n 795 0 0.652114 0.628705 0.500000
n 796 0 0.568641 0.615464 0.500000
n 797 0 0.625280 0.624815 0.500000
n 798 0 0.487344 0.217807 0.500000
n 799 0 0.417810 0.317540 0.500000
n 800 0 0.368998 0.498255 0.500000
n 801 0 0.410620 0.555739 0.500000
n 802 0 0.510180 0.697346 0.500000
n 803 0 0.467156 0.631031 0.500000
n 804 0 0.364630 0.492486 0.500000
n 805 0 0.538362 0.744198 0.500000
n 806 0 0.431932 0.585284 0.500000
n 807 0 0.919297 0.893639 0.500000
n 808 0 1.046000 0.816812 0.500000
n 809 0 0.911608 0.897688 0.500000
n 810 0 1.003444 0.849738 0.500000
n 811 0 1.177703 0.850829 0.500000
n 812 0 1.127952 0.861453 0.500000
n 813 0 0.909003 0.894822 0.500000
n 814 0 1.103306 0.867556 0.500000
n 815 0 1.035019 0.879826 0.500000
n 816 0 0.396131 0.593083 0.500000
n 817 0 0.434388 0.713868 0.500000
n 818 0 0.365893 0.488135 0.500000
n 819 0 0.402148 0.613374 0.500000
n 820 0 1.105877 0.286385 0.500000
n 821 0 0.932015 0.169073 0.500000
n 822 0 0.760524 0.056071 0.500000
n 823 0 0.775429 0.065646 0.500000
n 824 0 0.863218 0.122003 0.500000
n 825 0 0.927164 0.165862 0.500000
n 826 0 0.711734 0.023717 0.500000
n 827 0 0.961439 0.188379 0.500000
n 828 0 0.913018 0.416269 0.500000
n 829 0 0.949032 0.533269 0.500000
n 830 0 1.013689 0.742151 0.500000
n 831 0 0.536368 0.224282 0.500000
n 832 0 0.484119 0.386326 0.500000
n 833 0 0.380073 0.636712 0.500000
n 834 0 0.381146 0.633634 0.500000
n 835 0 0.805800 0.590936 0.500000
n 836 0 0.732464 0.619005 0.500000
n 837 0 0.743910 0.614679 0.500000
n 838 0 0.649075 0.650083 0.500000
n 839 0 0.554041 0.684349 0.500000
n 840 0 0.650089 0.649706 0.500000
n 841 0 0.077267 0.386460 0.500000
n 842 0 0.012082 0.301856 0.500000
n 843 0 0.067298 0.373285 0.500000
n 844 0 1.100383 0.381395 0.500000
n 845 0 0.749244 0.448440 0.500000
n 846 0 0.793076 0.439611 0.500000
n 847 0 0.766350 0.558975 0.500000
n 848 0 0.684299 0.491682 0.500000
n 849 0 0.604633 0.426489 0.500000
n 850 0 0.606900 0.428462 0.500000
n 851 0 0.162056 0.821472 0.500000
n 852 0 0.220635 0.935040 0.500000
n 853 0 0.878246 0.321081 0.500000
n 854 0 0.754732 0.339812 0.500000
n 855 0 0.815582 0.330153 0.500000
n 856 0 -0.178414 0.304093 0.500000
n 857 0 0.193060 0.411708 0.500000
n 858 0 0.922184 0.287677 0.500000
n 859 0 0.926004 0.239094 0.500000
n 860 0 0.932748 0.160017 0.500000
n 861 0 0.931103 0.180472 0.500000
n 862 0 0.415938 0.106525 0.500000
n 863 0 0.693652 0.252530 0.500000
n 864 0 0.748372 0.092024 0.500000
n 865 0 0.391161 0.811883 0.500000
n 866 0 0.320499 0.995313 0.500000
n 867 0 0.760466 0.262345 0.500000
n 868 0 0.828005 0.273001 0.500000
n 869 0 0.825169 0.272568 0.500000
n 870 0 0.772199 0.111231 0.500000
n 871 0 0.850755 0.175561 0.500000
n 872 0 0.887651 0.207053 0.500000
n 873 0 0.701209 0.052976 0.500000
n 874 0 0.820818 0.150627 0.500000
n 875 0 0.749043 0.453054 0.500000
n 876 0 0.787351 0.467961 0.500000
n 877 0 0.782680 0.466157 0.500000
n 878 0 0.770495 0.138023 0.500000
n 879 0 0.766280 0.634175 0.500000
n 880 0 0.621443 0.507793 0.500000
n 881 0 0.664821 0.543901 0.500000
n 882 0 0.593970 0.483902 0.500000
n 883 0 0.569989 0.463553 0.500000
n 884 0 0.828996 0.268495 0.500000
n 885 0 0.788051 0.464646 0.500000
n 886 0 0.854475 0.159361 0.500000
n 887 0 0.916841 0.176715 0.500000
n 888 0 0.587604 0.516373 0.500000
n 889 0 0.483492 0.542968 0.500000
n 890 0 0.117159 0.874540 0.500000
n 891 0 0.078190 0.916018 0.500000
n 892 0 0.404942 0.153689 0.500000
n 893 0 0.649253 0.648856 0.500000
n 894 0 0.603643 0.431472 0.500000
n 895 0 0.379910 0.634840 0.500000
n 896 0 0.276343 0.728342 0.500000
