b 862 100 1 1 0 1 0 0
f 0 0.01 0 211 210 208 205 209 203 206 201 213 214 207 200 202 212 204 215 1 
f 1 0.01 2 223 226 227 218 217 228 221 216 220 224 225 222 219 3 
f 2 0.01 4 233 236 237 231 235 230 229 234 232 5 
f 3 0.01 6 252 249 238 240 246 241 244 247 243 251 239 242 248 250 245 7 
f 4 0.01 8 258 256 260 259 254 261 216 263 255 253 257 262 9 
f 5 0.01 10 274 275 267 271 276 278 217 265 277 272 269 264 273 268 266 270 11 
f 6 0.01 12 286 290 279 287 285 291 200 280 284 281 289 288 264 283 282 13 
f 7 0.01 14 297 293 303 292 301 302 304 296 299 294 295 305 229 306 300 298 15 
f 8 0.01 16 313 312 310 311 307 238 315 308 317 314 292 316 309 17 
f 9 0.01 18 325 324 323 322 320 326 319 321 327 328 318 19 
f 10 0.01 20 340 341 331 339 335 342 333 329 338 336 334 330 332 337 343 21 
f 11 0.01 22 349 347 348 345 344 346 23 
f 12 0.01 24 360 357 358 353 359 344 350 351 356 354 355 352 25 
f 13 0.01 26 201 367 366 361 369 368 363 364 365 362 350 27 
f 14 0.01 28 386 375 381 370 384 376 380 382 239 371 373 385 379 378 377 383 374 372 29 
f 15 0.01 30 361 394 395 279 392 387 388 391 389 393 390 31 
f 16 0.01 32 409 411 370 397 406 399 407 400 405 403 398 404 401 396 240 307 408 402 410 33 
f 17 0.01 34 423 413 329 426 420 416 421 412 371 424 414 419 418 415 241 417 396 422 308 425 35 
f 18 0.01 36 437 433 432 427 330 429 428 431 430 436 435 434 37 
f 19 0.01 38 445 443 439 447 453 442 253 265 218 451 440 318 449 438 452 448 446 444 441 450 39 
f 20 0.01 40 459 461 456 455 458 462 454 230 463 460 457 41 
f 21 0.01 42 473 466 467 293 309 470 468 469 471 465 464 472 43 
f 22 0.01 44 477 475 476 481 231 479 454 480 474 294 478 464 45 
f 23 0.01 46 482 483 486 455 484 474 295 487 485 47 
f 24 0.01 48 489 372 331 492 494 490 491 493 495 496 488 49 
f 25 0.01 50 319 498 502 504 506 508 438 503 509 501 488 505 500 507 499 497 51 
f 26 0.01 52 512 510 517 373 412 242 515 516 427 332 514 518 513 219 511 53 
f 27 0.01 54 524 526 529 519 387 527 525 523 530 202 280 522 528 266 521 520 55 
f 28 0.01 56 533 536 535 537 534 531 532 538 57 
f 29 0.01 58 541 542 539 320 545 540 267 254 543 220 544 59 
f 30 0.01 60 550 549 551 548 546 547 552 61 
f 31 0.01 62 553 203 489 374 558 554 559 333 413 557 555 428 556 560 63 
f 32 0.01 64 562 563 268 571 281 564 569 204 573 565 567 388 568 561 572 570 566 574 65 
f 33 0.01 66 582 578 576 579 580 577 531 546 581 584 575 497 583 67 
f 34 0.01 68 586 414 243 595 588 585 594 397 590 375 597 587 596 589 593 598 561 591 519 592 69 
f 35 0.01 70 604 398 605 244 415 310 607 602 603 599 608 600 601 606 71 
f 36 0.01 72 465 296 456 611 615 482 613 614 599 610 205 612 609 73 
f 37 0.01 74 620 622 618 623 619 439 624 625 617 269 616 282 621 562 520 75 
f 38 0.01 76 466 630 626 629 627 399 585 376 628 631 632 77 
f 39 0.01 78 639 636 637 345 362 351 635 633 634 638 232 79 
f 40 0.01 80 641 644 649 643 429 334 245 646 648 416 642 640 647 645 377 609 81 
f 41 0.01 82 297 467 651 650 400 83 
f 42 0.01 84 654 653 655 457 352 656 652 633 657 85 
f 43 0.01 86 346 663 353 662 659 664 626 650 661 658 660 401 417 246 311 87 
f 44 0.01 88 666 665 667 539 668 498 321 669 670 440 89 
f 45 0.01 90 672 532 547 678 674 575 499 676 673 441 675 677 671 91 
f 46 0.01 92 616 283 681 563 521 270 682 206 553 680 679 93 
f 47 0.01 94 363 683 354 652 298 634 684 95 
f 48 0.01 96 689 430 686 533 687 576 685 688 97 
f 49 0.01 98 431 694 696 335 554 640 693 695 378 692 510 586 691 690 99 
f 50 0.01 100 207 522 284 564 700 617 703 699 442 255 704 221 702 271 540 701 322 698 665 697 101 
f 51 0.01 102 247 418 312 690 710 708 707 208 610 679 711 600 709 475 706 705 653 103 
f 52 0.01 104 718 716 587 717 713 715 389 714 712 105 
f 53 0.01 106 721 402 724 611 722 483 720 726 233 725 723 476 719 705 654 107 
f 54 0.01 108 729 641 511 222 730 618 731 727 443 732 712 565 728 523 285 733 109 
f 55 0.01 110 735 737 736 256 323 734 666 697 541 111 
f 56 0.01 112 419 313 691 741 739 738 612 209 680 742 601 740 477 706 719 655 113 
f 57 0.01 114 738 707 210 743 602 613 720 744 458 484 299 478 745 115 
f 58 0.01 116 614 603 743 211 708 739 512 692 379 748 746 642 420 749 747 336 555 117 
f 59 0.01 118 347 364 683 355 656 300 750 234 485 119 
f 60 0.01 120 468 301 314 752 658 604 403 751 588 380 121 
f 61 0.01 122 754 759 685 755 756 577 534 548 758 761 763 500 757 444 760 762 753 123 
f 62 0.01 124 657 635 356 365 348 286 768 765 764 524 766 566 769 767 589 713 125 
f 63 0.01 126 775 774 366 773 777 287 525 771 567 714 776 445 770 772 127 
f 64 0.01 128 780 490 779 778 782 784 501 446 781 783 753 671 129 
f 65 0.01 130 788 502 787 542 667 698 734 785 786 131 
f 66 0.01 132 272 794 257 699 795 447 619 727 770 789 390 792 793 381 590 790 627 791 133 
f 67 0.01 134 357 659 797 636 764 526 796 591 568 391 135 
f 68 0.01 136 802 800 801 686 735 556 643 803 798 513 620 799 137 
f 69 0.01 138 223 621 681 273 288 804 700 569 212 806 728 771 527 392 592 805 765 139 
f 70 0.01 140 785 324 258 736 729 644 798 809 514 337 432 807 808 382 141 
f 71 0.01 142 543 224 810 730 622 799 814 433 807 811 515 248 813 421 746 693 812 645 383 143 
f 72 0.01 144 605 404 660 422 315 249 815 721 459 302 469 145 
f 73 0.01 146 470 316 303 816 661 405 147 
f 74 0.01 148 766 570 819 817 593 715 393 789 772 731 623 544 810 225 259 818 274 149 
f 75 0.01 150 821 694 423 557 338 747 646 250 516 811 808 628 384 594 406 790 820 716 151 
f 76 0.01 152 629 791 407 751 595 251 424 517 385 748 695 812 647 558 339 153 
f 77 0.01 154 826 823 822 549 825 491 824 778 828 503 830 448 829 827 155 
f 78 0.01 156 630 651 816 752 317 425 252 815 408 831 615 722 486 744 832 479 235 833 460 157 
f 79 0.01 158 492 835 340 682 213 834 773 394 836 159 
f 80 0.01 160 723 709 740 606 774 367 834 214 528 571 289 804 161 
f 81 0.01 162 786 325 754 840 578 687 837 535 800 838 434 839 822 550 163 
f 82 0.01 164 823 842 435 841 801 536 837 579 755 688 165 
f 83 0.01 166 844 631 843 409 792 717 596 767 817 845 572 796 529 805 290 349 368 167 
f 84 0.01 168 846 493 824 779 848 449 849 847 504 787 668 326 545 701 275 818 260 169 
f 85 0.01 170 741 710 607 831 724 410 461 304 471 171 
f 86 0.01 172 358 662 850 637 768 173 
f 87 0.01 174 663 359 850 797 851 718 820 386 597 793 411 843 632 175 
f 88 0.01 176 689 436 841 838 802 537 580 756 672 177 
f 89 0.01 178 341 835 494 780 825 846 852 853 505 757 673 179 
f 90 0.01 180 674 854 581 758 551 839 842 826 821 696 342 559 426 749 648 813 181 
f 91 0.01 182 472 745 487 305 480 462 832 855 236 725 608 711 742 775 183 
f 92 0.01 184 759 840 582 737 560 649 803 809 518 343 814 437 844 185 
f 93 0.01 186 261 702 276 858 669 327 788 847 506 857 827 856 781 760 675 450 187 
f 94 0.01 188 583 676 507 859 761 852 495 782 828 848 226 189 
f 95 0.01 190 726 855 237 481 833 463 306 750 638 684 191 
f 96 0.01 192 677 762 783 856 829 860 508 849 328 670 451 227 277 794 262 703 861 624 732 776 193 
f 97 0.01 194 857 860 452 830 509 784 496 853 763 859 584 854 678 552 538 195 
f 98 0.01 196 369 836 395 777 733 291 530 806 573 215 625 861 795 453 263 704 228 278 858 197 
f 99 0.01 198 473 360 664 851 639 574 769 819 845 598 199 
n 0 1 0.754832 0.334557 0
n 1 1 1.18764 0.584917 0
n 2 1 0.0346659 0.739064 0
n 3 1 0.53063 0.675667 0
n 4 1 0.852113 0.246183 0
n 5 2 1.00911 0 0
n 6 1 0.659395 0.129378 0
n 7 1 0.645007 0.629171 0
n 8 1 0.597231 0.958655 0
n 9 1 0.186669 0.67328 0
n 10 1 0.382477 0.88941 0
n 11 1 0.0197819 0.545241 0
n 12 1 0.293435 0.279881 0
n 13 1 0.0626592 0.723438 0
n 14 1 0.595676 0.0495806 0
n 15 1 1.09085 0.118903 0
n 16 1 0.689294 0.430518 0
n 17 2 0.632631 0 0
n 18 1 0.612952 0.986433 0
n 19 1 0.14924 0.799427 0
n 20 1 1.03137 0.626553 0
n 21 1 0.53142 0.633879 0
n 22 1 0.173023 0.359665 0
n 23 2 0.417245 0 0
n 24 1 0.50818 0.0810225 0
n 25 1 0.0265576 0.215337 0
n 26 1 0.0315963 0.496118 0
n 27 1 0.30949 0.0804562 0
n 28 1 0.350844 0.38848 0
n 29 1 0.817372 0.568345 0
n 30 1 0.0104422 0.37904 0
n 31 1 0.461497 0.594793 0
n 32 1 0.396869 0.475206 0
n 33 1 0.739892 0.111427 0
n 34 1 0.684055 0.648227 0
n 35 1 0.652665 0.149213 0
n 36 1 0.455645 0.496873 0
n 37 1 0.784466 0.873538 0
n 38 1 0.268784 0.564951 0
n 39 2 0.0686374 1 0
n 40 1 0.668494 0.07013 0
n 41 1 1.12924 0.264331 0
n 42 1 0.45228 0.0917947 0
n 43 2 0.833876 0 0
n 44 1 0.991143 0.355308 0
n 45 2 0.785123 0 0
n 46 1 0.746973 0.235728 0
n 47 2 0.886012 0 0
n 48 1 0.774436 0.522526 0
n 49 1 1.04076 0.945693 0
n 50 1 0.2561 0.809788 0
n 51 2 -0.0790503 1 0
n 52 1 0.770925 0.439334 0
n 53 1 0.408359 0.783638 0
n 54 1 0.337429 0.323393 0
n 55 1 0.0253366 0.714032 0
n 56 1 0.616496 0.762314 0
n 57 2 0.8347 1 0
n 58 2 0.245801 1 0
n 59 1 0.326987 0.665097 0
n 60 1 0.816987 0.737925 0
n 61 2 0.851268 1 0
n 62 1 0.945744 0.410353 0
n 63 1 0.565456 0.734977 0
n 64 1 0.0611007 0.678042 0
n 65 1 0.381131 0.29388 0
n 66 1 0.619834 0.889827 0
n 67 2 1.00005 1 0
n 68 1 0.729355 0.444039 0
n 69 1 0.230784 0.406269 0
n 70 1 0.616395 0.219006 0
n 71 1 1.08551 0.392017 0
n 72 2 0.743472 0 0
n 73 1 0.830648 0.474194 0
n 74 1 0.524575 0.637831 0
n 75 1 0.0260522 0.67624 0
n 76 1 0.552262 0.0429035 0
n 77 1 0.438821 0.529865 0
n 78 1 0.356865 0.317052 0
n 79 1 -0.0333929 0.00448421 0
n 80 1 0.501203 0.776646 0
n 81 1 0.82844 0.398604 0
n 82 2 0.603087 0 0
n 83 1 0.576071 0.349677 0
n 84 1 0.00666519 0.33321 0
n 85 2 0.203872 7.45058e-09 0
n 86 1 0.222162 0.0175615 0
n 87 1 0.681367 0.215376 0
n 88 2 0.465371 1 0
n 89 1 0.145969 0.77742 0
n 90 2 0.746338 1 0
n 91 1 1.23717 0.954527 0
n 92 1 1.14592 0.681963 0
n 93 1 0.818506 0.304076 0
n 94 1 0.177513 0.322825 0
n 95 2 0.0249001 0 0
n 96 1 0.716607 0.71121 0
n 97 2 0.656057 1 0
n 98 1 0.686706 0.809226 0
n 99 1 0.720248 0.310352 0
n 100 1 0.112933 0.516457 0
n 101 1 0.359928 0.951191 0
n 102 1 0.619887 0.397 0
n 103 1 1.10961 0.296163 0
n 104 1 0.463332 0.205481 0
n 105 1 0.189334 0.623722 0
n 106 1 0.650614 0.0870328 0
n 107 1 1.07076 0.3581 0
n 108 1 0.547486 0.783259 0
n 109 1 0.123378 0.518434 0
n 110 1 0.641881 0.735711 0
n 111 2 0.221661 1 0
n 112 1 0.66382 0.428981 0
n 113 1 1.13835 0.271442 0
n 114 1 0.761637 0.401279 0
n 115 2 0.842369 0 0
n 116 1 0.820615 0.19862 0
n 117 1 0.650721 0.668871 0
n 118 1 0.231308 0.287425 0
n 119 2 -0.137483 0 0
n 120 1 0.656735 0.0260516 0
n 121 1 0.588248 0.521339 0
n 122 1 0.6149 0.914022 0
n 123 1 1.11288 0.958871 0
n 124 1 0.0748565 0.0365455 0
n 125 1 0.344867 0.457371 0
n 126 1 -0.0837593 0.356191 0
n 127 1 0.326742 0.641654 0
n 128 1 -0.119709 0.755224 0
n 129 2 0.15607 1 0
n 130 1 0.16614 0.832778 0
n 131 2 0.580338 1 0
n 132 1 0.185972 0.710395 0
n 133 1 0.51675 0.335447 0
n 134 1 0.463511 0.0916428 0
n 135 1 0.208044 0.521453 0
n 136 1 0.731723 0.861025 0
n 137 1 0.376962 0.508683 0
n 138 1 0.0191629 0.769542 0
n 139 1 0.293968 0.351831 0
n 140 1 0.463302 0.952902 0
n 141 1 0.616755 0.477032 0
n 142 1 0.273864 0.722435 0
n 143 1 0.732149 0.522497 0
n 144 1 0.634292 0.244397 0
n 145 2 0.72569 0 0
n 146 2 0.650144 0 0
n 147 1 0.567812 0.393855 0
n 148 1 0.297611 0.373898 0
n 149 1 0.347191 0.871434 0
n 150 1 0.734027 0.684923 0
n 151 1 0.365495 0.347012 0
n 152 1 0.484418 0.315752 0
n 153 1 0.843522 0.663666 0
n 154 1 0.730043 0.738223 0
n 155 1 1.18895 0.936731 0
n 156 1 0.483707 0.126539 0
n 157 1 0.978917 0.195582 0
n 158 1 0.866415 0.768758 0
n 159 1 1.13299 0.345745 0
n 160 1 -0.119355 0.206594 0
n 161 1 0.131636 0.639033 0
n 162 2 0.567488 1 0
n 163 1 0.850904 0.728608 0
n 164 1 0.776318 0.733659 0
n 165 2 0.635335 1 0
n 166 1 0.555917 0.533046 0
n 167 1 0.111043 0.304821 0
n 168 1 -0.0490511 0.845549 0
n 169 1 0.450942 0.848121 0
n 170 1 0.726875 0.425032 0
n 171 2 0.729066 0 0
n 172 2 0.509168 0 0
n 173 1 0.250589 0.36532 0
n 174 1 0.389966 0.0478971 0
n 175 1 0.447775 0.544544 0
n 176 1 0.703729 0.732919 0
n 177 2 0.748089 1 0
n 178 1 0.853011 0.625346 0
n 179 2 1.05712 1 0
n 180 1 0.887318 0.998224 0
n 181 1 0.658611 0.553597 0
n 182 2 0.814422 0 0
n 183 1 0.937877 0.409785 0
n 184 1 0.666405 0.928697 0
n 185 1 0.465235 0.470951 0
n 186 1 0.272361 0.719031 0
n 187 2 0.066238 1 0
n 188 2 0.952665 1 0
n 189 1 1.07126 0.731834 0
n 190 1 -0.173731 0.252688 0
n 191 2 0.0950449 0 0
n 192 1 0.0920756 0.996603 0
n 193 1 0.262247 0.526452 0
n 194 1 1.21359 0.85889 0
n 195 2 0.832347 1 0
n 196 1 0.0622838 0.333639 0
n 197 1 0.256026 0.794577 0
n 198 2 0.519779 0 0
n 199 1 0.280349 0.433304 0
n 200 0 1.14697 0.561392 0
n 201 0 1.0323 0.495062 0
n 202 0 1.14718 0.561517 0
n 203 0 0.921556 0.431 0
n 204 0 1.1546 0.565806 0
n 205 0 0.810944 0.367015 0
n 206 0 0.935434 0.439028 0
n 207 0 1.1343 0.554063 0
n 208 0 0.799017 0.360116 0
n 209 0 0.825357 0.375353 0
n 210 0 0.772952 0.345039 0
n 211 0 0.768621 0.342533 0
n 212 0 1.15358 0.565219 0
n 213 0 1.03713 0.497855 0
n 214 0 1.05605 0.508797 0
n 215 0 1.16156 0.569833 0
n 216 0 0.242999 0.712434 0
n 217 0 0.201557 0.717731 0
n 218 0 0.198305 0.718147 0
n 219 0 0.520724 0.676933 0
n 220 0 0.317831 0.702868 0
n 221 0 0.225545 0.714665 0
n 222 0 0.401596 0.692161 0
n 223 0 0.0396315 0.738429 0
n 224 0 0.319081 0.702708 0
n 225 0 0.330235 0.701283 0
n 226 0 0.0700673 0.734539 0
n 227 0 0.192599 0.718876 0
n 228 0 0.222596 0.715042 0
n 229 0 0.946196 0.0986524 0
n 230 0 0.901701 0.168425 0
n 231 0 0.891792 0.183964 0
n 232 0 0.992847 0.0255003 0
n 233 0 0.865283 0.225531 0
n 234 0 0.960439 0.0763178 0
n 235 0 0.892101 0.183478 0
n 236 0 0.876886 0.207337 0
n 237 0 0.880447 0.201753 0
n 238 0 0.657648 0.190072 0
n 239 0 0.648631 0.503288 0
n 240 0 0.657393 0.198918 0
n 241 0 0.65689 0.21638 0
n 242 0 0.647086 0.556936 0
n 243 0 0.650508 0.438066 0
n 244 0 0.65639 0.233757 0
n 245 0 0.645562 0.609874 0
n 246 0 0.657219 0.204973 0
n 247 0 0.65188 0.390412 0
n 248 0 0.647008 0.559642 0
n 249 0 0.657901 0.181267 0
n 250 0 0.645732 0.603965 0
n 251 0 0.649427 0.47562 0
n 252 0 0.658774 0.150948 0
n 253 0 0.211126 0.690279 0
n 254 0 0.305055 0.755568 0
n 255 0 0.212059 0.690928 0
n 256 0 0.450056 0.856356 0
n 257 0 0.206534 0.687087 0
n 258 0 0.486309 0.881555 0
n 259 0 0.337921 0.778413 0
n 260 0 0.438113 0.848055 0
n 261 0 0.26565 0.728178 0
n 262 0 0.204593 0.685739 0
n 263 0 0.212625 0.691321 0
n 264 0 0.110556 0.631378 0
n 265 0 0.199427 0.715709 0
n 266 0 0.0996437 0.621023 0
n 267 0 0.293157 0.804652 0
n 268 0 0.104646 0.62577 0
n 269 0 0.147937 0.66685 0
n 270 0 0.0629709 0.586224 0
n 271 0 0.257386 0.770708 0
n 272 0 0.189551 0.706338 0
n 273 0 0.11025 0.631088 0
n 274 0 0.345484 0.854306 0
n 275 0 0.338355 0.847542 0
n 276 0 0.243863 0.757876 0
n 277 0 0.195198 0.711697 0
n 278 0 0.238434 0.752725 0
n 279 0 0.195731 0.467669 0
n 280 0 0.146379 0.562525 0
n 281 0 0.128158 0.597546 0
n 282 0 0.0897693 0.671331 0
n 283 0 0.107382 0.63748 0
n 284 0 0.142903 0.569207 0
n 285 0 0.158054 0.540087 0
n 286 0 0.265471 0.333628 0
n 287 0 0.164067 0.528529 0
n 288 0 0.112438 0.627762 0
n 289 0 0.11842 0.616263 0
n 290 0 0.244767 0.373422 0
n 291 0 0.153078 0.54965 0
n 292 0 0.639973 0.055782 0
n 293 0 0.615961 0.0524204 0
n 294 0 0.833149 0.0828261 0
n 295 0 0.836853 0.0833447 0
n 296 0 0.756732 0.0721279 0
n 297 0 0.599218 0.0500764 0
n 298 0 1.08042 0.117444 0
n 299 0 0.825909 0.0818126 0
n 300 0 0.99849 0.105973 0
n 301 0 0.652384 0.0575195 0
n 302 0 0.701603 0.06441 0
n 303 0 0.638526 0.0555794 0
n 304 0 0.728714 0.0682055 0
n 305 0 0.839649 0.0837361 0
n 306 0 0.98442 0.104004 0
n 307 0 0.658638 0.197598 0
n 308 0 0.653027 0.154967 0
n 309 0 0.638807 0.0469246 0
n 310 0 0.663755 0.236473 0
n 311 0 0.659752 0.206065 0
n 312 0 0.683168 0.38397 0
n 313 0 0.688034 0.420942 0
n 314 0 0.646142 0.102657 0
n 315 0 0.656856 0.18406 0
n 316 0 0.639397 0.0514107 0
n 317 0 0.652381 0.150056 0
n 318 0 0.159086 0.803397 0
n 319 0 0.222383 0.828924 0
n 320 0 0.281494 0.852762 0
n 321 0 0.216436 0.826525 0
n 322 0 0.310696 0.864539 0
n 323 0 0.387681 0.895585 0
n 324 0 0.470956 0.929168 0
n 325 0 0.590931 0.977552 0
n 326 0 0.267647 0.847178 0
n 327 0 0.198737 0.819388 0
n 328 0 0.161635 0.804425 0
n 329 0 0.683012 0.631657 0
n 330 0 0.574694 0.633245 0
n 331 0 0.841657 0.629333 0
n 332 0 0.566605 0.633363 0
n 333 0 0.686553 0.631606 0
n 334 0 0.625983 0.632493 0
n 335 0 0.698661 0.631428 0
n 336 0 0.664066 0.631935 0
n 337 0 0.566342 0.633367 0
n 338 0 0.676046 0.63176 0
n 339 0 0.808585 0.629817 0
n 340 0 0.955327 0.627667 0
n 341 0 0.855076 0.629136 0
n 342 0 0.698646 0.631428 0
n 343 0 0.536804 0.6338 0
n 344 0 0.328134 0.131233 0
n 345 0 0.256527 0.236689 0
n 346 0 0.36387 0.0786057 0
n 347 0 0.225271 0.28272 0
n 348 0 0.229146 0.277013 0
n 349 0 0.18463 0.342571 0
n 350 0 0.26349 0.149261 0
n 351 0 0.177359 0.173281 0
n 352 0 0.0862858 0.19868 0
n 353 0 0.423986 0.104502 0
n 354 0 0.115034 0.190662 0
n 355 0 0.10923 0.192281 0
n 356 0 0.164831 0.176775 0
n 357 0 0.462202 0.0938445 0
n 358 0 0.437958 0.100606 0
n 359 0 0.397417 0.111912 0
n 360 0 0.468966 0.0919584 0
n 361 0 0.0857782 0.415075 0
n 362 0 0.222995 0.209832 0
n 363 0 0.165062 0.296486 0
n 364 0 0.191738 0.256585 0
n 365 0 0.204138 0.238037 0
n 366 0 0.0588463 0.455359 0
n 367 0 0.040745 0.482434 0
n 368 0 0.147117 0.323327 0
n 369 0 0.0923694 0.405216 0
n 370 0 0.444573 0.424616 0
n 371 0 0.675591 0.513683 0
n 372 0 0.798756 0.561168 0
n 373 0 0.687712 0.518356 0
n 374 0 0.778305 0.553283 0
n 375 0 0.437627 0.421939 0
n 376 0 0.461793 0.431255 0
n 377 0 0.715506 0.529072 0
n 378 0 0.705794 0.525327 0
n 379 0 0.702974 0.52424 0
n 380 0 0.593673 0.4821 0
n 381 0 0.439732 0.42275 0
n 382 0 0.612749 0.489455 0
n 383 0 0.716341 0.529394 0
n 384 0 0.454165 0.428315 0
n 385 0 0.697389 0.522087 0
n 386 0 0.43331 0.420274 0
n 387 0 0.214854 0.476816 0
n 388 0 0.224779 0.481564 0
n 389 0 0.268701 0.502573 0
n 390 0 0.339455 0.536417 0
n 391 0 0.230209 0.484161 0
n 392 0 0.212487 0.475684 0
n 393 0 0.312523 0.523534 0
n 394 0 0.0884818 0.416368 0
n 395 0 0.0992147 0.421502 0
n 396 0 0.655892 0.20051 0
n 397 0 0.446466 0.422608 0
n 398 0 0.63276 0.225042 0
n 399 0 0.469497 0.398183 0
n 400 0 0.581501 0.279403 0
n 401 0 0.653282 0.203277 0
n 402 0 0.720425 0.132073 0
n 403 0 0.62861 0.229442 0
n 404 0 0.647295 0.209627 0
n 405 0 0.594653 0.265454 0
n 406 0 0.44715 0.421882 0
n 407 0 0.51724 0.347551 0
n 408 0 0.697531 0.156351 0
n 409 0 0.411965 0.459197 0
n 410 0 0.728429 0.123584 0
n 411 0 0.434998 0.43477 0
n 412 0 0.676552 0.528954 0
n 413 0 0.68319 0.634477 0
n 414 0 0.670932 0.439613 0
n 415 0 0.658021 0.234358 0
n 416 0 0.679198 0.571017 0
n 417 0 0.656143 0.20451 0
n 418 0 0.667633 0.387169 0
n 419 0 0.670132 0.426886 0
n 420 0 0.680218 0.587228 0
n 421 0 0.677642 0.546277 0
n 422 0 0.655145 0.188636 0
n 423 0 0.683446 0.638544 0
n 424 0 0.67474 0.500143 0
n 425 0 0.652721 0.150103 0
n 426 0 0.680818 0.596768 0
n 427 0 0.571084 0.629109 0
n 428 0 0.621638 0.687019 0
n 429 0 0.600121 0.662371 0
n 430 0 0.702305 0.779423 0
n 431 0 0.689682 0.764964 0
n 432 0 0.568624 0.626291 0
n 433 0 0.548108 0.60279 0
n 434 0 0.745803 0.82925 0
n 435 0 0.7333 0.814928 0
n 436 0 0.713602 0.792364 0
n 437 0 0.497899 0.545276 0
n 438 0 0.120825 0.886562 0
n 439 0 0.224623 0.660941 0
n 440 0 0.164951 0.790647 0
n 441 0 0.0829861 0.968811 0
n 442 0 0.211378 0.68973 0
n 443 0 0.252959 0.599348 0
n 444 0 0.0885666 0.956681 0
n 445 0 0.256097 0.592527 0
n 446 0 0.0939878 0.944897 0
n 447 0 0.219199 0.67273 0
n 448 0 0.112882 0.903827 0
n 449 0 0.139248 0.846517 0
n 450 0 0.0726726 0.991229 0
n 451 0 0.172784 0.773622 0
n 452 0 0.11713 0.894594 0
n 453 0 0.211681 0.689074 0
n 454 0 0.876663 0.157872 0
n 455 0 0.809574 0.129594 0
n 456 0 0.763745 0.110278 0
n 457 0 1.06376 0.236734 0
n 458 0 0.815771 0.132206 0
n 459 0 0.695246 0.0814061 0
n 460 0 0.95981 0.192918 0
n 461 0 0.728574 0.0954533 0
n 462 0 0.859848 0.150785 0
n 463 0 0.911502 0.172557 0
n 464 0 0.791091 0.010292 0
n 465 0 0.7473 0.0208261 0
n 466 0 0.546132 0.0692182 0
n 467 0 0.598716 0.0565687 0
n 468 0 0.654366 0.0431818 0
n 469 0 0.714996 0.0285971 0
n 470 0 0.640416 0.0465376 0
n 471 0 0.728936 0.0252439 0
n 472 0 0.815737 0.00436348 0
n 473 0 0.471628 0.0871403 0
n 474 0 0.835137 0.0862547 0
n 475 0 0.973142 0.324263 0
n 476 0 0.946143 0.2777 0
n 477 0 0.974127 0.325963 0
n 478 0 0.827623 0.0732959 0
n 479 0 0.891458 0.183388 0
n 480 0 0.846108 0.105176 0
n 481 0 0.894465 0.188574 0
n 482 0 0.777342 0.18424 0
n 483 0 0.783941 0.173052 0
n 484 0 0.819776 0.112297 0
n 485 0 0.878613 0.0125447 0
n 486 0 0.786478 0.168752 0
n 487 0 0.838626 0.0803396 0
n 488 0 1.03441 0.935605 0
n 489 0 0.788381 0.544682 0
n 490 0 0.972267 0.83686 0
n 491 0 0.977578 0.845298 0
n 492 0 0.897931 0.718747 0
n 493 0 0.977822 0.845687 0
n 494 0 0.942302 0.789248 0
n 495 0 1.00313 0.885896 0
n 496 0 1.02911 0.927174 0
n 497 0 -0.0523135 0.984826 0
n 498 0 0.221002 0.829707 0
n 499 0 -0.044986 0.980667 0
n 500 0 0.00977931 0.949585 0
n 501 0 0.0643657 0.918605 0
n 502 0 0.195036 0.844444 0
n 503 0 0.100127 0.898309 0
n 504 0 0.190914 0.846783 0
n 505 0 0.0249573 0.940971 0
n 506 0 0.169883 0.858719 0
n 507 0 -0.0367065 0.975968 0
n 508 0 0.13477 0.878648 0
n 509 0 0.087067 0.905721 0
n 510 0 0.707528 0.499538 0
n 511 0 0.463791 0.730998 0
n 512 0 0.714181 0.493221 0
n 513 0 0.533833 0.664484 0
n 514 0 0.566227 0.633722 0
n 515 0 0.641881 0.561879 0
n 516 0 0.621225 0.581494 0
n 517 0 0.690655 0.515562 0
n 518 0 0.545443 0.653459 0
n 519 0 0.268909 0.409157 0
n 520 0 0.0574626 0.67382 0
n 521 0 0.0965155 0.624939 0
n 522 0 0.142129 0.567845 0
n 523 0 0.162225 0.542691 0
n 524 0 0.293879 0.377903 0
n 525 0 0.170156 0.532764 0
n 526 0 0.291873 0.380413 0
n 527 0 0.197225 0.498883 0
n 528 0 0.11212 0.605407 0
n 529 0 0.282141 0.392596 0
n 530 0 0.154315 0.552593 0
n 531 0 0.774772 0.934722 0
n 532 0 0.827773 0.992455 0
n 533 0 0.689271 0.841587 0
n 534 0 0.768466 0.927852 0
n 535 0 0.709691 0.86383 0
n 536 0 0.708247 0.862257 0
n 537 0 0.728958 0.884818 0
n 538 0 0.834103 0.99935 0
n 539 0 0.277533 0.869102 0
n 540 0 0.288226 0.82499 0
n 541 0 0.250143 0.982087 0
n 542 0 0.275623 0.876979 0
n 543 0 0.317726 0.703299 0
n 544 0 0.326734 0.666144 0
n 545 0 0.282829 0.847256 0
n 546 0 0.845407 0.955189 0
n 547 0 0.850012 0.990395 0
n 548 0 0.842705 0.934538 0
n 549 0 0.822243 0.778105 0
n 550 0 0.819679 0.758508 0
n 551 0 0.838663 0.903634 0
n 552 0 0.850394 0.99332 0
n 553 0 0.925536 0.427603 0
n 554 0 0.699385 0.620651 0
n 555 0 0.654211 0.659214 0
n 556 0 0.58662 0.716911 0
n 557 0 0.681024 0.636325 0
n 558 0 0.752407 0.57539 0
n 559 0 0.69502 0.624378 0
n 560 0 0.576955 0.725161 0
n 561 0 0.284137 0.410311 0
n 562 0 0.0651082 0.673231 0
n 563 0 0.101014 0.630131 0
n 564 0 0.146497 0.575533 0
n 565 0 0.169876 0.547469 0
n 566 0 0.301387 0.389604 0
n 567 0 0.177735 0.538035 0
n 568 0 0.249118 0.452348 0
n 569 0 0.14793 0.573813 0
n 570 0 0.299413 0.391974 0
n 571 0 0.116016 0.612121 0
n 572 0 0.293879 0.398617 0
n 573 0 0.158102 0.561603 0
n 574 0 0.31062 0.378521 0
n 575 0 0.938587 0.982189 0
n 576 0 0.675759 0.906032 0
n 577 0 0.743217 0.925578 0
n 578 0 0.667975 0.903776 0
n 579 0 0.683837 0.908372 0
n 580 0 0.73535 0.923299 0
n 581 0 0.868645 0.961923 0
n 582 0 0.653625 0.899618 0
n 583 0 0.958048 0.987828 0
n 584 0 0.905989 0.972743 0
n 585 0 0.463507 0.423899 0
n 586 0 0.711352 0.442675 0
n 587 0 0.327016 0.413559 0
n 588 0 0.600288 0.434261 0
n 589 0 0.316233 0.412742 0
n 590 0 0.440271 0.422139 0
n 591 0 0.274536 0.409583 0
n 592 0 0.256855 0.408244 0
n 593 0 0.30137 0.411616 0
n 594 0 0.448075 0.42273 0
n 595 0 0.607286 0.434791 0
n 596 0 0.322309 0.413202 0
n 597 0 0.433467 0.421623 0
n 598 0 0.292696 0.410959 0
n 599 0 0.795905 0.28521 0
n 600 0 0.927357 0.33369 0
n 601 0 0.938487 0.337795 0
n 602 0 0.785743 0.281462 0
n 603 0 0.790104 0.283071 0
n 604 0 0.629391 0.223799 0
n 605 0 0.640467 0.227884 0
n 606 0 0.961782 0.346387 0
n 607 0 0.727725 0.260065 0
n 608 0 0.913401 0.328544 0
n 609 0 0.818799 0.409742 0
n 610 0 0.809287 0.358001 0
n 611 0 0.774121 0.166716 0
n 612 0 0.813218 0.379383 0
n 613 0 0.790693 0.256858 0
n 614 0 0.793688 0.273151 0
n 615 0 0.77418 0.167038 0
n 616 0 0.133774 0.667941 0
n 617 0 0.196263 0.663126 0
n 618 0 0.337652 0.652233 0
n 619 0 0.229963 0.66053 0
n 620 0 0.508263 0.639088 0
n 621 0 0.0834541 0.671818 0
n 622 0 0.455609 0.643145 0
n 623 0 0.325441 0.653174 0
n 624 0 0.213252 0.661817 0
n 625 0 0.200633 0.66279 0
n 626 0 0.527522 0.149103 0
n 627 0 0.472401 0.385718 0
n 628 0 0.461015 0.434595 0
n 629 0 0.487912 0.319137 0
n 630 0 0.531235 0.133166 0
n 631 0 0.45066 0.479047 0
n 632 0 0.443653 0.509126 0
n 633 0 0.125771 0.131963 0
n 634 0 0.0638328 0.0823549 0
n 635 0 0.146975 0.148946 0
n 636 0 0.338348 0.302222 0
n 637 0 0.310844 0.280193 0
n 638 0 0.0333854 0.0579688 0
n 639 0 0.348353 0.310235 0
n 640 0 0.704704 0.541551 0
n 641 0 0.513726 0.762179 0
n 642 0 0.691001 0.557381 0
n 643 0 0.568494 0.698908 0
n 644 0 0.531381 0.741783 0
n 645 0 0.714551 0.530175 0
n 646 0 0.648489 0.606493 0
n 647 0 0.710531 0.534819 0
n 648 0 0.671905 0.579441 0
n 649 0 0.566453 0.701265 0
n 650 0 0.589504 0.175804 0
n 651 0 0.592142 0.141658 0
n 652 0 0.104375 0.168115 0
n 653 0 0.0173477 0.315161 0
n 654 0 0.0137163 0.321297 0
n 655 0 0.01996 0.310747 0
n 656 0 0.0961201 0.182063 0
n 657 0 0.130717 0.123607 0
n 658 0 0.633412 0.194718 0
n 659 0 0.449369 0.115437 0
n 660 0 0.650171 0.201937 0
n 661 0 0.61142 0.185244 0
n 662 0 0.43258 0.108204 0
n 663 0 0.395106 0.0920618 0
n 664 0 0.454719 0.117741 0
n 665 0 0.336724 0.91035 0
n 666 0 0.34976 0.919435 0
n 667 0 0.307036 0.889661 0
n 668 0 0.245912 0.847066 0
n 669 0 0.20126 0.81595 0
n 670 0 0.166285 0.791577 0
n 671 0 1.11734 0.965628 0
n 672 0 0.748063 0.99984 0
n 673 0 1.04218 0.972591 0
n 674 0 0.881777 0.987452 0
n 675 0 1.08957 0.968201 0
n 676 0 0.96148 0.980068 0
n 677 0 1.1028 0.966975 0
n 678 0 0.861064 0.989371 0
n 679 0 0.85676 0.348227 0
n 680 0 0.867998 0.361196 0
n 681 0 1.10662 0.636603 0
n 682 0 1.01577 0.531749 0
n 683 0 0.119632 0.200388 0
n 684 0 0.0464832 0.045655 0
n 685 0 0.672987 0.919253 0
n 686 0 0.693215 0.822779 0
n 687 0 0.678306 0.893883 0
n 688 0 0.669648 0.935176 0
n 689 0 0.70741 0.755078 0
n 690 0 0.71575 0.377261 0
n 691 0 0.713379 0.412528 0
n 692 0 0.706529 0.5144 0
n 693 0 0.705194 0.534257 0
n 694 0 0.697327 0.651272 0
n 695 0 0.705485 0.52993 0
n 696 0 0.698659 0.631453 0
n 697 0 0.343958 0.923084 0
n 698 0 0.330307 0.899057 0
n 699 0 0.208567 0.684782 0
n 700 0 0.146637 0.575779 0
n 701 0 0.30093 0.847349 0
n 702 0 0.247375 0.753088 0
n 703 0 0.206351 0.680882 0
n 704 0 0.213601 0.693641 0
n 705 0 1.00739 0.317212 0
n 706 0 0.989218 0.320953 0
n 707 0 0.768661 0.366367 0
n 708 0 0.759316 0.368291 0
n 709 0 0.951525 0.328714 0
n 710 0 0.727133 0.374917 0
n 711 0 0.915677 0.336095 0
n 712 0 0.219137 0.578229 0
n 713 0 0.321833 0.421471 0
n 714 0 0.22427 0.570395 0
n 715 0 0.304924 0.447281 0
n 716 0 0.368692 0.349943 0
n 717 0 0.326007 0.415099 0
n 718 0 0.41661 0.2768 0
n 719 0 1.00504 0.3157 0
n 720 0 0.804841 0.186536 0
n 721 0 0.684876 0.109137 0
n 722 0 0.77474 0.167116 0
n 723 0 0.907413 0.252713 0
n 724 0 0.728358 0.137191 0
n 725 0 0.886489 0.239213 0
n 726 0 0.859276 0.221656 0
n 727 0 0.272934 0.611821 0
n 728 0 0.166605 0.545426 0
n 729 0 0.522947 0.767937 0
n 730 0 0.377601 0.677178 0
n 731 0 0.324531 0.64404 0
n 732 0 0.239014 0.59064 0
n 733 0 0.145857 0.53247 0
n 734 0 0.361889 0.911807 0
n 735 0 0.619636 0.749702 0
n 736 0 0.505726 0.821343 0
n 737 0 0.594647 0.765418 0
n 738 0 0.762666 0.396165 0
n 739 0 0.747416 0.401228 0
n 740 0 0.953838 0.332699 0
n 741 0 0.726962 0.408018 0
n 742 0 0.918216 0.344525 0
n 743 0 0.779532 0.312334 0
n 744 0 0.80782 0.171727 0
n 745 0 0.831179 0.0556211 0
n 746 0 0.698263 0.537281 0
n 747 0 0.667094 0.623552 0
n 748 0 0.702102 0.526653 0
n 749 0 0.678441 0.592147 0
n 750 0 -0.0103485 0.0990849 0
n 751 0 0.601051 0.42875 0
n 752 0 0.63983 0.148306 0
n 753 0 1.10938 0.958555 0
n 754 0 0.653633 0.91751 0
n 755 0 0.677845 0.919691 0
n 756 0 0.735615 0.924894 0
n 757 0 1.03068 0.951467 0
n 758 0 0.855135 0.935658 0
n 759 0 0.661812 0.918247 0
n 760 0 1.09743 0.957479 0
n 761 0 0.976295 0.94657 0
n 762 0 1.10596 0.958247 0
n 763 0 0.976624 0.946599 0
n 764 0 0.293612 0.377488 0
n 765 0 0.285454 0.364772 0
n 766 0 0.29877 0.385526 0
n 767 0 0.313691 0.408781 0
n 768 0 0.269061 0.339223 0
n 769 0 0.303057 0.392208 0
n 770 0 0.277081 0.60712 0
n 771 0 0.173435 0.535044 0
n 772 0 0.324111 0.639824 0
n 773 0 0.0623678 0.457808 0
n 774 0 0.00214469 0.415929 0
n 775 0 -0.0768144 0.36102 0
n 776 0 0.241904 0.582657 0
n 777 0 0.135995 0.509009 0
n 778 0 -0.0142369 0.848839 0
n 779 0 -0.0177628 0.84571 0
n 780 0 -0.0355306 0.829939 0
n 781 0 0.101664 0.95171 0
n 782 0 0.0100024 0.870353 0
n 783 0 0.106705 0.956185 0
n 784 0 0.0608023 0.915442 0
n 785 0 0.463346 0.952767 0
n 786 0 0.571299 0.996351 0
n 787 0 0.200957 0.846835 0
n 788 0 0.18371 0.839872 0
n 789 0 0.316409 0.56254 0
n 790 0 0.443472 0.41851 0
n 791 0 0.511218 0.341717 0
n 792 0 0.408945 0.457647 0
n 793 0 0.434313 0.428892 0
n 794 0 0.202415 0.691756 0
n 795 0 0.209454 0.683777 0
n 796 0 0.28405 0.393575 0
n 797 0 0.406268 0.187951 0
n 798 0 0.550856 0.681391 0
n 799 0 0.49503 0.625946 0
n 800 0 0.722346 0.851712 0
n 801 0 0.716764 0.846168 0
n 802 0 0.72368 0.853036 0
n 803 0 0.563035 0.693487 0
n 804 0 0.119162 0.617541 0
n 805 0 0.270932 0.386846 0
n 806 0 0.157268 0.559619 0
n 807 0 0.580801 0.588526 0
n 808 0 0.591776 0.554492 0
n 809 0 0.55376 0.672383 0
n 810 0 0.329907 0.697985 0
n 811 0 0.613389 0.574309 0
n 812 0 0.708474 0.532826 0
n 813 0 0.659024 0.554399 0
n 814 0 0.527187 0.611917 0
n 815 0 0.668721 0.152334 0
n 816 0 0.619728 0.145504 0
n 817 0 0.300408 0.401967 0
n 818 0 0.344813 0.847575 0
n 819 0 0.299989 0.39776 0
n 820 0 0.431866 0.407868 0
n 821 0 0.719143 0.671276 0
n 822 0 0.806379 0.771243 0
n 823 0 0.765731 0.75366 0
n 824 0 0.978484 0.84569 0
n 825 0 0.971375 0.842615 0
n 826 0 0.760314 0.751317 0
n 827 0 1.13103 0.911678 0
n 828 0 1.0141 0.861095 0
n 829 0 1.12393 0.908604 0
n 830 0 1.10334 0.899699 0
n 831 0 0.728238 0.160632 0
n 832 0 0.868716 0.180218 0
n 833 0 0.89888 0.184423 0
n 834 0 1.04367 0.487476 0
n 835 0 0.901129 0.713672 0
n 836 0 1.09363 0.408206 0
n 837 0 0.705074 0.868251 0
n 838 0 0.723307 0.850792 0
n 839 0 0.782384 0.794221 0
n 840 0 0.659162 0.912216 0
n 841 0 0.72116 0.837863 0
n 842 0 0.763595 0.757695 0
n 843 0 0.439484 0.473314 0
n 844 0 0.474072 0.491058 0
n 845 0 0.29827 0.40087 0
n 846 0 -0.026965 0.845662 0
n 847 0 0.178686 0.84672 0
n 848 0 0.0208135 0.845908 0
n 849 0 0.146386 0.846554 0
n 850 0 0.402012 0.15139 0
n 851 0 0.407948 0.202384 0
n 852 0 0.999466 0.894178 0
n 853 0 1.0194 0.930767 0
n 854 0 0.879294 0.982624 0
n 855 0 0.876361 0.205594 0
n 856 0 0.114811 0.933789 0
n 857 0 0.153419 0.881163 0
n 858 0 0.241788 0.760704 0
n 859 0 0.976215 0.94675 0
n 860 0 0.130834 0.889522 0
n 861 0 0.207224 0.678471 0
