b 940 100 1 1 0 1 0 0
f 0 0.01 0 215 216 209 208 210 212 218 219 214 211 213 202 205 200 204 203 201 206 207 217 1 
f 1 0.01 2 223 243 230 229 224 237 241 235 239 220 226 225 238 244 231 227 221 228 242 232 234 240 222 233 236 3 
f 2 0.01 4 256 253 260 251 249 252 255 254 250 258 247 257 220 261 246 248 259 245 5 
f 3 0.01 6 265 266 262 263 268 267 264 7 
f 4 0.01 8 278 279 277 281 272 271 276 280 270 275 269 273 274 9 
f 5 0.01 10 295 297 293 289 284 298 285 290 292 283 299 291 288 296 287 294 286 282 11 
f 6 0.01 12 308 245 310 306 305 303 304 301 300 302 200 307 309 13 
f 7 0.01 14 320 319 328 315 316 311 318 330 325 314 246 327 331 326 323 317 313 329 312 322 321 324 15 
f 8 0.01 16 337 333 336 332 334 262 335 17 
f 9 0.01 18 338 349 352 351 348 247 339 350 340 343 221 341 311 353 344 346 347 345 342 19 
f 10 0.01 20 364 354 365 357 366 358 363 362 369 368 361 367 370 359 356 360 201 355 21 
f 11 0.01 22 374 378 373 282 385 386 388 382 383 375 380 379 269 381 371 387 372 384 376 377 23 
f 12 0.01 24 394 396 222 395 401 397 354 402 391 404 399 283 400 390 389 393 398 392 403 25 
f 13 0.01 26 409 408 407 405 406 27 
f 14 0.01 28 420 417 413 414 418 415 338 421 419 412 416 411 410 29 
f 15 0.01 30 436 428 434 432 439 437 427 426 424 422 300 423 425 202 433 429 435 430 431 438 31 
f 16 0.01 32 405 440 444 445 441 443 442 33 
f 17 0.01 34 451 450 447 449 446 448 263 35 
f 18 0.01 36 406 460 461 457 459 284 462 456 454 458 452 389 453 455 37 
f 19 0.01 38 463 471 467 466 464 469 468 472 470 465 39 
f 20 0.01 40 474 476 479 478 480 473 475 477 463 41 
f 21 0.01 42 485 495 312 493 483 482 487 494 223 490 488 481 489 491 486 484 492 270 371 43 
f 22 0.01 44 502 507 224 504 499 313 508 503 505 506 497 501 496 498 301 422 203 355 500 45 
f 23 0.01 46 511 509 516 510 513 517 464 410 372 512 271 514 515 47 
f 24 0.01 48 520 519 473 523 521 518 522 509 49 
f 25 0.01 50 534 446 332 530 528 535 526 536 527 529 533 525 339 531 532 524 225 537 51 
f 26 0.01 52 340 542 524 226 546 314 248 543 540 545 541 538 496 539 423 302 204 544 53 
f 27 0.01 54 249 547 552 548 549 551 333 447 550 55 
f 28 0.01 56 440 554 563 561 558 564 555 557 356 556 424 553 303 538 559 497 562 560 565 57 
f 29 0.01 58 573 570 581 571 575 576 569 572 580 567 568 577 574 452 390 579 578 566 59 
f 30 0.01 60 584 587 596 594 595 589 592 588 582 583 453 593 590 566 591 586 585 61 
f 31 0.01 62 474 264 598 597 63 
f 32 0.01 64 614 601 227 341 599 315 612 604 606 605 607 608 357 600 613 609 610 285 603 454 611 602 567 65 
f 33 0.01 66 616 619 615 553 304 498 539 425 205 618 617 67 
f 34 0.01 68 624 621 620 622 623 69 
f 35 0.01 70 640 637 627 628 638 633 641 639 636 632 625 635 286 373 626 630 634 629 631 71 
f 36 0.01 72 481 648 651 649 643 644 646 652 650 645 625 287 647 642 374 73 
f 37 0.01 74 658 250 660 525 659 228 599 316 661 654 656 657 655 342 358 662 653 75 
f 38 0.01 76 667 407 663 669 554 668 653 666 670 600 665 391 664 77 
f 39 0.01 78 547 251 676 526 675 672 671 674 673 375 79 
f 40 0.01 80 685 663 683 679 687 555 678 359 677 426 615 305 680 686 540 684 688 681 317 499 682 229 81 
f 41 0.01 82 465 689 690 334 448 692 597 691 83 
f 42 0.01 84 696 693 697 518 695 698 466 411 694 376 85 
f 43 0.01 86 706 519 475 467 700 412 377 272 705 701 702 699 703 704 230 87 
f 44 0.01 88 711 713 642 378 626 709 708 710 527 252 714 712 715 707 413 89 
f 45 0.01 90 510 724 719 468 718 716 273 379 643 723 720 627 582 721 717 392 722 91 
f 46 0.01 92 500 206 360 556 677 427 728 725 727 726 729 318 231 601 343 93 
f 47 0.01 94 737 732 469 731 716 274 380 644 733 736 628 455 583 734 393 730 735 568 602 95 
f 48 0.01 96 265 689 528 253 548 741 739 707 414 740 742 738 97 
f 49 0.01 98 747 746 743 752 748 744 749 569 745 751 750 456 603 99 
f 50 0.01 100 557 678 762 756 361 758 428 754 759 344 654 604 319 232 757 394 753 629 755 708 761 760 671 101 
f 51 0.01 102 207 774 679 558 768 770 771 362 763 345 655 767 764 765 605 769 395 233 766 630 709 772 773 103 
f 52 0.01 104 775 620 776 777 476 693 511 105 
f 53 0.01 106 672 782 783 710 779 631 753 396 780 234 320 606 656 346 778 763 363 781 107 
f 54 0.01 108 482 789 321 788 785 208 784 790 787 791 786 743 570 109 
f 55 0.01 110 288 711 664 794 364 397 607 792 764 657 347 778 798 754 800 795 797 725 616 799 306 680 541 559 501 796 793 111 
f 56 0.01 112 209 805 801 804 803 744 802 571 113 
f 57 0.01 114 807 815 814 806 784 813 801 812 572 745 289 810 457 811 809 808 441 115 
f 58 0.01 116 573 746 817 823 818 821 822 806 210 816 819 322 820 483 117 
f 59 0.01 118 828 826 717 398 730 574 458 290 825 824 827 665 365 608 792 765 119 
f 60 0.01 120 832 829 775 621 834 738 833 415 830 831 121 
f 61 0.01 122 718 731 381 275 839 484 836 835 837 699 838 502 840 123 
f 62 0.01 124 429 211 793 485 560 844 503 845 681 323 843 235 841 348 842 658 254 125 
f 63 0.01 126 584 324 847 785 816 212 849 850 807 430 846 848 747 127 
f 64 0.01 128 852 382 858 857 645 632 853 585 291 856 399 824 609 442 851 808 855 854 129 
f 65 0.01 130 470 860 673 383 646 861 633 865 864 586 863 400 292 825 610 859 809 862 131 
f 66 0.01 132 835 866 276 512 384 694 416 700 471 477 520 868 776 622 829 867 133 
f 67 0.01 134 870 869 417 739 872 712 871 255 529 779 755 634 766 236 401 135 
f 68 0.01 136 767 366 874 666 443 851 859 873 459 810 293 137 
f 69 0.01 138 478 521 695 513 878 732 719 472 860 674 852 877 876 385 635 294 647 875 713 794 402 139 
f 70 0.01 140 879 869 880 549 256 530 690 266 335 881 141 
f 71 0.01 142 870 879 740 418 830 349 882 883 277 701 884 514 866 836 486 143 
f 72 0.01 144 307 887 617 885 846 431 888 817 786 889 748 802 575 295 460 886 145 
f 73 0.01 146 587 894 487 682 504 237 892 841 890 257 531 350 659 891 893 147 
f 74 0.01 148 896 488 895 899 720 897 733 861 900 898 636 853 296 875 149 
f 75 0.01 150 667 408 683 561 768 756 367 432 901 902 795 726 325 903 238 542 532 151 
f 76 0.01 152 885 905 433 213 796 562 906 505 684 907 326 904 239 890 153 
f 77 0.01 154 769 240 780 757 909 891 533 660 258 842 351 908 278 882 910 419 155 
f 78 0.01 156 911 913 892 241 843 904 915 327 543 259 308 727 797 914 901 434 758 368 770 912 157 
f 79 0.01 158 883 279 702 515 837 489 648 895 916 637 588 721 734 159 
f 80 0.01 160 917 490 896 703 838 911 908 352 871 714 161 
f 81 0.01 162 696 918 267 598 691 550 919 163 
f 82 0.01 164 922 920 818 921 787 803 749 576 297 461 886 854 444 165 
f 83 0.01 166 847 788 819 923 924 214 435 905 618 887 309 544 167 
f 84 0.01 168 831 715 872 741 420 880 551 336 449 534 692 268 918 169 
f 85 0.01 170 927 589 926 925 826 403 722 735 577 611 750 462 298 873 811 862 855 445 668 171 
f 86 0.01 172 685 669 563 912 781 771 369 436 798 759 353 661 612 328 242 909 893 173 
f 87 0.01 174 662 874 670 613 827 404 856 299 863 928 578 590 930 638 736 897 723 649 929 491 175 
f 88 0.01 176 552 260 535 675 782 760 931 772 876 386 857 650 898 639 864 591 928 579 177 
f 89 0.01 178 804 812 215 933 925 932 592 640 916 899 651 929 839 492 280 387 179 
f 90 0.01 180 676 536 783 761 931 773 877 388 858 652 900 641 865 930 593 181 
f 91 0.01 182 932 926 934 594 935 894 789 820 493 329 936 844 906 506 545 686 310 799 619 728 437 183 
f 92 0.01 184 867 832 623 777 479 697 522 516 881 185 
f 93 0.01 186 917 927 595 934 937 216 805 813 790 938 821 920 939 888 438 848 187 
f 94 0.01 188 913 840 507 704 243 494 935 596 937 933 828 580 751 189 
f 95 0.01 190 919 450 337 742 833 421 910 281 705 884 191 
f 96 0.01 192 330 729 800 902 914 439 370 762 564 687 774 217 409 193 
f 97 0.01 194 581 752 889 791 921 938 822 814 849 218 923 195 
f 98 0.01 196 451 624 834 868 706 480 523 698 517 878 737 724 197 
f 99 0.01 198 614 244 903 537 546 261 915 331 907 688 845 508 936 565 495 924 219 850 815 922 939 823 199 
n 0 1 0.324865 0.191588 0
n 1 1 -0.170771 0.125671 0
n 2 1 1.22688 0.376156 0
n 3 1 0.733278 0.455876 0
n 4 1 0.878276 0.785839 0
n 5 1 0.946155 0.290468 0
n 6 1 0.749316 0.69566 0
n 7 2 0.80412 1 0
n 8 1 0.0477368 0.658212 0
n 9 1 0.533009 0.537752 0
n 10 1 0.356272 0.088929 0
n 11 1 0.680553 0.46951 0
n 12 1 -0.0784546 0.354212 0
n 13 2 0.106735 0 0
n 14 1 -0.210642 0.427462 0
n 15 1 0.259671 0.257742 0
n 16 1 1.13489 0.884944 0
n 17 1 0.652803 0.752298 0
n 18 1 1.09706 0.732291 0
n 19 1 0.772908 0.351597 0
n 20 1 0.700415 0.423989 0
n 21 1 1.04255 0.0593702 0
n 22 1 0.725982 0.446927 0
n 23 1 0.262584 0.63471 0
n 24 1 0.818418 0.474318 0
n 25 1 0.363922 0.265909 0
n 26 1 0.952113 0.0357821 0
n 27 1 0.452168 0.0283891 0
n 28 1 -0.0901069 0.77757 0
n 29 1 0.394874 0.655942 0
n 30 1 -0.203874 0.327977 0
n 31 1 0.22522 0.0713091 0
n 32 2 0.692593 0 0
n 33 1 0.603043 0.302303 0
n 34 1 1.21754 0.970988 0
n 35 1 0.748939 0.796588 0
n 36 2 0.583438 0 0
n 37 1 0.45063 0.397885 0
n 38 1 0.251521 0.722255 0
n 39 1 0.741815 0.624213 0
n 40 2 0.648967 1 0
n 41 1 0.302863 0.704397 0
n 42 1 0.0514567 0.230323 0
n 43 1 0.405729 0.583156 0
n 44 1 0.0999196 0.506855 0
n 45 1 -0.0746758 0.0383297 0
n 46 1 0.616256 0.866814 0
n 47 1 0.240561 0.536884 0
n 48 1 0.197456 0.729429 0
n 49 1 0.684224 0.843696 0
n 50 1 0.814374 0.871427 0
n 51 1 0.921891 0.383124 0
n 52 1 0.887942 0.487316 0
n 53 1 1.07664 0.0242914 0
n 54 1 0.893847 0.6637 0
n 55 2 0.911345 1 0
n 56 1 0.6493 0.0704674 0
n 57 1 1.09366 0.299693 0
n 58 1 0.267422 0.0281106 0
n 59 1 0.566753 0.428611 0
n 60 1 0.168145 0.295566 0
n 61 1 0.643952 0.449212 0
n 62 2 0.565606 1 0
n 63 1 0.879867 0.906244 0
n 64 1 0.891422 0.447592 0
n 65 1 0.42893 0.25759 0
n 66 1 -0.0629068 0.298821 0
n 67 2 0.152449 0 0
n 68 1 0.182325 0.93254 0
n 69 2 0.425906 1 0
n 70 1 0.32273 0.420831 0
n 71 1 0.819507 0.477513 0
n 72 1 0.204949 0.477059 0
n 73 1 0.704519 0.456332 0
n 74 1 0.96589 0.617654 0
n 75 1 0.672544 0.212749 0
n 76 2 0.765249 0 0
n 77 1 0.689596 0.430708 0
n 78 1 0.927939 0.694321 0
n 79 1 0.474667 0.483267 0
n 80 1 0.732429 0.0535509 0
n 81 1 1.09112 0.401892 0
n 82 1 0.731274 0.62041 0
n 83 2 0.850657 1 0
n 84 1 0.640334 0.949664 0
n 85 1 0.275404 0.607866 0
n 86 1 0.374516 0.807972 0
n 87 1 0.111432 0.382782 0
n 88 1 0.655844 0.420751 0
n 89 1 1.01338 0.770274 0
n 90 1 0.494907 0.764758 0
n 91 1 0.416552 0.270936 0
n 92 2 0.972361 0 0
n 93 1 0.865041 0.466813 0
n 94 1 0.471176 0.732748 0
n 95 1 0.445419 0.233412 0
n 96 1 0.682358 0.744748 0
n 97 1 1.18211 0.760617 0
n 98 2 0.211798 0 0
n 99 1 0.552862 0.321444 0
n 100 1 0.880273 0.136191 0
n 101 1 0.753228 0.619782 0
n 102 1 0.855247 0.0845625 0
n 103 1 0.734416 0.569743 0
n 104 2 0.253951 1 0
n 105 1 0.568398 0.819165 0
n 106 1 0.800548 0.726029 0
n 107 1 0.788169 0.226182 0
n 108 1 0.105785 0.368018 0
n 109 2 0.292746 0 0
n 110 1 0.646497 0.452805 0
n 111 1 1.08338 0.209625 0
n 112 1 0.206456 0.201873 0
n 113 2 0.397471 0 0
n 114 1 0.154062 0.118262 0
n 115 1 0.636979 0.247843 0
n 116 2 0.282395 0 0
n 117 1 0.122799 0.323927 0
n 118 1 0.302785 0.259908 0
n 119 1 0.783223 0.398397 0
n 120 1 0.337167 0.999858 0
n 121 1 -0.012425 0.642387 0
n 122 1 0.521173 0.586206 0
n 123 1 0.0367825 0.462245 0
n 124 1 1.09408 0.137842 0
n 125 1 0.89989 0.598593 0
n 126 1 0.168395 0.31294 0
n 127 2 0.213444 0 0
n 128 1 0.630962 0.540446 0
n 129 1 0.584976 0.0425655 0
n 130 1 0.570448 0.675523 0
n 131 1 0.594369 0.176095 0
n 132 1 0.312099 0.524765 0
n 133 2 0.310699 1 0
n 134 1 1.02453 0.815822 0
n 135 1 0.720392 0.418961 0
n 136 1 0.785612 0.372463 0
n 137 1 0.3521 0.123332 0
n 138 1 0.411229 0.80034 0
n 139 1 0.713902 0.402359 0
n 140 1 1.02596 0.784763 0
n 141 1 0.526271 0.767026 0
n 142 1 -0.0364046 0.820236 0
n 143 1 0.358489 0.513545 0
n 144 1 0.0667616 0.075952 0
n 145 1 0.565837 0.10634 0
n 146 1 0.274174 0.292061 0
n 147 1 -0.169622 0.522375 0
n 148 1 0.180485 0.466676 0
n 149 1 0.680299 0.453037 0
n 150 2 0.750198 0 0
n 151 1 0.922373 0.45909 0
n 152 1 0.125182 0.0618881 0
n 153 1 -0.0760723 0.519596 0
n 154 1 0.752197 0.420586 0
n 155 1 1.15104 0.722124 0
n 156 1 1.10396 0.529913 0
n 157 1 0.744 0.182881 0
n 158 1 0.145994 0.698983 0
n 159 1 0.466362 0.315102 0
n 160 1 0.306042 0.369948 0
n 161 1 -0.0870071 0.678998 0
n 162 1 0.581436 0.926111 0
n 163 1 1.08134 0.935925 0
n 164 1 0.198821 0.111595 0
n 165 1 0.698741 0.102692 0
n 166 1 0.184833 0.243302 0
n 167 2 0.0401822 1.86265e-09 0
n 168 1 1.05492 0.705658 0
n 169 1 0.6284 0.966577 0
n 170 1 0.273889 0.341324 0
n 171 1 0.745408 0.174981 0
n 172 1 0.742967 0.0619019 0
n 173 1 0.845204 0.551338 0
n 174 1 0.775729 0.320191 0
n 175 1 0.316166 0.517173 0
n 176 1 0.908782 0.71685 0
n 177 1 0.532064 0.38809 0
n 178 1 0.260618 0.134386 0
n 179 1 0.389643 0.617452 0
n 180 1 0.885534 0.680712 0
n 181 1 0.487569 0.378018 0
n 182 1 0.381296 0.349617 0
n 183 1 -0.111515 0.265133 0
n 184 2 0.29065 1 0
n 185 1 0.567778 0.744306 0
n 186 1 0.318026 0.433433 0
n 187 2 0.195883 0 0
n 188 1 0.0351405 0.495293 0
n 189 1 0.444872 0.208727 0
n 190 1 -0.090044 0.939095 0
n 191 1 0.263016 0.585048 0
n 192 1 0.886003 0.413141 0
n 193 2 0.813852 0 0
n 194 2 0.340763 0 0
n 195 1 0.123327 0.228447 0
n 196 2 0.144664 1 0
n 197 1 0.48954 0.708284 0
n 198 1 -0.114456 0.451521 0
n 199 1 0.237813 0.0966881 0
n 200 0 0.0272615 0.152008 0
n 201 0 -0.0364306 0.143538 0
n 202 0 0.0788402 0.158868 0
n 203 0 -0.03542 0.143672 0
n 204 0 0.0247308 0.151672 0
n 205 0 0.0415312 0.153906 0
n 206 0 -0.0599203 0.140414 0
n 207 0 -0.155496 0.127703 0
n 208 0 0.203608 0.175461 0
n 209 0 0.228335 0.17875 0
n 210 0 0.196418 0.174505 0
n 211 0 0.0848759 0.159671 0
n 212 0 0.188475 0.173449 0
n 213 0 0.0823356 0.159333 0
n 214 0 0.139425 0.166925 0
n 215 0 0.274093 0.184835 0
n 216 0 0.246953 0.181226 0
n 217 0 -0.164044 0.126566 0
n 218 0 0.177113 0.171938 0
n 219 0 0.164741 0.170292 0
n 220 0 0.927794 0.42446 0
n 221 0 0.846173 0.437643 0
n 222 0 0.766499 0.45051 0
n 223 0 1.20193 0.380185 0
n 224 0 1.06119 0.402916 0
n 225 0 0.912236 0.426973 0
n 226 0 0.912555 0.426921 0
n 227 0 0.861269 0.435204 0
n 228 0 0.836596 0.439189 0
n 229 0 1.08775 0.398626 0
n 230 0 1.11819 0.39371 0
n 231 0 0.872734 0.433353 0
n 232 0 0.79908 0.445248 0
n 233 0 0.76401 0.450912 0
n 234 0 0.793616 0.446131 0
n 235 0 0.976601 0.416577 0
n 236 0 0.746986 0.453662 0
n 237 0 1.06028 0.403062 0
n 238 0 0.910437 0.427264 0
n 239 0 0.968661 0.41786 0
n 240 0 0.787328 0.447146 0
n 241 0 0.984994 0.415222 0
n 242 0 0.822261 0.441504 0
n 243 0 1.19906 0.380649 0
n 244 0 0.909471 0.42742 0
n 245 0 0.943059 0.313064 0
n 246 0 0.934563 0.375062 0
n 247 0 0.914924 0.518386 0
n 248 0 0.935006 0.371834 0
n 249 0 0.894167 0.669864 0
n 250 0 0.911591 0.542706 0
n 251 0 0.893042 0.678073 0
n 252 0 0.896117 0.655637 0
n 253 0 0.883033 0.75112 0
n 254 0 0.905881 0.584378 0
n 255 0 0.896975 0.649377 0
n 256 0 0.879137 0.779551 0
n 257 0 0.920808 0.475445 0
n 258 0 0.911792 0.541245 0
n 259 0 0.935587 0.367589 0
n 260 0 0.889978 0.700439 0
n 261 0 0.930258 0.406481 0
n 262 0 0.765078 0.783191 0
n 263 0 0.768823 0.803989 0
n 264 0 0.79196 0.93247 0
n 265 0 0.758591 0.747169 0
n 266 0 0.763684 0.775453 0
n 267 0 0.791557 0.930236 0
n 268 0 0.781262 0.873066 0
n 269 0 0.452584 0.557716 0
n 270 0 0.39463 0.572102 0
n 271 0 0.30578 0.594158 0
n 272 0 0.250682 0.607835 0
n 273 0 0.461697 0.555454 0
n 274 0 0.462027 0.555372 0
n 275 0 0.430889 0.563102 0
n 276 0 0.311899 0.592639 0
n 277 0 0.230693 0.612796 0
n 278 0 0.0618645 0.654705 0
n 279 0 0.214583 0.616795 0
n 280 0 0.378594 0.576083 0
n 281 0 0.236875 0.611262 0
n 282 0 0.677909 0.466408 0
n 283 0 0.598868 0.373643 0
n 284 0 0.498169 0.255461 0
n 285 0 0.53825 0.302501 0
n 286 0 0.673142 0.460813 0
n 287 0 0.670526 0.457742 0
n 288 0 0.659942 0.445321 0
n 289 0 0.448609 0.197297 0
n 290 0 0.566804 0.336013 0
n 291 0 0.617585 0.39561 0
n 292 0 0.58565 0.35813 0
n 293 0 0.417715 0.161039 0
n 294 0 0.67119 0.458521 0
n 295 0 0.360451 0.0938342 0
n 296 0 0.66683 0.453405 0
n 297 0 0.372943 0.108494 0
n 298 0 0.502585 0.260645 0
n 299 0 0.61282 0.390018 0
n 300 0 -0.00142694 0.206881 0
n 301 0 -0.00752144 0.218538 0
n 302 0 0.0151621 0.175151 0
n 303 0 -0.0194463 0.241347 0
n 304 0 -0.0140571 0.231039 0
n 305 0 -0.0378837 0.276612 0
n 306 0 -0.0382593 0.27733 0
n 307 0 0.0670172 0.0759676 0
n 308 0 -0.0783988 0.354105 0
n 309 0 0.075594 0.0595626 0
n 310 0 -0.0384326 0.277662 0
n 311 0 -0.173812 0.414171 0
n 312 0 0.127044 0.305603 0
n 313 0 0.037028 0.338086 0
n 314 0 -0.066461 0.375432 0
n 315 0 -0.182392 0.417267 0
n 316 0 -0.17993 0.416379 0
n 317 0 0.0285624 0.341141 0
n 318 0 -0.118247 0.39412 0
n 319 0 -0.194739 0.421723 0
n 320 0 -0.20688 0.426104 0
n 321 0 0.139839 0.300985 0
n 322 0 0.132861 0.303503 0
n 323 0 0.00477692 0.349725 0
n 324 0 0.171775 0.289461 0
n 325 0 -0.103931 0.388954 0
n 326 0 -0.00254078 0.352365 0
n 327 0 -0.0590515 0.372758 0
n 328 0 -0.182773 0.417405 0
n 329 0 0.126241 0.305892 0
n 330 0 -0.117374 0.393805 0
n 331 0 -0.0235407 0.359943 0
n 332 0 0.829877 0.80102 0
n 333 0 0.902024 0.820872 0
n 334 0 0.784117 0.788429 0
n 335 0 0.732998 0.774364 0
n 336 0 0.877579 0.814145 0
n 337 0 1.00076 0.848038 0
n 338 0 1.09589 0.730923 0
n 339 0 0.896796 0.497096 0
n 340 0 0.888112 0.486897 0
n 341 0 0.834859 0.424354 0
n 342 0 0.774439 0.353395 0
n 343 0 0.86631 0.461292 0
n 344 0 0.811711 0.397169 0
n 345 0 0.78516 0.365987 0
n 346 0 0.791825 0.373814 0
n 347 0 0.790726 0.372523 0
n 348 0 0.927479 0.533132 0
n 349 0 1.08901 0.722836 0
n 350 0 0.891369 0.490723 0
n 351 0 0.975216 0.589196 0
n 352 0 0.996064 0.61368 0
n 353 0 0.813419 0.399175 0
n 354 0 0.702896 0.421345 0
n 355 0 0.964257 0.142805 0
n 356 0 0.907267 0.203541 0
n 357 0 0.737574 0.384388 0
n 358 0 0.771048 0.348714 0
n 359 0 0.897544 0.213903 0
n 360 0 0.931506 0.177709 0
n 361 0 0.845203 0.269684 0
n 362 0 0.796115 0.321998 0
n 363 0 0.790685 0.327785 0
n 364 0 0.702766 0.421484 0
n 365 0 0.736946 0.385057 0
n 366 0 0.761672 0.358705 0
n 367 0 0.849587 0.265012 0
n 368 0 0.839899 0.275337 0
n 369 0 0.797083 0.320968 0
n 370 0 0.858479 0.255536 0
n 371 0 0.401124 0.578569 0
n 372 0 0.323738 0.609928 0
n 373 0 0.687635 0.462466 0
n 374 0 0.702574 0.456413 0
n 375 0 0.549881 0.518288 0
n 376 0 0.291537 0.622977 0
n 377 0 0.266363 0.633178 0
n 378 0 0.695327 0.459349 0
n 379 0 0.461483 0.55411 0
n 380 0 0.461952 0.55392 0
n 381 0 0.436041 0.56442 0
n 382 0 0.626064 0.487417 0
n 383 0 0.578535 0.506677 0
n 384 0 0.311834 0.614752 0
n 385 0 0.659527 0.473857 0
n 386 0 0.639597 0.481933 0
n 387 0 0.381394 0.586565 0
n 388 0 0.629545 0.486006 0
n 389 0 0.477324 0.31791 0
n 390 0 0.487504 0.322578 0
n 391 0 0.692109 0.416399 0
n 392 0 0.419821 0.291542 0
n 393 0 0.44911 0.304972 0
n 394 0 0.794344 0.463279 0
n 395 0 0.764355 0.449527 0
n 396 0 0.794037 0.463138 0
n 397 0 0.702961 0.421375 0
n 398 0 0.432169 0.297204 0
n 399 0 0.616294 0.381634 0
n 400 0 0.585207 0.367379 0
n 401 0 0.73269 0.435007 0
n 402 0 0.700351 0.420178 0
n 403 0 0.417727 0.290581 0
n 404 0 0.624066 0.385198 0
n 405 0 0.683172 0.0318051 0
n 406 0 0.573364 0.0301813 0
n 407 0 0.759464 0.0329333 0
n 408 0 0.762566 0.0329791 0
n 409 0 0.819759 0.0338249 0
n 410 0 0.380298 0.659598 0
n 411 0 0.341126 0.669422 0
n 412 0 0.295819 0.680784 0
n 413 0 -0.00180722 0.755425 0
n 414 0 0.000486717 0.75485 0
n 415 0 0.0784404 0.7353 0
n 416 0 0.311651 0.676814 0
n 417 0 -0.018538 0.759621 0
n 418 0 0.0703431 0.737331 0
n 419 0 0.146043 0.718346 0
n 420 0 -0.0435411 0.765892 0
n 421 0 0.124769 0.723682 0
n 422 0 -0.00996278 0.211987 0
n 423 0 0.00340994 0.203988 0
n 424 0 -0.0407091 0.230378 0
n 425 0 0.00697514 0.201855 0
n 426 0 -0.0684219 0.246955 0
n 427 0 -0.0869636 0.258046 0
n 428 0 -0.163816 0.304016 0
n 429 0 0.0873628 0.15377 0
n 430 0 0.201102 0.0857356 0
n 431 0 0.203535 0.0842799 0
n 432 0 -0.140921 0.290321 0
n 433 0 0.0838604 0.155865 0
n 434 0 -0.143166 0.291664 0
n 435 0 0.119998 0.134249 0
n 436 0 -0.201722 0.32669 0
n 437 0 -0.101642 0.266826 0
n 438 0 0.217312 0.0760396 0
n 439 0 -0.135964 0.287356 0
n 440 0 0.668747 0.0804996 0
n 441 0 0.620487 0.243417 0
n 442 0 0.607559 0.287059 0
n 443 0 0.611842 0.272601 0
n 444 0 0.661979 0.103346 0
n 445 0 0.628547 0.216208 0
n 446 0 0.824648 0.824765 0
n 447 0 0.903759 0.854208 0
n 448 0 0.791687 0.812498 0
n 449 0 0.846764 0.832996 0
n 450 0 0.970016 0.878867 0
n 451 0 1.19075 0.961018 0
n 452 0 0.47939 0.311721 0
n 453 0 0.453974 0.387865 0
n 454 0 0.489194 0.282348 0
n 455 0 0.453465 0.38939 0
n 456 0 0.494503 0.266443 0
n 457 0 0.511913 0.214284 0
n 458 0 0.479665 0.310895 0
n 459 0 0.511664 0.21503 0
n 460 0 0.5483 0.105272 0
n 461 0 0.548266 0.105372 0
n 462 0 0.495618 0.263103 0
n 463 0 0.310065 0.710548 0
n 464 0 0.414528 0.689659 0
n 465 0 0.733023 0.625971 0
n 466 0 0.371845 0.698194 0
n 467 0 0.313776 0.709806 0
n 468 0 0.480886 0.67639 0
n 469 0 0.468398 0.678887 0
n 470 0 0.571272 0.658316 0
n 471 0 0.311552 0.71025 0
n 472 0 0.50991 0.670586 0
n 473 0 0.383232 0.773039 0
n 474 0 0.627387 0.981569 0
n 475 0 0.31891 0.718102 0
n 476 0 0.490016 0.864242 0
n 477 0 0.311548 0.711814 0
n 478 0 0.412791 0.798285 0
n 479 0 0.462894 0.841077 0
n 480 0 0.398036 0.785683 0
n 481 0 0.295431 0.473305 0
n 482 0 0.133983 0.312513 0
n 483 0 0.130253 0.308798 0
n 484 0 0.369929 0.547501 0
n 485 0 0.0540224 0.232878 0
n 486 0 0.34576 0.523431 0
n 487 0 0.168507 0.346898 0
n 488 0 0.285886 0.4638 0
n 489 0 0.316675 0.494464 0
n 490 0 0.242119 0.42021 0
n 491 0 0.332463 0.510187 0
n 492 0 0.371333 0.5489 0
n 493 0 0.127562 0.306119 0
n 494 0 0.201019 0.379278 0
n 495 0 0.0784522 0.257208 0
n 496 0 -0.00513254 0.224949 0
n 497 0 0.00583876 0.25439 0
n 498 0 -0.00667841 0.2208 0
n 499 0 0.0436134 0.355758 0
n 500 0 -0.0510356 0.101768 0
n 501 0 0.00534312 0.25306 0
n 502 0 0.088199 0.475403 0
n 503 0 0.0241954 0.30365 0
n 504 0 0.061086 0.402646 0
n 505 0 0.0217568 0.297106 0
n 506 0 0.018124 0.287358 0
n 507 0 0.0831088 0.461744 0
n 508 0 0.0264199 0.309619 0
n 509 0 0.55553 0.813486 0
n 510 0 0.494075 0.759517 0
n 511 0 0.56453 0.821389 0
n 512 0 0.311879 0.599514 0
n 513 0 0.463018 0.732243 0
n 514 0 0.281804 0.573102 0
n 515 0 0.264055 0.557516 0
n 516 0 0.52339 0.78526 0
n 517 0 0.462133 0.731466 0
n 518 0 0.474673 0.794505 0
n 519 0 0.347748 0.764709 0
n 520 0 0.311417 0.756181 0
n 521 0 0.424605 0.782751 0
n 522 0 0.505522 0.801746 0
n 523 0 0.406521 0.778506 0
n 524 0 0.911886 0.428562 0
n 525 0 0.892543 0.516413 0
n 526 0 0.860304 0.662829 0
n 527 0 0.86795 0.628103 0
n 528 0 0.841157 0.74979 0
n 529 0 0.870789 0.615209 0
n 530 0 0.834949 0.777983 0
n 531 0 0.89908 0.486721 0
n 532 0 0.91153 0.430179 0
n 533 0 0.890602 0.525225 0
n 534 0 0.819111 0.849912 0
n 535 0 0.858141 0.672655 0
n 536 0 0.860551 0.66171 0
n 537 0 0.912898 0.423967 0
n 538 0 0.986859 0.244599 0
n 539 0 1.00077 0.210465 0
n 540 0 0.970496 0.28475 0
n 541 0 0.976976 0.26885 0
n 542 0 0.911385 0.429792 0
n 543 0 0.936411 0.368384 0
n 544 0 1.06769 0.0462654 0
n 545 0 0.972613 0.279555 0
n 546 0 0.914358 0.422496 0
n 547 0 0.894633 0.678813 0
n 548 0 0.898421 0.75161 0
n 549 0 0.899913 0.780289 0
n 550 0 0.907833 0.932518 0
n 551 0 0.900931 0.79986 0
n 552 0 0.896033 0.705724 0
n 553 0 0.979067 0.24058 0
n 554 0 0.744266 0.119457 0
n 555 0 0.86377 0.181103 0
n 556 0 0.923627 0.21198 0
n 557 0 0.867913 0.18324 0
n 558 0 0.834912 0.166216 0
n 559 0 1.00434 0.253618 0
n 560 0 1.03797 0.270965 0
n 561 0 0.807167 0.151904 0
n 562 0 1.03412 0.268981 0
n 563 0 0.756284 0.125656 0
n 564 0 0.843669 0.170734 0
n 565 0 1.05571 0.280116 0
n 566 0 0.562489 0.422906 0
n 567 0 0.443365 0.26352 0
n 568 0 0.44724 0.268704 0
n 569 0 0.328895 0.110361 0
n 570 0 0.273996 0.036907 0
n 571 0 0.313075 0.0891935 0
n 572 0 0.380139 0.178925 0
n 573 0 0.268099 0.0290165 0
n 574 0 0.478528 0.310567 0
n 575 0 0.31445 0.0910333 0
n 576 0 0.328097 0.109293 0
n 577 0 0.454021 0.277777 0
n 578 0 0.556085 0.414337 0
n 579 0 0.544727 0.39914 0
n 580 0 0.416989 0.228229 0
n 581 0 0.287913 0.055527 0
n 582 0 0.434086 0.381443 0
n 583 0 0.453376 0.387672 0
n 584 0 0.170774 0.296415 0
n 585 0 0.621877 0.442083 0
n 586 0 0.582242 0.429284 0
n 587 0 0.229341 0.315327 0
n 588 0 0.415898 0.37557 0
n 589 0 0.291074 0.335262 0
n 590 0 0.547434 0.418045 0
n 591 0 0.577522 0.42776 0
n 592 0 0.316461 0.34346 0
n 593 0 0.53485 0.413981 0
n 594 0 0.283734 0.332892 0
n 595 0 0.29029 0.335009 0
n 596 0 0.272519 0.32927 0
n 597 0 0.826205 0.922254 0
n 598 0 0.798963 0.930381 0
n 599 0 0.82203 0.419084 0
n 600 0 0.700413 0.369121 0
n 601 0 0.871355 0.439348 0
n 602 0 0.44705 0.265034 0
n 603 0 0.528522 0.298505 0
n 604 0 0.80752 0.413123 0
n 605 0 0.776586 0.400415 0
n 606 0 0.792647 0.407013 0
n 607 0 0.755891 0.391913 0
n 608 0 0.744513 0.387239 0
n 609 0 0.611775 0.332707 0
n 610 0 0.587348 0.322672 0
n 611 0 0.466959 0.273213 0
n 612 0 0.81716 0.417083 0
n 613 0 0.680582 0.360974 0
n 614 0 0.890017 0.447015 0
n 615 0 -0.0431884 0.27146 0
n 616 0 -0.0535549 0.285844 0
n 617 0 0.0964108 0.0777573 0
n 618 0 0.0909315 0.0853602 0
n 619 0 -0.0466434 0.276254 0
n 620 0 0.309844 0.967856 0
n 621 0 0.304396 0.966347 0
n 622 0 0.310793 0.968119 0
n 623 0 0.321876 0.971189 0
n 624 0 0.214035 0.941322 0
n 625 0 0.65271 0.458482 0
n 626 0 0.699954 0.463872 0
n 627 0 0.442504 0.434498 0
n 628 0 0.45587 0.436023 0
n 629 0 0.791445 0.474311 0
n 630 0 0.759102 0.470621 0
n 631 0 0.794322 0.474639 0
n 632 0 0.62308 0.455101 0
n 633 0 0.581234 0.450326 0
n 634 0 0.760067 0.470731 0
n 635 0 0.669742 0.460425 0
n 636 0 0.619527 0.454695 0
n 637 0 0.373309 0.426602 0
n 638 0 0.495059 0.440494 0
n 639 0 0.60671 0.453233 0
n 640 0 0.337579 0.422526 0
n 641 0 0.582883 0.450514 0
n 642 0 0.692741 0.456821 0
n 643 0 0.44766 0.466989 0
n 644 0 0.457447 0.466583 0
n 645 0 0.623504 0.459693 0
n 646 0 0.5807 0.461469 0
n 647 0 0.671823 0.457689 0
n 648 0 0.335728 0.471633 0
n 649 0 0.4317 0.467651 0
n 650 0 0.614539 0.460065 0
n 651 0 0.350532 0.471019 0
n 652 0 0.596428 0.460817 0
n 653 0 0.717082 0.274225 0
n 654 0 0.810232 0.4028 0
n 655 0 0.784751 0.367629 0
n 656 0 0.791917 0.37752 0
n 657 0 0.788995 0.373486 0
n 658 0 0.919085 0.553049 0
n 659 0 0.878696 0.4973 0
n 660 0 0.909009 0.539141 0
n 661 0 0.815775 0.41045 0
n 662 0 0.756389 0.328481 0
n 663 0 0.752431 0.0729755 0
n 664 0 0.689964 0.428609 0
n 665 0 0.69951 0.374266 0
n 666 0 0.707692 0.327684 0
n 667 0 0.760448 0.0273317 0
n 668 0 0.733794 0.179079 0
n 669 0 0.749164 0.0915707 0
n 670 0 0.703575 0.351118 0
n 671 0 0.754822 0.613714 0
n 672 0 0.798267 0.633943 0
n 673 0 0.577366 0.531086 0
n 674 0 0.605899 0.544372 0
n 675 0 0.831527 0.64943 0
n 676 0 0.864733 0.664891 0
n 677 0 0.918505 0.234259 0
n 678 0 0.867518 0.184743 0
n 679 0 0.837547 0.155636 0
n 680 0 0.96245 0.276936 0
n 681 0 1.01425 0.327243 0
n 682 0 1.08116 0.392226 0
n 683 0 0.791965 0.111369 0
n 684 0 1.01022 0.323333 0
n 685 0 0.74346 0.0642641 0
n 686 0 0.963547 0.278001 0
n 687 0 0.841744 0.159713 0
n 688 0 1.01154 0.324609 0
n 689 0 0.771267 0.747571 0
n 690 0 0.780221 0.77604 0
n 691 0 0.828947 0.93097 0
n 692 0 0.80598 0.857945 0
n 693 0 0.526641 0.843179 0
n 694 0 0.311754 0.641912 0
n 695 0 0.440213 0.762229 0
n 696 0 0.615909 0.926787 0
n 697 0 0.493877 0.812491 0
n 698 0 0.433357 0.755807 0
n 699 0 0.183893 0.499893 0
n 700 0 0.311564 0.706231 0
n 701 0 0.246268 0.6007 0
n 702 0 0.238497 0.588141 0
n 703 0 0.169783 0.477087 0
n 704 0 0.136977 0.424068 0
n 705 0 0.246704 0.601406 0
n 706 0 0.373544 0.8064 0
n 707 0 0.997508 0.754755 0
n 708 0 0.774932 0.537169 0
n 709 0 0.748873 0.511694 0
n 710 0 0.79639 0.558146 0
n 711 0 0.673346 0.43786 0
n 712 0 0.918667 0.677682 0
n 713 0 0.681122 0.445462 0
n 714 0 0.916884 0.675939 0
n 715 0 0.988715 0.74616 0
n 716 0 0.462192 0.558575 0
n 717 0 0.420171 0.293745 0
n 718 0 0.464265 0.571643 0
n 719 0 0.485134 0.703163 0
n 720 0 0.446459 0.459418 0
n 721 0 0.430398 0.358196 0
n 722 0 0.419566 0.289932 0
n 723 0 0.446742 0.461204 0
n 724 0 0.486371 0.710964 0
n 725 0 0.900805 0.311249 0
n 726 0 0.88793 0.367252 0
n 727 0 0.896513 0.329918 0
n 728 0 0.910538 0.268914 0
n 729 0 0.882281 0.391825 0
n 730 0 0.448959 0.302044 0
n 731 0 0.462847 0.57128 0
n 732 0 0.470633 0.72223 0
n 733 0 0.457062 0.459129 0
n 734 0 0.450607 0.333981 0
n 735 0 0.44782 0.279965 0
n 736 0 0.456944 0.456831 0
n 737 0 0.470735 0.72419 0
n 738 0 1.10067 0.758031 0
n 739 0 0.97724 0.754112 0
n 740 0 1.04593 0.756293 0
n 741 0 0.975791 0.754066 0
n 742 0 1.09083 0.757719 0
n 743 0 0.266537 0.0515899 0
n 744 0 0.309945 0.0925011 0
n 745 0 0.410203 0.186992 0
n 746 0 0.260009 0.0454371 0
n 747 0 0.213247 0.00136568 0
n 748 0 0.307969 0.0906387 0
n 749 0 0.327768 0.109299 0
n 750 0 0.492228 0.264299 0
n 751 0 0.438209 0.213387 0
n 752 0 0.27978 0.0640714 0
n 753 0 0.794067 0.464332 0
n 754 0 0.82289 0.354619 0
n 755 0 0.784135 0.502137 0
n 756 0 0.847731 0.260063 0
n 757 0 0.796717 0.454244 0
n 758 0 0.842946 0.278275 0
n 759 0 0.812429 0.394436 0
n 760 0 0.761495 0.588313 0
n 761 0 0.761921 0.586692 0
n 762 0 0.854662 0.23368 0
n 763 0 0.791046 0.342354 0
n 764 0 0.782375 0.377171 0
n 765 0 0.7775 0.396747 0
n 766 0 0.759318 0.469754 0
n 767 0 0.783806 0.371425 0
n 768 0 0.825982 0.202073 0
n 769 0 0.768494 0.432907 0
n 770 0 0.813963 0.250332 0
n 771 0 0.796759 0.319416 0
n 772 0 0.735452 0.565585 0
n 773 0 0.735248 0.566404 0
n 774 0 0.839596 0.147409 0
n 775 0 0.307301 0.969319 0
n 776 0 0.310795 0.967309 0
n 777 0 0.351372 0.943974 0
n 778 0 0.791779 0.371936 0
n 779 0 0.795366 0.516791 0
n 780 0 0.793762 0.45201 0
n 781 0 0.789633 0.285305 0
n 782 0 0.797925 0.620105 0
n 783 0 0.797772 0.613961 0
n 784 0 0.223237 0.136823 0
n 785 0 0.182087 0.217823 0
n 786 0 0.248538 0.08702 0
n 787 0 0.236393 0.110926 0
n 788 0 0.176373 0.229072 0
n 789 0 0.136457 0.307644 0
n 790 0 0.230443 0.122638 0
n 791 0 0.237777 0.108201 0
n 792 0 0.757541 0.390994 0
n 793 0 1.05783 0.223844 0
n 794 0 0.696856 0.424773 0
n 795 0 0.872778 0.32685 0
n 796 0 1.05272 0.226689 0
n 797 0 0.885808 0.319597 0
n 798 0 0.806068 0.363983 0
n 799 0 0.961245 0.277606 0
n 800 0 0.871097 0.327786 0
n 801 0 0.258942 0.146404 0
n 802 0 0.311504 0.0908539 0
n 803 0 0.293473 0.109909 0
n 804 0 0.262752 0.142377 0
n 805 0 0.242143 0.164157 0
n 806 0 0.215947 0.134867 0
n 807 0 0.194844 0.129205 0
n 808 0 0.603097 0.238751 0
n 809 0 0.591516 0.235644 0
n 810 0 0.509009 0.213504 0
n 811 0 0.581257 0.232891 0
n 812 0 0.264205 0.147816 0
n 813 0 0.235357 0.140076 0
n 814 0 0.213119 0.134108 0
n 815 0 0.203283 0.131469 0
n 816 0 0.184982 0.197716 0
n 817 0 0.239784 0.086487 0
n 818 0 0.227666 0.111081 0
n 819 0 0.172633 0.222781 0
n 820 0 0.13126 0.306753 0
n 821 0 0.227361 0.111701 0
n 822 0 0.219757 0.127134 0
n 823 0 0.231747 0.102798 0
n 824 0 0.613319 0.349421 0
n 825 0 0.586438 0.341673 0
n 826 0 0.41389 0.291935 0
n 827 0 0.669651 0.365659 0
n 828 0 0.351582 0.273974 0
n 829 0 0.310779 0.972875 0
n 830 0 0.0760737 0.73288 0
n 831 0 0.0514993 0.707752 0
n 832 0 0.315176 0.977371 0
n 833 0 0.0956421 0.75289 0
n 834 0 0.250093 0.910821 0
n 835 0 0.312075 0.532696 0
n 836 0 0.328439 0.536883 0
n 837 0 0.289574 0.526938 0
n 838 0 0.151366 0.491568 0
n 839 0 0.371035 0.547785 0
n 840 0 0.0701739 0.47079 0
n 841 0 0.960465 0.454865 0
n 842 0 0.921095 0.548279 0
n 843 0 0.979433 0.40986 0
n 844 0 1.03019 0.289426 0
n 845 0 1.01818 0.317917 0
n 846 0 0.201331 0.0841455 0
n 847 0 0.17967 0.234618 0
n 848 0 0.207506 0.0412452 0
n 849 0 0.190756 0.157603 0
n 850 0 0.193032 0.141795 0
n 851 0 0.605908 0.269191 0
n 852 0 0.628571 0.514559 0
n 853 0 0.623033 0.4546 0
n 854 0 0.590708 0.104616 0
n 855 0 0.601883 0.225614 0
n 856 0 0.616907 0.388267 0
n 857 0 0.624327 0.468607 0
n 858 0 0.625661 0.483052 0
n 859 0 0.590338 0.260244 0
n 860 0 0.574769 0.585303 0
n 861 0 0.580974 0.455747 0
n 862 0 0.591827 0.229162 0
n 863 0 0.583521 0.402577 0
n 864 0 0.582122 0.431775 0
n 865 0 0.581283 0.449298 0
n 866 0 0.312025 0.549631 0
n 867 0 0.310754 0.981451 0
n 868 0 0.311114 0.859211 0
n 869 0 1.00002 0.783842 0
n 870 0 1.00392 0.788921 0
n 871 0 0.917163 0.675719 0
n 872 0 0.976753 0.753477 0
n 873 0 0.557393 0.24131 0
n 874 0 0.729291 0.340096 0
n 875 0 0.675256 0.453175 0
n 876 0 0.647884 0.489165 0
n 877 0 0.642686 0.496001 0
n 878 0 0.466271 0.727966 0
n 879 0 1.01 0.784196 0
n 880 0 0.931114 0.781396 0
n 881 0 0.542527 0.767603 0
n 882 0 0.12007 0.698711 0
n 883 0 0.194392 0.640989 0
n 884 0 0.25132 0.596777 0
n 885 0 0.117636 0.0790497 0
n 886 0 0.549558 0.105349 0
n 887 0 0.0860358 0.0771256 0
n 888 0 0.219915 0.0852772 0
n 889 0 0.257423 0.087561 0
n 890 0 -0.0499971 0.460294 0
n 891 0 -0.136146 0.505002 0
n 892 0 0.0031409 0.432717 0
n 893 0 -0.161704 0.518266 0
n 894 0 0.217406 0.321521 0
n 895 0 0.34358 0.462225 0
n 896 0 0.183115 0.466604 0
n 897 0 0.451211 0.459288 0
n 898 0 0.608724 0.45499 0
n 899 0 0.348149 0.462101 0
n 900 0 0.589458 0.455516 0
n 901 0 0.861138 0.295814 0
n 902 0 0.869326 0.317645 0
n 903 0 0.910214 0.42667 0
n 904 0 -0.0256618 0.404949 0
n 905 0 0.104688 0.108498 0
n 906 0 0.0254881 0.28862 0
n 907 0 0.00817317 0.327999 0
n 908 0 1.00172 0.609233 0
n 909 0 0.830212 0.479568 0
n 910 0 1.13695 0.71147 0
n 911 0 1.10335 0.529325 0
n 912 0 0.77435 0.212142 0
n 913 0 1.05421 0.481954 0
n 914 0 0.866399 0.300885 0
n 915 0 0.952592 0.383984 0
n 916 0 0.347067 0.458047 0
n 917 0 0.301207 0.37375 0
n 918 0 0.691033 0.928262 0
n 919 0 0.916347 0.932685 0
n 920 0 0.227189 0.11109 0
n 921 0 0.235163 0.110948 0
n 922 0 0.223449 0.111156 0
n 923 0 0.155749 0.194383 0
n 924 0 0.150159 0.18498 0
n 925 0 0.312274 0.327783 0
n 926 0 0.293195 0.334514 0
n 927 0 0.290425 0.335491 0
n 928 0 0.560146 0.412596 0
n 929 0 0.358062 0.499215 0
n 930 0 0.542803 0.42003 0
n 931 0 0.744141 0.573168 0
n 932 0 0.315073 0.338264 0
n 933 0 0.306351 0.305609 0
n 934 0 0.289996 0.333965 0
n 935 0 0.270569 0.330635 0
n 936 0 0.0441 0.291811 0
n 937 0 0.286013 0.319833 0
n 938 0 0.22898 0.117444 0
n 939 0 0.226377 0.108208 0
