b 824 100 1 1 1.0 1 0 0 
f 0 0.01 0 208 207 201 200 205 212 209 204 206 203 210 211 202 1 
f 1 0.01 2 200 230 219 221 223 217 225 222 227 213 214 218 224 216 220 229 226 215 228 3 
f 2 0.01 4 239 246 242 247 244 231 233 234 236 237 240 245 238 243 232 241 248 235 5 
f 3 0.01 6 252 255 253 256 249 257 259 254 250 258 251 7 
f 4 0.01 8 269 267 273 260 277 276 266 272 261 268 270 265 264 262 275 263 271 274 9 
f 5 0.01 10 278 283 279 282 281 284 280 11 
f 6 0.01 12 297 294 285 292 299 289 260 293 288 291 295 290 287 213 296 286 298 13 
f 7 0.01 14 302 307 303 305 310 306 308 300 304 309 301 15 
f 8 0.01 16 317 318 326 315 201 314 319 320 324 322 327 325 312 323 311 316 321 313 17 
f 9 0.01 18 339 285 340 333 261 336 331 338 328 335 332 330 329 231 337 334 311 19 
f 10 0.01 20 278 341 300 21 
f 11 0.01 22 347 348 279 344 352 350 349 301 342 343 351 345 346 23 
f 12 0.01 24 353 356 354 357 202 360 359 361 355 358 249 25 
f 13 0.01 26 365 364 375 370 232 371 373 368 366 328 363 262 372 367 369 362 374 27 
f 14 0.01 28 203 376 377 380 250 378 379 381 382 29 
f 15 0.01 30 387 394 389 393 386 395 391 385 384 388 383 390 312 392 396 31 
f 16 0.01 32 400 399 398 405 410 403 407 397 383 409 408 411 412 402 406 401 404 33 
f 17 0.01 34 384 421 397 417 419 313 413 233 329 418 415 414 423 263 420 422 362 416 425 424 35 
f 18 0.01 36 428 429 427 426 214 430 286 431 37 
f 19 0.01 38 437 434 447 443 439 440 385 442 445 435 436 446 438 432 433 444 441 39 
f 20 0.01 40 451 453 449 450 215 454 448 452 432 41 
f 21 0.01 42 342 459 463 461 462 460 455 457 264 363 458 456 330 234 413 43 
f 22 0.01 44 473 468 469 472 466 471 464 465 470 467 45 
f 23 0.01 46 477 478 476 475 474 47 
f 24 0.01 48 482 480 481 479 483 216 49 
f 25 0.01 50 414 489 488 486 487 490 251 485 204 484 51 
f 26 0.01 52 235 502 496 495 493 499 331 492 265 491 455 494 497 498 501 500 53 
f 27 0.01 54 505 504 503 507 217 508 506 509 55 
f 28 0.01 56 515 518 512 514 510 464 511 516 513 517 519 57 
f 29 0.01 58 525 415 521 456 332 236 523 526 520 522 398 524 529 433 527 448 528 59 
f 30 0.01 60 539 541 536 532 537 538 535 540 534 205 542 533 531 503 530 61 
f 31 0.01 62 546 548 551 545 544 547 465 510 549 543 550 63 
f 32 0.01 64 560 449 553 479 561 557 218 426 287 555 558 556 559 530 504 552 554 484 206 376 65 
f 33 0.01 66 563 288 568 571 570 266 566 333 562 564 491 457 569 565 567 416 67 
f 34 0.01 68 577 573 576 574 572 207 314 575 69 
f 35 0.01 70 579 208 572 315 583 219 578 531 552 505 580 267 581 353 289 582 71 
f 36 0.01 72 364 592 595 584 590 399 586 520 593 589 585 417 316 334 591 594 532 587 588 73 
f 37 0.01 74 603 543 466 602 511 302 601 604 597 600 598 599 596 75 
f 38 0.01 76 596 607 608 609 605 612 303 544 467 512 610 611 606 252 77 
f 39 0.01 78 418 521 458 335 237 614 617 613 400 615 584 620 616 365 618 220 619 553 79 
f 40 0.01 80 624 317 621 221 578 533 554 622 354 623 625 81 
f 41 0.01 82 627 427 290 555 628 222 506 629 573 626 401 83 
f 42 0.01 84 632 634 304 631 630 635 633 85 
f 43 0.01 86 636 640 637 579 574 642 318 621 223 507 641 556 639 291 428 638 87 
f 44 0.01 88 209 646 534 575 319 643 644 636 402 434 647 645 89 
f 45 0.01 90 654 650 652 656 253 651 649 655 657 653 648 91 
f 46 0.01 92 664 663 661 459 343 662 658 630 665 660 659 648 93 
f 47 0.01 94 667 403 669 435 672 673 674 386 671 670 668 666 474 95 
f 48 0.01 96 535 675 676 320 643 637 626 404 97 
f 49 0.01 98 638 677 627 224 557 680 678 480 679 99 
f 50 0.01 100 681 597 605 683 305 545 682 101 
f 51 0.01 102 606 686 685 649 687 355 689 688 377 485 684 103 
f 52 0.01 104 690 691 387 666 475 105 
f 53 0.01 106 700 701 699 694 697 460 692 562 268 336 693 695 696 702 698 107 
f 54 0.01 108 344 703 705 706 704 707 254 109 
f 55 0.01 110 711 468 280 708 709 710 703 111 
f 56 0.01 112 607 712 598 713 681 717 714 715 513 716 469 708 113 
f 57 0.01 114 720 585 419 321 337 721 722 536 718 719 684 115 
f 58 0.01 116 639 563 580 269 723 356 725 724 658 631 117 
f 59 0.01 118 727 692 564 270 492 338 366 726 728 729 238 613 586 522 405 436 119 
f 60 0.01 120 437 406 640 644 731 322 537 587 718 239 730 733 732 121 
f 61 0.01 122 736 675 538 588 719 730 739 740 735 486 741 737 271 420 367 565 738 734 123 
f 62 0.01 124 659 744 747 745 685 742 255 746 743 650 125 
f 63 0.01 126 599 712 608 341 748 632 127 
f 64 0.01 128 750 388 421 407 667 720 589 523 614 240 751 726 368 752 493 693 749 272 566 753 292 129 
f 65 0.01 130 378 754 758 759 756 422 369 567 757 734 494 755 694 461 345 131 
f 66 0.01 132 476 668 763 389 762 765 764 438 766 524 590 615 761 370 241 760 495 695 749 133 
f 67 0.01 134 767 210 622 723 581 273 293 568 768 696 496 760 371 135 
f 68 0.01 136 439 408 769 390 323 591 721 539 242 770 735 487 771 379 754 772 137 
f 69 0.01 138 774 497 755 697 462 727 346 775 294 339 724 776 773 623 357 211 767 139 
f 70 0.01 140 777 440 750 409 769 778 779 731 324 676 736 540 141 
f 71 0.01 142 709 782 281 347 781 780 143 
f 72 0.01 144 576 785 624 508 225 783 558 295 429 677 698 784 145 
f 73 0.01 146 713 600 609 306 786 546 787 660 633 625 773 147 
f 74 0.01 148 651 742 686 788 610 514 470 547 307 601 714 149 
f 75 0.01 150 256 789 652 743 710 791 282 348 790 780 151 
f 76 0.01 152 751 728 792 243 761 796 592 616 793 441 795 226 450 794 690 153 
f 77 0.01 154 559 641 783 628 227 296 430 798 678 481 797 451 155 
f 78 0.01 156 704 257 358 687 799 800 653 744 515 682 801 548 786 308 157 
f 79 0.01 158 802 488 737 274 756 803 804 705 654 159 
f 80 0.01 160 244 525 802 489 423 275 372 569 738 757 774 498 699 806 661 349 805 161 
f 81 0.01 162 359 807 799 655 745 788 611 549 471 602 516 715 163 
f 82 0.01 164 499 752 373 792 729 245 617 526 593 410 669 809 442 391 777 808 477 165 
f 83 0.01 166 732 810 739 246 541 722 594 392 325 778 411 443 645 167 
f 84 0.01 168 360 688 380 258 490 733 810 740 770 247 169 
f 85 0.01 170 748 634 309 662 811 297 775 340 753 276 570 171 
f 86 0.01 172 618 793 444 527 452 813 814 762 393 812 670 478 173 
f 87 0.01 174 815 816 706 789 656 746 603 550 472 716 517 175 
f 88 0.01 176 482 679 797 453 560 794 228 817 394 763 812 671 818 808 177 
f 89 0.01 178 805 350 663 700 500 424 819 374 803 815 820 758 381 771 179 
f 90 0.01 180 811 351 463 806 701 501 425 819 804 816 181 
f 91 0.01 182 741 382 759 820 772 707 259 689 361 807 800 657 747 518 183 
f 92 0.01 184 821 672 822 764 813 528 454 795 229 619 483 561 680 798 298 431 509 185 
f 93 0.01 186 781 790 283 352 664 187 
f 94 0.01 188 791 782 284 473 711 519 189 
f 95 0.01 190 809 445 821 673 823 765 814 817 691 191 
f 96 0.01 192 299 582 277 571 768 702 784 502 248 375 796 595 620 529 766 446 822 823 674 395 818 193 
f 97 0.01 194 577 629 785 642 326 583 230 542 212 646 195 
f 98 0.01 196 396 327 779 412 447 647 197 
f 99 0.01 198 725 776 635 665 787 801 551 310 683 612 604 717 199 
n 0 1 0.405452 0.810763 0.5 
n 1 1 0.163693 0.373095 0.5 
n 2 1 0.360311 0.69881 0.5 
n 3 1 -0.0717393 0.950469 0.5 
n 4 1 0.560558 0.640522 0.5 
n 5 1 1.0481 0.751453 0.5 
n 6 1 0.450376 0.13203 0.5 
n 7 1 0.499982 0.629563 0.5 
n 8 1 1.19258 0.62236 0.5 
n 9 1 0.719026 0.461898 0.5 
n 10 1 1.06576 0.0441088 0.5 
n 11 1 0.565776 0.0473854 0.5 
n 12 1 -0.00810739 0.419325 0.5 
n 13 1 0.201045 0.873478 0.5 
n 14 1 0.364512 0.0906129 0.5 
n 15 1 -0.107498 0.255557 0.5 
n 16 1 0.268412 0.808538 0.5 
n 17 1 0.760602 0.720512 0.5 
n 18 1 1.06217 0.454612 0.5 
n 19 1 0.662699 0.755314 0.5 
n 20 2 0.972909 0 0.5 
n 21 1 1.07014 0.2709 0.5 
n 22 1 0.804377 0.0118128 0.5 
n 23 1 0.994808 0.474129 0.5 
n 24 1 0.0867953 0.581426 0.5 
n 25 1 0.504966 0.307321 0.5 
n 26 1 0.971421 0.809866 0.5 
n 27 1 0.730785 0.371581 0.5 
n 28 1 0.210076 0.539984 0.5 
n 29 1 0.706728 0.48222 0.5 
n 30 2 0.958143 1 0.5 
n 31 1 0.589225 0.703023 0.5 
n 32 1 0.9102 0.761669 0.5 
n 33 1 0.436316 0.921149 0.5 
n 34 1 0.753252 0.841525 0.5 
n 35 1 0.764039 0.341642 0.5 
n 36 1 0.112961 0.719845 0.5 
n 37 2 0.279345 1 0.5 
n 38 1 0.500207 0.906073 0.5 
n 39 1 0.995054 0.834477 0.5 
n 40 2 0.151781 1 0.5 
n 41 1 -0.0777577 0.823741 0.5 
n 42 1 0.915321 0.249442 0.5 
n 43 1 0.750544 0.72151 0.5 
n 44 2 0.642649 0 0.5 
n 45 1 0.245364 0.208182 0.5 
n 46 1 0.675626 0.906882 0.5 
n 47 2 0.934573 1 0.5 
n 48 2 0.210207 1 0.5 
n 49 1 0.0483098 0.763817 0.5 
n 50 1 0.766266 0.53646 0.5 
n 51 1 0.268167 0.58002 0.5 
n 52 1 1.01654 0.744938 0.5 
n 53 1 0.777517 0.305772 0.5 
n 54 1 0.219824 0.670932 0.5 
n 55 2 0.293623 1 0.5 
n 56 1 0.27383 0.314624 0.5 
n 57 2 0.455566 0 0.5 
n 58 1 0.64537 0.558823 0.5 
n 59 1 1.0133 0.897395 0.5 
n 60 1 0.635133 0.667317 0.5 
n 61 1 0.135959 0.69604 0.5 
n 62 1 0.0887125 0.223392 0.5 
n 63 1 0.569494 0.0861015 0.5 
n 64 1 0.0887107 0.971495 0.5 
n 65 1 0.297473 0.517162 0.5 
n 66 1 1.16646 0.676785 0.5 
n 67 1 0.757159 0.389606 0.5 
n 68 2 0.401759 1 0.5 
n 69 1 0.401464 0.724522 0.5 
n 70 1 0.430456 0.828663 0.5 
n 71 1 0.0248764 0.536251 0.5 
n 72 1 0.969247 0.786974 0.5 
n 73 1 0.489671 0.645528 0.5 
n 74 1 0.573234 0.160455 0.5 
n 75 1 0.0916827 0.0258866 0.5 
n 76 1 0.0548881 0.00551149 0.5 
n 77 1 0.508395 0.216063 0.5 
n 78 1 0.728518 0.644443 0.5 
n 79 1 1.1456 0.920201 0.5 
n 80 1 0.377637 0.879404 0.5 
n 81 1 0.128781 0.445733 0.5 
n 82 1 0.0734155 0.741657 0.5 
n 83 1 0.525406 0.955444 0.5 
n 84 1 -0.108872 0.0703201 0.5 
n 85 1 0.182633 0.476553 0.5 
n 86 1 0.581371 0.86968 0.5 
n 87 1 0.104332 0.719901 0.5 
n 88 1 0.301995 0.644153 0.5 
n 89 1 0.682398 0.968643 0.5 
n 90 1 0.707875 0.137238 0.5 
n 91 1 0.26249 0.364465 0.5 
n 92 1 -0.171024 0.24576 0.5 
n 93 1 0.312323 0.373727 0.5 
n 94 1 0.764313 0.774753 0.5 
n 95 2 0.904541 1 0.5 
n 96 1 0.480176 0.653693 0.5 
n 97 2 0.423452 1 0.5 
n 98 1 0.11192 0.721428 0.5 
n 99 2 0.194647 1 0.5 
n 100 2 0.251146 0 0.5 
n 101 1 0.215973 0.258215 0.5 
n 102 1 0.435621 0.12697 0.5 
n 103 1 0.423296 0.626818 0.5 
n 104 2 0.115381 1 0.5 
n 105 1 -0.138684 0.976725 0.5 
n 106 1 0.772641 0.278685 0.5 
n 107 1 1.04487 0.69808 0.5 
n 108 1 0.836376 0.0893526 0.5 
n 109 1 0.464291 0.423348 0.5 
n 110 2 0.496113 0 0.5 
n 111 1 0.805756 0.199829 0.5 
n 112 1 0.109578 0.0508093 0.5 
n 113 1 0.609572 0.0533897 0.5 
n 114 1 0.840674 0.749531 0.5 
n 115 1 0.362146 0.604578 0.5 
n 116 1 0.143774 0.745393 0.5 
n 117 1 0.0418653 0.255889 0.5 
n 118 1 0.922903 0.38155 0.5 
n 119 1 0.859104 0.877463 0.5 
n 120 2 0.529424 1 0.5 
n 121 1 0.584165 0.585333 0.5 
n 122 1 0.439337 0.719935 0.5 
n 123 1 0.828736 0.406297 0.5 
n 124 1 0.184045 0.375722 0.5 
n 125 1 0.641928 0.174865 0.5 
n 126 2 0.222405 0 0.5 
n 127 1 -0.0826833 0.239633 0.5 
n 128 1 0.704131 0.874024 0.5 
n 129 1 1.0345 0.498715 0.5 
n 130 1 0.501378 0.523147 0.5 
n 131 1 0.972569 0.355877 0.5 
n 132 2 0.845044 1 0.5 
n 133 1 0.97209 0.566222 0.5 
n 134 1 0.347894 0.457514 0.5 
n 135 1 -0.098652 0.682452 0.5 
n 136 1 0.715267 0.91705 0.5 
n 137 1 0.554551 0.443584 0.5 
n 138 1 -0.1892 0.39871 0.5 
n 139 1 0.296779 0.516286 0.5 
n 140 1 0.828525 0.897113 0.5 
n 141 1 0.381427 0.673274 0.5 
n 142 1 0.530132 0.124077 0.5 
n 143 2 0.848507 0 0.5 
n 144 1 0.41917 0.897009 0.5 
n 145 1 -0.0205137 0.658938 0.5 
n 146 1 0.225332 0.0383969 0.5 
n 147 1 0.13183 0.529577 0.5 
n 148 1 0.459079 0.294853 0.5 
n 149 2 0.27702 0 0.5 
n 150 1 0.463653 0.278722 0.5 
n 151 2 0.847634 0 0.5 
n 152 1 0.860063 0.632668 0.5 
n 153 2 1.08641 1 0.5 
n 154 1 0.198853 0.730524 0.5 
n 155 2 0.144788 1 0.5 
n 156 1 0.551086 0.439228 0.5 
n 157 1 0.141847 0.151959 0.5 
n 158 1 0.74942 0.632539 0.5 
n 159 1 0.700245 0.134963 0.5 
n 160 1 0.688249 0.671502 0.5 
n 161 1 0.904527 0.220698 0.5 
n 162 1 0.395727 0.450215 0.5 
n 163 2 0.4101 0 0.5 
n 164 1 0.943827 0.577705 0.5 
n 165 2 0.734542 1 0.5 
n 166 1 0.577231 0.571168 0.5 
n 167 2 0.687108 1 0.5 
n 168 1 0.311325 0.386525 0.5 
n 169 1 0.708357 0.690442 0.5 
n 170 1 0.974424 0.120204 0.5 
n 171 1 1.01034 0.618912 0.5 
n 172 1 1.06884 0.744651 0.5 
n 173 2 0.778562 1 0.5 
n 174 1 0.686236 0.441082 0.5 
n 175 1 0.409338 0.0247551 0.5 
n 176 1 0.26289 0.997635 0.5 
n 177 1 -0.22987 0.912852 0.5 
n 178 1 0.912107 0.220923 0.5 
n 179 1 0.528525 0.541649 0.5 
n 180 1 1.05029 0.338024 0.5 
n 181 1 0.552049 0.37987 0.5 
n 182 1 0.666153 0.542031 0.5 
n 183 1 0.271444 0.235103 0.5 
n 184 1 -0.180345 0.880359 0.5 
n 185 1 0.31943 0.865354 0.5 
n 186 2 0.840701 0 0.5 
n 187 1 0.844029 0.274852 0.5 
n 188 1 0.745729 0.0942295 0.5 
n 189 2 0.435108 0 0.5 
n 190 1 0.763967 0.831562 0.5 
n 191 2 0.991651 1 0.5 
n 192 1 1.07385 0.510836 0.5 
n 193 1 0.828567 0.946539 0.5 
n 194 2 0.408992 1 0.5 
n 195 1 0.308522 0.602643 0.5 
n 196 1 0.592418 0.686803 0.5 
n 197 2 0.634109 1 0.5 
n 198 1 0.0906382 0.510313 0.5 
n 199 1 0.260599 0.0400859 0.5 
n 200 0 0.347676 0.70617 0.5 
n 201 0 0.392012 0.786433 0.5 
n 202 0 0.227739 0.48904 0.5 
n 203 0 0.253114 0.534978 0.5 
n 204 0 0.277541 0.5792 0.5 
n 205 0 0.335732 0.684545 0.5 
n 206 0 0.272861 0.570727 0.5 
n 207 0 0.401548 0.803697 0.5 
n 208 0 0.405335 0.810552 0.5 
n 209 0 0.323599 0.662582 0.5 
n 210 0 0.240271 0.511727 0.5 
n 211 0 0.234461 0.501209 0.5 
n 212 0 0.323743 0.662842 0.5 
n 213 0 0.171305 0.808901 0.5 
n 214 0 0.167253 0.811262 0.5 
n 215 0 0.0186861 0.897799 0.5 
n 216 0 0.105492 0.847237 0.5 
n 217 0 0.241585 0.767965 0.5 
n 218 0 0.16054 0.815172 0.5 
n 219 0 0.299488 0.734238 0.5 
n 220 0 0.0681448 0.86899 0.5 
n 221 0 0.295627 0.736487 0.5 
n 222 0 0.191149 0.797343 0.5 
n 223 0 0.247129 0.764736 0.5 
n 224 0 0.142824 0.825491 0.5 
n 225 0 0.212323 0.78501 0.5 
n 226 0 0.0221812 0.895763 0.5 
n 227 0 0.184692 0.801104 0.5 
n 228 0 -0.0579432 0.942433 0.5 
n 229 0 0.0610709 0.873111 0.5 
n 230 0 0.336364 0.712759 0.5 
n 231 0 0.756092 0.685012 0.5 
n 232 0 0.923825 0.723177 0.5 
n 233 0 0.756627 0.685134 0.5 
n 234 0 0.762755 0.686528 0.5 
n 235 0 1.01613 0.74418 0.5 
n 236 0 0.791175 0.692995 0.5 
n 237 0 0.807607 0.696734 0.5 
n 238 0 0.880229 0.713258 0.5 
n 239 0 0.576403 0.644127 0.5 
n 240 0 0.851417 0.706702 0.5 
n 241 0 0.925977 0.723667 0.5 
n 242 0 0.626493 0.655524 0.5 
n 243 0 0.914532 0.721063 0.5 
n 244 0 0.689082 0.669765 0.5 
n 245 0 0.877011 0.712525 0.5 
n 246 0 0.597134 0.648844 0.5 
n 247 0 0.678073 0.66726 0.5 
n 248 0 0.950848 0.729326 0.5 
n 249 0 0.47013 0.330155 0.5 
n 250 0 0.48783 0.507679 0.5 
n 251 0 0.493082 0.560351 0.5 
n 252 0 0.456345 0.191898 0.5 
n 253 0 0.463335 0.261997 0.5 
n 254 0 0.478179 0.410882 0.5 
n 255 0 0.462495 0.253576 0.5 
n 256 0 0.464911 0.277809 0.5 
n 257 0 0.475731 0.386331 0.5 
n 258 0 0.489336 0.522788 0.5 
n 259 0 0.476555 0.394598 0.5 
n 260 0 1.06558 0.579326 0.5 
n 261 0 0.948979 0.539817 0.5 
n 262 0 0.794394 0.487436 0.5 
n 263 0 0.761136 0.476167 0.5 
n 264 0 0.828245 0.498906 0.5 
n 265 0 0.894934 0.521504 0.5 
n 266 0 0.992045 0.55441 0.5 
n 267 0 1.10151 0.591501 0.5 
n 268 0 0.940212 0.536846 0.5 
n 269 0 1.11251 0.595229 0.5 
n 270 0 0.904482 0.524739 0.5 
n 271 0 0.747659 0.4716 0.5 
n 272 0 0.986983 0.552694 0.5 
n 273 0 1.08979 0.587529 0.5 
n 274 0 0.733024 0.466641 0.5 
n 275 0 0.779051 0.482237 0.5 
n 276 0 1.00604 0.559151 0.5 
n 277 0 1.04014 0.570707 0.5 
n 278 0 0.988921 0.0446124 0.5 
n 279 0 0.818348 0.0457302 0.5 
n 280 0 0.569501 0.047361 0.5 
n 281 0 0.729675 0.0463113 0.5 
n 282 0 0.784327 0.0459532 0.5 
n 283 0 0.841253 0.0455801 0.5 
n 284 0 0.590771 0.0472216 0.5 
n 285 0 0.0220516 0.484812 0.5 
n 286 0 0.190138 0.849794 0.5 
n 287 0 0.167359 0.800332 0.5 
n 288 0 0.0837288 0.618738 0.5 
n 289 0 0.0561125 0.558772 0.5 
n 290 0 0.158974 0.782125 0.5 
n 291 0 0.134711 0.729439 0.5 
n 292 0 0.0305303 0.503223 0.5 
n 293 0 0.0732037 0.595883 0.5 
n 294 0 0.00391577 0.445432 0.5 
n 295 0 0.143021 0.747486 0.5 
n 296 0 0.17954 0.826783 0.5 
n 297 0 -0.00327589 0.429816 0.5 
n 298 0 0.198969 0.86897 0.5 
n 299 0 0.0519503 0.549734 0.5 
n 300 0 0.0454501 0.202109 0.5 
n 301 0 -0.0967674 0.251807 0.5 
n 302 0 0.346202 0.0970114 0.5 
n 303 0 0.292437 0.1158 0.5 
n 304 0 -0.00232273 0.218804 0.5 
n 305 0 0.23252 0.136738 0.5 
n 306 0 0.204765 0.146437 0.5 
n 307 0 0.338567 0.0996794 0.5 
n 308 0 0.157506 0.162951 0.5 
n 309 0 -0.0180774 0.224309 0.5 
n 310 0 0.224673 0.13948 0.5 
n 311 0 0.69283 0.732633 0.5 
n 312 0 0.638155 0.742411 0.5 
n 313 0 0.755845 0.721363 0.5 
n 314 0 0.401528 0.784731 0.5 
n 315 0 0.375883 0.789317 0.5 
n 316 0 0.750209 0.722371 0.5 
n 317 0 0.33059 0.797418 0.5 
n 318 0 0.343732 0.795067 0.5 
n 319 0 0.455483 0.775081 0.5 
n 320 0 0.460438 0.774195 0.5 
n 321 0 0.750714 0.722281 0.5 
n 322 0 0.561622 0.756099 0.5 
n 323 0 0.654966 0.739405 0.5 
n 324 0 0.550747 0.758044 0.5 
n 325 0 0.621855 0.745326 0.5 
n 326 0 0.356594 0.792767 0.5 
n 327 0 0.600711 0.749108 0.5 
n 328 0 0.859949 0.606834 0.5 
n 329 0 0.756639 0.684601 0.5 
n 330 0 0.765847 0.677669 0.5 
n 331 0 0.917711 0.563354 0.5 
n 332 0 0.770618 0.674078 0.5 
n 333 0 0.959722 0.53173 0.5 
n 334 0 0.718778 0.713101 0.5 
n 335 0 0.771891 0.67312 0.5 
n 336 0 0.944385 0.543275 0.5 
n 337 0 0.719245 0.712749 0.5 
n 338 0 0.897563 0.578521 0.5 
n 339 0 1.05723 0.458331 0.5 
n 340 0 1.00178 0.500068 0.5 
n 341 0 1.02778 0.152871 0.5 
n 342 0 0.909329 0.266608 0.5 
n 343 0 0.909526 0.267086 0.5 
n 344 0 0.836332 0.0893916 0.5 
n 345 0 0.949476 0.364075 0.5 
n 346 0 0.980671 0.439808 0.5 
n 347 0 0.806289 0.0164532 0.5 
n 348 0 0.810588 0.0268908 0.5 
n 349 0 0.896936 0.23652 0.5 
n 350 0 0.896044 0.234354 0.5 
n 351 0 0.942476 0.347079 0.5 
n 352 0 0.841949 0.103026 0.5 
n 353 0 0.0871828 0.581172 0.5 
n 354 0 0.173888 0.524338 0.5 
n 355 0 0.429961 0.356486 0.5 
n 356 0 0.106895 0.568251 0.5 
n 357 0 0.215991 0.49674 0.5 
n 358 0 0.431643 0.355383 0.5 
n 359 0 0.398052 0.377402 0.5 
n 360 0 0.344912 0.412234 0.5 
n 361 0 0.428649 0.357346 0.5 
n 362 0 0.76216 0.428726 0.5 
n 363 0 0.817536 0.529586 0.5 
n 364 0 0.956844 0.783316 0.5 
n 365 0 0.967262 0.80229 0.5 
n 366 0 0.887471 0.656963 0.5 
n 367 0 0.774035 0.450355 0.5 
n 368 0 0.89044 0.66237 0.5 
n 369 0 0.763008 0.43027 0.5 
n 370 0 0.925322 0.725903 0.5 
n 371 0 0.90144 0.682406 0.5 
n 372 0 0.784875 0.470098 0.5 
n 373 0 0.896446 0.67331 0.5 
n 374 0 0.731143 0.372233 0.5 
n 375 0 0.938877 0.750591 0.5 
n 376 0 0.291329 0.530533 0.5 
n 377 0 0.426056 0.514864 0.5 
n 378 0 0.572785 0.497798 0.5 
n 379 0 0.572947 0.497779 0.5 
n 380 0 0.472003 0.50952 0.5 
n 381 0 0.582292 0.496693 0.5 
n 382 0 0.604524 0.494107 0.5 
n 383 0 0.735227 0.820554 0.5 
n 384 0 0.753389 0.835174 0.5 
n 385 0 0.789473 0.864221 0.5 
n 386 0 0.850691 0.913502 0.5 
n 387 0 0.937951 0.983746 0.5 
n 388 0 0.744574 0.828079 0.5 
n 389 0 0.866622 0.926326 0.5 
n 390 0 0.662691 0.762163 0.5 
n 391 0 0.798308 0.871333 0.5 
n 392 0 0.616678 0.725123 0.5 
n 393 0 0.864372 0.924514 0.5 
n 394 0 0.871564 0.930305 0.5 
n 395 0 0.848265 0.911548 0.5 
n 396 0 0.595219 0.707849 0.5 
n 397 0 0.75384 0.81429 0.5 
n 398 0 0.877692 0.772609 0.5 
n 399 0 0.897706 0.765874 0.5 
n 400 0 0.907298 0.762645 0.5 
n 401 0 0.446005 0.917888 0.5 
n 402 0 0.572853 0.875199 0.5 
n 403 0 0.782849 0.804527 0.5 
n 404 0 0.43637 0.921131 0.5 
n 405 0 0.872363 0.774402 0.5 
n 406 0 0.544646 0.884692 0.5 
n 407 0 0.757921 0.812917 0.5 
n 408 0 0.687916 0.836476 0.5 
n 409 0 0.699572 0.832553 0.5 
n 410 0 0.841138 0.784911 0.5 
n 411 0 0.6486 0.849707 0.5 
n 412 0 0.615582 0.860819 0.5 
n 413 0 0.756191 0.705333 0.5 
n 414 0 0.759823 0.537024 0.5 
n 415 0 0.757133 0.661669 0.5 
n 416 0 0.762917 0.393646 0.5 
n 417 0 0.755788 0.724016 0.5 
n 418 0 0.757097 0.663339 0.5 
n 419 0 0.755792 0.723819 0.5 
n 420 0 0.761475 0.460472 0.5 
n 421 0 0.753768 0.817635 0.5 
n 422 0 0.76212 0.430586 0.5 
n 423 0 0.760155 0.521622 0.5 
n 424 0 0.763972 0.344784 0.5 
n 425 0 0.763598 0.362103 0.5 
n 426 0 0.164481 0.806594 0.5 
n 427 0 0.146424 0.776189 0.5 
n 428 0 0.11498 0.723245 0.5 
n 429 0 0.12291 0.736596 0.5 
n 430 0 0.178765 0.830645 0.5 
n 431 0 0.201482 0.868895 0.5 
n 432 0 0.945551 0.84164 0.5 
n 433 0 0.951734 0.840745 0.5 
n 434 0 0.593263 0.892609 0.5 
n 435 0 0.817488 0.860168 0.5 
n 436 0 0.862161 0.853705 0.5 
n 437 0 0.542634 0.899935 0.5 
n 438 0 0.88903 0.849817 0.5 
n 439 0 0.701647 0.876928 0.5 
n 440 0 0.768801 0.867212 0.5 
n 441 0 0.985288 0.83589 0.5 
n 442 0 0.802787 0.862295 0.5 
n 443 0 0.657221 0.883356 0.5 
n 444 0 0.961146 0.839383 0.5 
n 445 0 0.805065 0.861965 0.5 
n 446 0 0.882483 0.850764 0.5 
n 447 0 0.619312 0.888841 0.5 
n 448 0 -0.0112239 0.874831 0.5 
n 449 0 0.0954783 0.956766 0.5 
n 450 0 0.0277016 0.904722 0.5 
n 451 0 0.145721 0.995347 0.5 
n 452 0 -0.0474917 0.846982 0.5 
n 453 0 0.115727 0.972315 0.5 
n 454 0 -0.0106602 0.875264 0.5 
n 455 0 0.849497 0.438022 0.5 
n 456 0 0.767956 0.671628 0.5 
n 457 0 0.844906 0.451172 0.5 
n 458 0 0.768271 0.670726 0.5 
n 459 0 0.909193 0.266998 0.5 
n 460 0 0.858788 0.411403 0.5 
n 461 0 0.864818 0.394128 0.5 
n 462 0 0.859136 0.410404 0.5 
n 463 0 0.879391 0.352377 0.5 
n 464 0 0.374359 0.140587 0.5 
n 465 0 0.369172 0.143305 0.5 
n 466 0 0.418801 0.117299 0.5 
n 467 0 0.360955 0.147611 0.5 
n 468 0 0.561778 0.0423772 0.5 
n 469 0 0.541433 0.0530381 0.5 
n 470 0 0.366401 0.144757 0.5 
n 471 0 0.406143 0.123932 0.5 
n 472 0 0.457427 0.0970583 0.5 
n 473 0 0.566553 0.0398749 0.5 
n 474 0 0.895878 0.986085 0.5 
n 475 0 0.872766 0.977774 0.5 
n 476 0 0.853575 0.970873 0.5 
n 477 0 0.764798 0.938948 0.5 
n 478 0 0.823832 0.960177 0.5 
n 479 0 0.129627 0.882447 0.5 
n 480 0 0.182754 0.959951 0.5 
n 481 0 0.1596 0.926172 0.5 
n 482 0 0.201325 0.987043 0.5 
n 483 0 0.121974 0.871282 0.5 
n 484 0 0.268608 0.579981 0.5 
n 485 0 0.424787 0.566323 0.5 
n 486 0 0.655056 0.546186 0.5 
n 487 0 0.591272 0.551764 0.5 
n 488 0 0.74015 0.538744 0.5 
n 489 0 0.752457 0.537668 0.5 
n 490 0 0.533761 0.556793 0.5 
n 491 0 0.863912 0.464507 0.5 
n 492 0 0.902993 0.536311 0.5 
n 493 0 0.940593 0.605394 0.5 
n 494 0 0.831956 0.405794 0.5 
n 495 0 0.953612 0.629313 0.5 
n 496 0 0.965065 0.650356 0.5 
n 497 0 0.830724 0.40353 0.5 
n 498 0 0.823329 0.389944 0.5 
n 499 0 0.935103 0.595308 0.5 
n 500 0 0.787873 0.3248 0.5 
n 501 0 0.806227 0.358522 0.5 
n 502 0 0.979929 0.677667 0.5 
n 503 0 0.224315 0.690956 0.5 
n 504 0 0.222118 0.68116 0.5 
n 505 0 0.221394 0.677935 0.5 
n 506 0 0.25494 0.827516 0.5 
n 507 0 0.240386 0.762619 0.5 
n 508 0 0.24998 0.805399 0.5 
n 509 0 0.263801 0.867024 0.5 
n 510 0 0.373503 0.142068 0.5 
n 511 0 0.392118 0.109842 0.5 
n 512 0 0.368325 0.151032 0.5 
n 513 0 0.425276 0.0524386 0.5 
n 514 0 0.369268 0.1494 0.5 
n 515 0 0.302607 0.264806 0.5 
n 516 0 0.40744 0.0833162 0.5 
n 517 0 0.426426 0.050447 0.5 
n 518 0 0.304787 0.261031 0.5 
n 519 0 0.452515 0.00528059 0.5 
n 520 0 0.857479 0.754009 0.5 
n 521 0 0.763669 0.667684 0.5 
n 522 0 0.873133 0.768414 0.5 
n 523 0 0.831123 0.729756 0.5 
n 524 0 0.904435 0.797219 0.5 
n 525 0 0.712619 0.620706 0.5 
n 526 0 0.856774 0.753361 0.5 
n 527 0 0.955578 0.844282 0.5 
n 528 0 0.989249 0.875267 0.5 
n 529 0 0.909831 0.802185 0.5 
n 530 0 0.217434 0.691352 0.5 
n 531 0 0.238336 0.69015 0.5 
n 532 0 0.575234 0.670764 0.5 
n 533 0 0.268055 0.688439 0.5 
n 534 0 0.348487 0.683811 0.5 
n 535 0 0.476449 0.676448 0.5 
n 536 0 0.57978 0.670502 0.5 
n 537 0 0.572869 0.6709 0.5 
n 538 0 0.494627 0.675402 0.5 
n 539 0 0.630585 0.667579 0.5 
n 540 0 0.396909 0.681025 0.5 
n 541 0 0.60235 0.669204 0.5 
n 542 0 0.329324 0.684914 0.5 
n 543 0 0.439746 0.123152 0.5 
n 544 0 0.358342 0.146397 0.5 
n 545 0 0.226059 0.184172 0.5 
n 546 0 0.195945 0.192771 0.5 
n 547 0 0.366054 0.144195 0.5 
n 548 0 0.198818 0.191951 0.5 
n 549 0 0.405859 0.132829 0.5 
n 550 0 0.46919 0.114744 0.5 
n 551 0 0.206501 0.189757 0.5 
n 552 0 0.22305 0.679129 0.5 
n 553 0 0.120044 0.903304 0.5 
n 554 0 0.240687 0.640747 0.5 
n 555 0 0.172734 0.788634 0.5 
n 556 0 0.19171 0.747336 0.5 
n 557 0 0.147917 0.842643 0.5 
n 558 0 0.181955 0.768566 0.5 
n 559 0 0.198401 0.732773 0.5 
n 560 0 0.0903408 0.967947 0.5 
n 561 0 0.134937 0.870893 0.5 
n 562 0 0.917799 0.502316 0.5 
n 563 0 1.12317 0.646409 0.5 
n 564 0 0.90823 0.495602 0.5 
n 565 0 0.806488 0.424217 0.5 
n 566 0 0.987982 0.551559 0.5 
n 567 0 0.797609 0.417987 0.5 
n 568 0 1.06037 0.602348 0.5 
n 569 0 0.806786 0.424426 0.5 
n 570 0 1.00642 0.564499 0.5 
n 571 0 1.0331 0.583216 0.5 
n 572 0 0.401553 0.807823 0.5 
n 573 0 0.401648 0.89689 0.5 
n 574 0 0.401559 0.813203 0.5 
n 575 0 0.401468 0.729002 0.5 
n 576 0 0.401638 0.887516 0.5 
n 577 0 0.401728 0.97127 0.5 
n 578 0 0.290701 0.727903 0.5 
n 579 0 0.414812 0.817385 0.5 
n 580 0 0.113542 0.600177 0.5 
n 581 0 0.093445 0.585687 0.5 
n 582 0 0.049533 0.554028 0.5 
n 583 0 0.351227 0.771541 0.5 
n 584 0 0.923839 0.773581 0.5 
n 585 0 0.780695 0.731362 0.5 
n 586 0 0.874346 0.758984 0.5 
n 587 0 0.572975 0.670098 0.5 
n 588 0 0.520447 0.654605 0.5 
n 589 0 0.819607 0.742839 0.5 
n 590 0 0.91235 0.770193 0.5 
n 591 0 0.637944 0.68926 0.5 
n 592 0 0.952014 0.781891 0.5 
n 593 0 0.856583 0.753745 0.5 
n 594 0 0.604999 0.679543 0.5 
n 595 0 0.925636 0.774111 0.5 
n 596 0 0.109496 0.0308644 0.5 
n 597 0 0.241902 0.0678649 0.5 
n 598 0 0.18221 0.0511842 0.5 
n 599 0 0.163792 0.0460374 0.5 
n 600 0 0.220842 0.0619799 0.5 
n 601 0 0.334985 0.0938766 0.5 
n 602 0 0.406465 0.113852 0.5 
n 603 0 0.48278 0.135178 0.5 
n 604 0 0.249764 0.0700619 0.5 
n 605 0 0.238767 0.0908815 0.5 
n 606 0 0.434272 0.18165 0.5 
n 607 0 0.152937 0.0510331 0.5 
n 608 0 0.155762 0.0523448 0.5 
n 609 0 0.217243 0.0808887 0.5 
n 610 0 0.37106 0.152302 0.5 
n 611 0 0.404739 0.167938 0.5 
n 612 0 0.24174 0.0922619 0.5 
n 613 0 0.876495 0.74228 0.5 
n 614 0 0.840847 0.71871 0.5 
n 615 0 0.913383 0.766668 0.5 
n 616 0 0.962743 0.799303 0.5 
n 617 0 0.865777 0.735193 0.5 
n 618 0 0.987843 0.815898 0.5 
n 619 0 1.0738 0.872728 0.5 
n 620 0 0.925366 0.774591 0.5 
n 621 0 0.326057 0.789518 0.5 
n 622 0 0.18316 0.540496 0.5 
n 623 0 0.148711 0.480463 0.5 
n 624 0 0.373572 0.872319 0.5 
n 625 0 0.143056 0.470608 0.5 
n 626 0 0.437556 0.913892 0.5 
n 627 0 0.125202 0.766151 0.5 
n 628 0 0.185941 0.79488 0.5 
n 629 0 0.380382 0.886849 0.5 
n 630 0 0.0611244 0.307222 0.5 
n 631 0 0.0490489 0.290394 0.5 
n 632 0 -0.0217306 0.191757 0.5 
n 633 0 0.150459 0.431716 0.5 
n 634 0 -0.020276 0.193784 0.5 
n 635 0 0.129569 0.402604 0.5 
n 636 0 0.557652 0.862233 0.5 
n 637 0 0.451478 0.828897 0.5 
n 638 0 0.112201 0.722372 0.5 
n 639 0 0.140854 0.731368 0.5 
n 640 0 0.54801 0.859206 0.5 
n 641 0 0.195256 0.748449 0.5 
n 642 0 0.358335 0.799652 0.5 
n 643 0 0.459703 0.778681 0.5 
n 644 0 0.548627 0.854534 0.5 
n 645 0 0.678144 0.965015 0.5 
n 646 0 0.323699 0.662666 0.5 
n 647 0 0.623214 0.918159 0.5 
n 648 0 0.267563 0.361877 0.5 
n 649 0 0.431896 0.278037 0.5 
n 650 0 0.586238 0.199294 0.5 
n 651 0 0.444671 0.271519 0.5 
n 652 0 0.541944 0.221892 0.5 
n 653 0 0.367939 0.310666 0.5 
n 654 0 0.700825 0.140834 0.5 
n 655 0 0.400716 0.293944 0.5 
n 656 0 0.540831 0.22246 0.5 
n 657 0 0.36835 0.310457 0.5 
n 658 0 0.0520522 0.30482 0.5 
n 659 0 0.235162 0.353298 0.5 
n 660 0 0.168735 0.335712 0.5 
n 661 0 -0.114657 0.260683 0.5 
n 662 0 -0.0135293 0.287457 0.5 
n 663 0 -0.130446 0.256503 0.5 
n 664 0 -0.156276 0.249665 0.5 
n 665 0 0.155056 0.33209 0.5 
n 666 0 0.891789 0.979517 0.5 
n 667 0 0.775581 0.792854 0.5 
n 668 0 0.864079 0.935007 0.5 
n 669 0 0.80989 0.847963 0.5 
n 670 0 0.859962 0.928393 0.5 
n 671 0 0.859903 0.928298 0.5 
n 672 0 0.829867 0.880052 0.5 
n 673 0 0.830169 0.880537 0.5 
n 674 0 0.848839 0.910527 0.5 
n 675 0 0.473884 0.69211 0.5 
n 676 0 0.469728 0.717482 0.5 
n 677 0 0.115182 0.732412 0.5 
n 678 0 0.164891 0.899799 0.5 
n 679 0 0.190233 0.985134 0.5 
n 680 0 0.156118 0.870257 0.5 
n 681 0 0.24413 0.0515038 0.5 
n 682 0 0.222715 0.208725 0.5 
n 683 0 0.236667 0.106298 0.5 
n 684 0 0.423387 0.623129 0.5 
n 685 0 0.432171 0.266878 0.5 
n 686 0 0.432541 0.251874 0.5 
n 687 0 0.430017 0.354242 0.5 
n 688 0 0.427037 0.475099 0.5 
n 689 0 0.429916 0.358331 0.5 
n 690 0 0.0846787 0.997187 0.5 
n 691 0 -0.0258365 0.987063 0.5 
n 692 0 0.909092 0.488902 0.5 
n 693 0 0.965984 0.57655 0.5 
n 694 0 0.850804 0.399103 0.5 
n 695 0 0.968107 0.579821 0.5 
n 696 0 1.00186 0.631821 0.5 
n 697 0 0.857954 0.410118 0.5 
n 698 0 1.04112 0.692313 0.5 
n 699 0 0.832479 0.370872 0.5 
n 700 0 0.797402 0.316832 0.5 
n 701 0 0.82352 0.35707 0.5 
n 702 0 1.00394 0.635021 0.5 
n 703 0 0.75197 0.165118 0.5 
n 704 0 0.492453 0.398069 0.5 
n 705 0 0.707197 0.205308 0.5 
n 706 0 0.595881 0.305229 0.5 
n 707 0 0.487146 0.402833 0.5 
n 708 0 0.578595 0.0532299 0.5 
n 709 0 0.628794 0.0856265 0.5 
n 710 0 0.682194 0.120088 0.5 
n 711 0 0.550225 0.0349218 0.5 
n 712 0 0.157403 0.0510562 0.5 
n 713 0 0.222858 0.051394 0.5 
n 714 0 0.309028 0.0518387 0.5 
n 715 0 0.408428 0.0523517 0.5 
n 716 0 0.427759 0.0524514 0.5 
n 717 0 0.256449 0.0515673 0.5 
n 718 0 0.573185 0.668505 0.5 
n 719 0 0.52232 0.653097 0.5 
n 720 0 0.819391 0.743084 0.5 
n 721 0 0.637514 0.687991 0.5 
n 722 0 0.60461 0.678024 0.5 
n 723 0 0.108904 0.5779 0.5 
n 724 0 0.0854317 0.465154 0.5 
n 725 0 0.0933001 0.502948 0.5 
n 726 0 0.886148 0.667245 0.5 
n 727 0 0.917378 0.424495 0.5 
n 728 0 0.885323 0.673661 0.5 
n 729 0 0.881484 0.7035 0.5 
n 730 0 0.581513 0.60542 0.5 
n 731 0 0.560707 0.76303 0.5 
n 732 0 0.583041 0.593845 0.5 
n 733 0 0.582961 0.594455 0.5 
n 734 0 0.827315 0.407442 0.5 
n 735 0 0.60348 0.587728 0.5 
n 736 0 0.452865 0.709039 0.5 
n 737 0 0.734557 0.482152 0.5 
n 738 0 0.807138 0.423693 0.5 
n 739 0 0.585239 0.60242 0.5 
n 740 0 0.589199 0.59923 0.5 
n 741 0 0.663132 0.539681 0.5 
n 742 0 0.439752 0.263552 0.5 
n 743 0 0.552974 0.213886 0.5 
n 744 0 0.354252 0.301058 0.5 
n 745 0 0.401146 0.280488 0.5 
n 746 0 0.539159 0.219946 0.5 
n 747 0 0.355538 0.300494 0.5 
n 748 0 -0.020492 0.190784 0.5 
n 749 0 0.970601 0.571304 0.5 
n 750 0 0.728075 0.846823 0.5 
n 751 0 0.883337 0.670439 0.5 
n 752 0 0.916592 0.632661 0.5 
n 753 0 1.00417 0.533171 0.5 
n 754 0 0.572935 0.497745 0.5 
n 755 0 0.835249 0.404625 0.5 
n 756 0 0.730568 0.441786 0.5 
n 757 0 0.812393 0.412739 0.5 
n 758 0 0.587008 0.492749 0.5 
n 759 0 0.597835 0.488906 0.5 
n 760 0 0.9444 0.660766 0.5 
n 761 0 0.922807 0.734492 0.5 
n 762 0 0.868117 0.921219 0.5 
n 763 0 0.865749 0.929304 0.5 
n 764 0 0.880621 0.878528 0.5 
n 765 0 0.871152 0.910856 0.5 
n 766 0 0.895551 0.827552 0.5 
n 767 0 0.252491 0.505571 0.5 
n 768 0 0.00727393 0.629094 0.5 
n 769 0 0.683925 0.824719 0.5 
n 770 0 0.613768 0.618037 0.5 
n 771 0 0.574726 0.503019 0.5 
n 772 0 0.55993 0.459431 0.5 
n 773 0 0.141511 0.478721 0.5 
n 774 0 -0.181742 0.400514 0.5 
n 775 0 -0.00225873 0.443938 0.5 
n 776 0 0.10523 0.469943 0.5 
n 777 0 0.794078 0.879867 0.5 
n 778 0 0.636057 0.800754 0.5 
n 779 0 0.605553 0.785483 0.5 
n 780 0 0.846623 0.000734193 0.5 
n 781 0 0.840738 0.0030276 0.5 
n 782 0 0.667564 0.0705173 0.5 
n 783 0 0.190312 0.773092 0.5 
n 784 0 -0.0120934 0.663497 0.5 
n 785 0 0.377206 0.874287 0.5 
n 786 0 0.196421 0.190268 0.5 
n 787 0 0.185412 0.248105 0.5 
n 788 0 0.403558 0.204934 0.5 
n 789 0 0.540939 0.222622 0.5 
n 790 0 0.840762 0.00498854 0.5 
n 791 0 0.726045 0.0882582 0.5 
n 792 0 0.891392 0.68351 0.5 
n 793 0 0.978198 0.824383 0.5 
n 794 0 1.06385 0.963389 0.5 
n 795 0 1.00918 0.874668 0.5 
n 796 0 0.935941 0.755806 0.5 
n 797 0 0.149187 0.978072 0.5 
n 798 0 0.170907 0.869813 0.5 
n 799 0 0.399476 0.332803 0.5 
n 800 0 0.374925 0.31557 0.5 
n 801 0 0.204314 0.195808 0.5 
n 802 0 0.742164 0.559123 0.5 
n 803 0 0.724263 0.377986 0.5 
n 804 0 0.72303 0.365509 0.5 
n 805 0 0.899268 0.231658 0.5 
n 806 0 0.839755 0.355706 0.5 
n 807 0 0.399418 0.334615 0.5 
n 808 0 0.777134 0.914057 0.5 
n 809 0 0.803518 0.860821 0.5 
n 810 0 0.583255 0.59468 0.5 
n 811 0 0.990475 0.343048 0.5 
n 812 0 0.860043 0.928322 0.5 
n 813 0 0.91792 0.877409 0.5 
n 814 0 0.875903 0.914371 0.5 
n 815 0 0.672858 0.420967 0.5 
n 816 0 0.640579 0.372434 0.5 
n 817 0 -0.0947164 0.936106 0.5 
n 818 0 -0.159304 0.924993 0.5 
n 819 0 0.740988 0.364001 0.5 
n 820 0 0.594607 0.486396 0.5 
n 821 0 -0.170473 0.880062 0.5 
n 822 0 -0.133383 0.878949 0.5 
n 823 0 0.855269 0.899106 0.5 
