b 835 100 1.000000 1.000000 0.000000 1 0 0
f 0 0.010000 0 205 200 207 206 201 203 202 204 1 
f 1 0.010000 2 214 210 212 211 213 217 208 215 209 216 3 
f 2 0.010000 4 218 227 231 219 220 229 225 226 224 230 223 221 228 222 5 
f 3 0.010000 6 234 233 240 218 239 241 238 232 235 236 237 7 
f 4 0.010000 8 247 246 244 245 249 243 250 242 248 9 
f 5 0.010000 10 253 257 260 255 259 256 251 254 258 252 11 
f 6 0.010000 12 266 261 270 208 265 272 275 269 271 267 263 262 264 273 268 274 13 
f 7 0.010000 14 282 281 280 277 232 285 284 279 219 283 278 276 15 
f 8 0.010000 16 301 292 286 299 295 289 294 291 297 300 298 287 288 293 290 296 17 
f 9 0.010000 18 307 286 305 309 306 303 302 276 304 308 19 
f 10 0.010000 20 317 321 311 310 312 233 315 318 320 313 316 319 314 21 
f 11 0.010000 22 328 326 323 310 322 329 327 325 324 332 331 333 330 23 
f 12 0.010000 24 338 335 334 242 200 336 337 339 25 
f 13 0.010000 26 348 342 345 340 346 344 347 349 350 343 341 27 
f 14 0.010000 28 356 357 354 360 352 351 359 355 358 353 29 
f 15 0.010000 30 367 366 363 365 361 368 370 364 261 209 369 362 31 
f 16 0.010000 32 234 371 322 311 386 378 377 373 380 372 375 376 383 379 382 385 374 384 381 33 
f 17 0.010000 34 395 391 390 389 277 235 393 394 388 220 392 387 35 
f 18 0.010000 36 405 402 401 396 399 407 403 221 398 408 397 406 404 236 400 37 
f 19 0.010000 38 412 414 410 415 411 417 323 312 371 416 409 413 39 
f 20 0.010000 40 421 201 422 243 418 423 420 419 41 
f 21 0.010000 42 433 425 429 435 430 434 424 351 262 426 427 428 432 251 431 43 
f 22 0.010000 44 440 438 441 424 352 263 437 436 439 45 
f 23 0.010000 46 454 443 452 453 457 450 456 446 372 449 442 451 455 447 445 448 444 47 
f 24 0.010000 48 470 459 460 466 222 471 461 463 458 465 468 462 469 442 464 467 373 49 
f 25 0.010000 50 396 474 458 476 472 477 483 475 374 482 480 481 479 478 473 443 51 
f 26 0.010000 52 493 484 302 495 494 487 313 489 492 488 485 486 490 491 53 
f 27 0.010000 54 499 501 506 505 503 496 497 502 498 504 500 508 507 55 
f 28 0.010000 56 314 515 516 303 484 511 514 510 223 509 517 397 459 512 513 57 
f 29 0.010000 58 518 521 519 340 520 522 324 444 523 59 
f 30 0.010000 60 530 528 527 529 526 460 532 398 509 531 224 524 525 387 278 61 
f 31 0.010000 62 341 537 536 361 535 533 210 534 425 63 
f 32 0.010000 64 353 542 546 547 264 426 538 544 539 540 541 252 543 496 545 485 65 
f 33 0.010000 66 557 555 279 388 553 225 548 524 554 510 556 552 399 461 549 550 472 551 67 
f 34 0.010000 68 427 538 560 436 565 561 566 568 567 563 564 562 558 559 69 
f 35 0.010000 70 253 573 578 571 577 428 572 539 570 569 574 576 575 71 
f 36 0.010000 72 581 497 582 486 579 342 583 409 584 580 325 73 
f 37 0.010000 74 587 585 590 558 362 589 588 265 586 591 429 75 
f 38 0.010000 76 602 226 548 525 511 598 596 601 597 595 600 592 599 593 594 445 77 
f 39 0.010000 78 603 202 244 606 607 604 609 610 343 266 559 608 585 605 79 
f 40 0.010000 80 540 611 569 618 613 615 612 287 620 621 619 614 616 617 81 
f 41 0.010000 82 626 354 627 625 267 624 437 560 623 570 611 541 254 622 498 83 
f 42 0.010000 84 628 629 237 400 280 389 85 
f 43 0.010000 86 630 631 255 571 268 633 542 632 355 438 430 634 87 
f 44 0.010000 88 641 637 642 635 375 446 639 640 410 636 644 638 238 643 89 
f 45 0.010000 90 647 652 592 654 645 649 462 646 653 635 376 648 655 656 651 650 473 91 
f 46 0.010000 92 660 593 657 447 377 659 411 663 326 658 662 239 227 661 93 
f 47 0.010000 94 664 327 448 594 657 669 670 645 667 668 665 401 474 463 549 671 666 526 95 
f 48 0.010000 96 674 315 675 240 676 658 328 672 677 636 673 412 97 
f 49 0.010000 98 682 679 475 683 680 637 646 681 449 464 678 99 
f 50 0.010000 100 672 638 390 281 101 
f 51 0.010000 102 487 316 685 499 684 688 687 543 686 622 431 689 103 
f 52 0.010000 104 692 518 693 690 603 203 245 694 418 695 334 691 105 
f 53 0.010000 106 697 700 703 699 561 698 439 623 544 572 432 256 701 696 630 702 107 
f 54 0.010000 108 211 705 533 363 706 710 711 604 704 709 708 707 519 109 
f 55 0.010000 110 573 257 715 631 696 714 500 716 690 204 246 712 713 704 111 
f 56 0.010000 112 579 488 719 501 684 612 288 721 722 720 717 718 113 
f 57 0.010000 114 364 725 726 723 705 212 534 433 724 115 
f 58 0.010000 116 729 344 728 520 727 732 580 664 329 317 378 659 730 639 731 117 
f 59 0.010000 118 737 733 419 736 706 365 535 723 213 739 586 356 738 740 269 735 734 119 
f 60 0.010000 120 628 742 512 741 527 743 550 476 121 
f 61 0.010000 122 746 489 685 748 749 747 744 289 745 123 
f 62 0.010000 124 647 752 587 605 750 717 751 756 754 755 290 613 753 574 125 
f 63 0.010000 126 724 214 366 759 335 420 733 760 758 606 712 247 757 127 
f 64 0.010000 128 761 763 528 766 477 551 465 402 665 764 762 595 765 129 
f 65 0.010000 130 769 727 413 768 345 490 767 502 581 686 258 131 
f 66 0.010000 132 367 691 248 205 336 770 771 421 133 
f 67 0.010000 134 761 772 741 529 666 466 228 403 774 552 596 773 135 
f 68 0.010000 136 330 776 775 728 346 707 521 692 491 767 582 545 503 137 
f 69 0.010000 138 536 368 779 725 270 215 588 777 562 778 750 614 291 744 139 
f 70 0.010000 140 781 379 782 648 783 450 780 414 673 784 391 282 141 
f 71 0.010000 142 504 693 757 708 729 347 775 331 785 143 
f 72 0.010000 144 768 583 674 318 304 283 392 229 553 145 
f 73 0.010000 146 730 380 467 678 451 787 649 667 762 597 292 788 786 147 
f 74 0.010000 148 709 713 607 758 694 249 422 206 789 770 337 149 
f 75 0.010000 150 742 513 772 763 530 679 793 381 792 791 790 478 650 452 794 151 
f 76 0.010000 152 505 687 796 575 615 293 798 799 797 751 718 563 795 777 589 369 216 153 
f 77 0.010000 154 624 734 802 804 801 803 697 795 564 778 590 608 752 800 155 
f 78 0.010000 156 806 805 790 479 651 453 807 780 731 640 415 157 
f 79 0.010000 158 416 584 732 769 522 332 809 652 800 808 616 294 159 
f 80 0.010000 160 808 617 745 295 810 305 812 786 773 598 514 554 230 531 813 811 404 629 161 
f 81 0.010000 162 348 746 492 719 506 688 796 576 753 618 296 698 565 814 815 801 163 
f 82 0.010000 164 493 306 819 817 747 297 619 720 797 818 754 816 566 699 814 802 735 271 625 165 
f 83 0.010000 166 809 785 333 776 349 609 710 736 338 759 167 
f 84 0.010000 168 764 668 405 468 641 680 781 382 822 821 480 820 791 805 454 169 
f 85 0.010000 170 711 760 737 423 695 250 207 789 771 339 171 
f 86 0.010000 172 523 660 599 669 823 787 469 681 653 642 383 782 824 825 481 820 792 806 173 
f 87 0.010000 174 827 494 319 748 298 620 721 798 755 816 826 567 700 803 272 738 357 626 175 
f 88 0.010000 176 507 829 714 689 701 259 577 273 828 546 632 358 440 177 
f 89 0.010000 178 455 823 670 654 600 765 307 299 810 817 830 515 179 
f 90 0.010000 180 831 702 715 260 578 274 633 828 547 359 441 434 181 
f 91 0.010000 182 435 634 591 739 217 726 779 370 537 610 350 183 
f 92 0.010000 184 831 829 508 716 185 
f 93 0.010000 186 675 308 661 231 555 284 832 393 811 406 470 187 
f 94 0.010000 188 682 793 384 482 821 833 824 655 783 456 189 
f 95 0.010000 190 834 830 749 300 621 722 799 818 756 826 568 703 815 804 275 740 627 360 191 
f 96 0.010000 192 794 807 457 656 825 833 822 385 683 483 766 743 671 471 407 774 556 193 
f 97 0.010000 194 320 827 495 516 834 819 309 812 788 301 601 195 
f 98 0.010000 196 676 662 241 643 557 285 832 394 602 813 517 408 532 197 
f 99 0.010000 198 321 386 417 663 677 644 784 395 199 
n 0 2 0.987736 0.000000 0.000000
n 1 1 0.984371 0.287725 0.000000
n 2 2 0.232186 0.000000 0.000000
n 3 1 0.328176 0.400200 0.000000
n 4 1 0.887323 0.719801 0.000000
n 5 1 0.407000 0.853041 0.000000
n 6 1 1.001463 0.604075 0.000000
n 7 1 0.614209 0.915067 0.000000
n 8 1 0.995149 0.345819 0.000000
n 9 2 0.997725 0.000000 0.000000
n 10 2 0.697726 0.000000 0.000000
n 11 1 0.673601 0.352424 0.000000
n 12 1 0.256000 0.421361 0.000000
n 13 1 0.636815 0.103627 0.000000
n 14 2 0.775804 1.000000 0.000000
n 15 1 0.641346 0.669420 0.000000
n 16 1 0.373657 0.747751 0.000000
n 17 1 0.596414 0.304536 0.000000
n 18 1 0.373261 0.683617 0.000000
n 19 1 0.873514 0.694040 0.000000
n 20 1 1.044298 0.682825 0.000000
n 21 1 0.548230 0.586378 0.000000
n 22 1 -0.083450 0.775708 0.000000
n 23 1 0.258682 0.419537 0.000000
n 24 1 1.133798 0.200076 0.000000
n 25 2 0.942407 0.000000 0.000000
n 26 1 -0.189167 0.554299 0.000000
n 27 1 0.268603 0.370215 0.000000
n 28 1 0.417435 0.269045 0.000000
n 29 2 0.608073 0.000000 0.000000
n 30 1 0.051347 0.020429 0.000000
n 31 1 0.352389 0.426246 0.000000
n 32 1 0.976285 0.607897 0.000000
n 33 2 0.241306 1.000000 0.000000
n 34 2 0.851328 1.000000 0.000000
n 35 1 0.623268 0.743411 0.000000
n 36 1 0.227357 0.775536 0.000000
n 37 1 0.708754 0.912943 0.000000
n 38 2 0.977707 1.000000 0.000000
n 39 1 1.011319 0.515683 0.000000
n 40 2 0.867786 0.000000 0.000000
n 41 1 1.107457 0.225037 0.000000
n 42 1 0.262087 0.078935 0.000000
n 43 1 0.752356 0.191840 0.000000
n 44 2 0.391295 0.000000 0.000000
n 45 1 0.616695 0.269404 0.000000
n 46 2 0.122066 1.000000 0.000000
n 47 1 0.122348 0.589561 0.000000
n 48 1 0.523294 0.883580 0.000000
n 49 1 0.045016 0.733457 0.000000
n 50 1 0.429083 0.774232 0.000000
n 51 2 0.045108 1.000000 0.000000
n 52 1 0.531383 0.703948 0.000000
n 53 1 0.875930 0.351740 0.000000
n 54 1 0.613829 0.522223 0.000000
n 55 1 0.914928 0.126270 0.000000
n 56 1 0.586082 0.570705 0.000000
n 57 2 0.446270 1.000000 0.000000
n 58 1 0.819145 0.302029 0.000000
n 59 1 1.178136 0.650851 0.000000
n 60 1 0.281341 0.987454 0.000000
n 61 1 0.701176 0.721983 0.000000
n 62 1 0.228403 0.390665 0.000000
n 63 2 0.266345 0.000000 0.000000
n 64 1 0.508063 0.072436 0.000000
n 65 1 0.865053 0.427838 0.000000
n 66 1 0.730238 0.784482 0.000000
n 67 1 0.236091 0.850886 0.000000
n 68 1 0.638554 0.166526 0.000000
n 69 1 0.273162 0.503977 0.000000
n 70 2 0.718989 0.000000 0.000000
n 71 1 0.594185 0.398162 0.000000
n 72 1 0.711101 0.268879 0.000000
n 73 1 0.081721 0.615036 0.000000
n 74 1 0.348860 0.555183 0.000000
n 75 1 0.307697 0.055823 0.000000
n 76 1 0.617714 0.816451 0.000000
n 77 1 0.129544 0.692180 0.000000
n 78 1 -0.066316 0.227215 0.000000
n 79 1 0.368866 0.479757 0.000000
n 80 1 0.681937 0.209852 0.000000
n 81 1 0.402235 0.621958 0.000000
n 82 1 0.348056 0.192840 0.000000
n 83 1 0.846430 0.258253 0.000000
n 84 2 0.487067 1.000000 0.000000
n 85 1 0.763834 0.820563 0.000000
n 86 1 0.848393 0.127600 0.000000
n 87 1 0.348074 0.103362 0.000000
n 88 1 1.220912 0.879536 0.000000
n 89 1 0.730201 0.776776 0.000000
n 90 1 0.203458 0.476758 0.000000
n 91 1 0.130357 0.967469 0.000000
n 92 1 1.193402 0.695889 0.000000
n 93 1 0.699201 0.759020 0.000000
n 94 1 0.033080 0.624476 0.000000
n 95 1 0.460593 0.894721 0.000000
n 96 1 0.852998 0.589961 0.000000
n 97 2 1.010956 1.000000 0.000000
n 98 2 0.273265 1.000000 0.000000
n 99 1 0.074475 0.713454 0.000000
n 100 1 0.930396 0.773582 0.000000
n 101 2 0.600119 1.000000 0.000000
n 102 1 0.618227 0.632227 0.000000
n 103 1 0.731400 0.150235 0.000000
n 104 1 0.896553 0.420776 0.000000
n 105 2 1.045780 0.000000 0.000000
n 106 1 0.421258 0.343012 0.000000
n 107 1 0.840261 0.074601 0.000000
n 108 1 0.288542 0.102568 0.000000
n 109 1 0.932477 0.450316 0.000000
n 110 1 0.638696 0.068934 0.000000
n 111 1 0.074756 0.317902 0.000000
n 112 1 0.926534 0.470413 0.000000
n 113 1 0.429643 0.395763 0.000000
n 114 1 0.266700 0.346816 0.000000
n 115 2 0.253890 0.000000 0.000000
n 116 1 0.056940 0.410201 0.000000
n 117 1 0.013173 0.908942 0.000000
n 118 1 0.061698 0.201244 0.000000
n 119 1 0.566307 0.227326 0.000000
n 120 2 0.573274 1.000000 0.000000
n 121 1 0.316976 0.823028 0.000000
n 122 1 0.854279 0.486150 0.000000
n 123 1 0.376770 0.636907 0.000000
n 124 1 0.179547 0.550320 0.000000
n 125 1 0.626076 0.327747 0.000000
n 126 1 0.268248 0.019513 0.000000
n 127 1 -0.084017 0.369296 0.000000
n 128 2 0.409491 1.000000 0.000000
n 129 1 0.224360 0.674990 0.000000
n 130 1 1.065157 0.565098 0.000000
n 131 1 0.674815 0.242223 0.000000
n 132 2 0.179305 0.000000 0.000000
n 133 1 0.910656 0.065789 0.000000
n 134 2 0.400899 1.000000 0.000000
n 135 1 0.492269 0.719357 0.000000
n 136 1 0.210652 0.508959 0.000000
n 137 1 0.739018 0.341049 0.000000
n 138 1 0.203478 0.220920 0.000000
n 139 1 0.518903 0.615728 0.000000
n 140 1 1.182096 0.898571 0.000000
n 141 1 0.688644 0.971758 0.000000
n 142 1 0.823813 0.203186 0.000000
n 143 1 1.190142 0.546511 0.000000
n 144 1 1.011350 0.482819 0.000000
n 145 1 0.638125 0.800623 0.000000
n 146 1 0.004331 0.755546 0.000000
n 147 1 0.499463 0.698455 0.000000
n 148 1 0.044493 0.376899 0.000000
n 149 2 0.971195 0.000000 0.000000
n 150 1 0.509509 0.951453 0.000000
n 151 1 0.010124 0.945729 0.000000
n 152 1 0.783182 0.385466 0.000000
n 153 1 0.280733 0.400020 0.000000
n 154 1 0.541364 0.191114 0.000000
n 155 1 0.245016 0.589191 0.000000
n 156 2 0.210958 1.000000 0.000000
n 157 1 0.975213 0.809903 0.000000
n 158 1 0.978554 0.554094 0.000000
n 159 1 0.476331 0.592323 0.000000
n 160 1 0.346344 0.525769 0.000000
n 161 1 0.598409 0.957601 0.000000
n 162 1 -0.133906 0.590622 0.000000
n 163 1 0.490575 0.260690 0.000000
n 164 1 0.534426 0.708881 0.000000
n 165 1 0.496654 0.210456 0.000000
n 166 1 0.186039 0.621659 0.000000
n 167 1 0.117425 0.128502 0.000000
n 168 1 0.286704 0.748786 0.000000
n 169 2 0.107818 1.000000 0.000000
n 170 1 0.135265 0.303857 0.000000
n 171 2 -0.049195 0.000000 0.000000
n 172 1 1.161149 0.585829 0.000000
n 173 2 0.143573 1.000000 0.000000
n 174 1 0.627661 0.659007 0.000000
n 175 1 0.442749 0.189153 0.000000
n 176 1 0.942624 0.195307 0.000000
n 177 1 0.451009 0.091282 0.000000
n 178 1 0.122324 0.732096 0.000000
n 179 1 0.604679 0.620268 0.000000
n 180 1 0.900649 0.077441 0.000000
n 181 1 0.404377 0.142248 0.000000
n 182 1 0.409139 0.022303 0.000000
n 183 1 0.174655 0.460466 0.000000
n 184 2 0.823672 0.000000 0.000000
n 185 1 0.885479 0.251052 0.000000
n 186 1 0.923075 0.666559 0.000000
n 187 1 0.482749 0.900004 0.000000
n 188 2 0.308168 1.000000 0.000000
n 189 1 0.056329 0.852337 0.000000
n 190 1 0.552329 0.674117 0.000000
n 191 1 0.479357 0.178251 0.000000
n 192 1 0.029512 0.953047 0.000000
n 193 1 0.504545 0.806740 0.000000
n 194 1 0.776157 0.616364 0.000000
n 195 1 0.293307 0.739484 0.000000
n 196 1 0.944441 0.715364 0.000000
n 197 1 0.467093 0.859745 0.000000
n 198 1 1.033514 0.671095 0.000000
n 199 2 0.776593 1.000000 0.000000
n 200 0 0.985499 0.048100 0.000000
n 201 0 0.983386 0.114461 0.000000
n 202 0 0.984876 0.254490 0.000000
n 203 0 0.983383 0.167587 0.000000
n 204 0 0.984667 0.268242 0.000000
n 205 0 0.985555 0.046841 0.000000
n 206 0 0.984309 0.077963 0.000000
n 207 0 0.984996 0.059634 0.000000
n 208 0 0.319985 0.366586 0.000000
n 209 0 0.325457 0.388927 0.000000
n 210 0 0.263706 0.099406 0.000000
n 211 0 0.269004 0.121339 0.000000
n 212 0 0.264670 0.103343 0.000000
n 213 0 0.287931 0.214231 0.000000
n 214 0 0.247715 0.037996 0.000000
n 215 0 0.323693 0.381695 0.000000
n 216 0 0.327948 0.399254 0.000000
n 217 0 0.294290 0.240740 0.000000
n 218 0 0.842147 0.732877 0.000000
n 219 0 0.687748 0.778835 0.000000
n 220 0 0.659747 0.787186 0.000000
n 221 0 0.450059 0.841269 0.000000
n 222 0 0.419786 0.849545 0.000000
n 223 0 0.503576 0.827175 0.000000
n 224 0 0.547215 0.815792 0.000000
n 225 0 0.601638 0.802192 0.000000
n 226 0 0.580727 0.807210 0.000000
n 227 0 0.801572 0.744621 0.000000
n 228 0 0.449730 0.841357 0.000000
n 229 0 0.651818 0.789478 0.000000
n 230 0 0.527731 0.820852 0.000000
n 231 0 0.741573 0.762613 0.000000
n 232 0 0.713558 0.840288 0.000000
n 233 0 0.929715 0.659304 0.000000
n 234 0 0.982912 0.618355 0.000000
n 235 0 0.711172 0.842183 0.000000
n 236 0 0.639531 0.895109 0.000000
n 237 0 0.635200 0.898523 0.000000
n 238 0 0.780007 0.785407 0.000000
n 239 0 0.832887 0.740418 0.000000
n 240 0 0.897320 0.688984 0.000000
n 241 0 0.817076 0.753504 0.000000
n 242 0 0.995360 0.058963 0.000000
n 243 0 0.993885 0.124365 0.000000
n 244 0 0.996170 0.260542 0.000000
n 245 0 0.993873 0.136307 0.000000
n 246 0 0.996034 0.274223 0.000000
n 247 0 0.995858 0.288465 0.000000
n 248 0 0.995927 0.044279 0.000000
n 249 0 0.993875 0.128054 0.000000
n 250 0 0.994718 0.076305 0.000000
n 251 0 0.687995 0.179625 0.000000
n 252 0 0.681530 0.249194 0.000000
n 253 0 0.696258 0.093461 0.000000
n 254 0 0.682387 0.237704 0.000000
n 255 0 0.693433 0.124594 0.000000
n 256 0 0.688476 0.174827 0.000000
n 257 0 0.695806 0.099457 0.000000
n 258 0 0.681660 0.247504 0.000000
n 259 0 0.690964 0.148380 0.000000
n 260 0 0.695133 0.107342 0.000000
n 261 0 0.313115 0.372587 0.000000
n 262 0 0.577102 0.154952 0.000000
n 263 0 0.544261 0.181250 0.000000
n 264 0 0.583666 0.149642 0.000000
n 265 0 0.331951 0.356190 0.000000
n 266 0 0.260924 0.417156 0.000000
n 267 0 0.508768 0.212228 0.000000
n 268 0 0.617136 0.120891 0.000000
n 269 0 0.492331 0.226836 0.000000
n 270 0 0.315074 0.370881 0.000000
n 271 0 0.497465 0.222275 0.000000
n 272 0 0.465962 0.250076 0.000000
n 273 0 0.605912 0.130689 0.000000
n 274 0 0.621503 0.117060 0.000000
n 275 0 0.486613 0.231908 0.000000
n 276 0 0.650788 0.690068 0.000000
n 277 0 0.716845 0.848350 0.000000
n 278 0 0.673434 0.739588 0.000000
n 279 0 0.692383 0.789995 0.000000
n 280 0 0.717122 0.849033 0.000000
n 281 0 0.739193 0.905770 0.000000
n 282 0 0.760551 0.961126 0.000000
n 283 0 0.681896 0.764623 0.000000
n 284 0 0.692505 0.790289 0.000000
n 285 0 0.693984 0.793853 0.000000
n 286 0 0.405658 0.682902 0.000000
n 287 0 0.530170 0.424488 0.000000
n 288 0 0.537575 0.410514 0.000000
n 289 0 0.433436 0.612047 0.000000
n 290 0 0.565016 0.359996 0.000000
n 291 0 0.455036 0.554397 0.000000
n 292 0 0.385751 0.723345 0.000000
n 293 0 0.544634 0.397340 0.000000
n 294 0 0.439578 0.595326 0.000000
n 295 0 0.424806 0.635606 0.000000
n 296 0 0.578167 0.336766 0.000000
n 297 0 0.508768 0.462402 0.000000
n 298 0 0.529207 0.426271 0.000000
n 299 0 0.408709 0.676286 0.000000
n 300 0 0.512558 0.455832 0.000000
n 301 0 0.384691 0.725484 0.000000
n 302 0 0.554655 0.681464 0.000000
n 303 0 0.551580 0.681285 0.000000
n 304 0 0.767464 0.695132 0.000000
n 305 0 0.453740 0.679228 0.000000
n 306 0 0.533524 0.680402 0.000000
n 307 0 0.386035 0.683336 0.000000
n 308 0 0.860482 0.694175 0.000000
n 309 0 0.526647 0.680127 0.000000
n 310 0 1.017968 0.677895 0.000000
n 311 0 1.021854 0.678618 0.000000
n 312 0 1.008020 0.675967 0.000000
n 313 0 0.631605 0.604155 0.000000
n 314 0 0.578871 0.593141 0.000000
n 315 0 0.881535 0.653382 0.000000
n 316 0 0.624678 0.602878 0.000000
n 317 0 1.040310 0.682073 0.000000
n 318 0 0.828102 0.645688 0.000000
n 319 0 0.603870 0.598659 0.000000
n 320 0 0.746620 0.623867 0.000000
n 321 0 1.027018 0.679563 0.000000
n 322 0 0.019996 0.675936 0.000000
n 323 0 0.006879 0.688517 0.000000
n 324 0 0.110054 0.575224 0.000000
n 325 0 0.075804 0.610304 0.000000
n 326 0 -0.029865 0.724252 0.000000
n 327 0 0.056298 0.638592 0.000000
n 328 0 -0.074660 0.767268 0.000000
n 329 0 0.043065 0.652929 0.000000
n 330 0 0.182173 0.500295 0.000000
n 331 0 0.162022 0.521232 0.000000
n 332 0 0.123777 0.560195 0.000000
n 333 0 0.171220 0.511855 0.000000
n 334 0 1.014535 0.079926 0.000000
n 335 0 1.106153 0.171290 0.000000
n 336 0 0.984579 0.047083 0.000000
n 337 0 0.977699 0.039468 0.000000
n 338 0 1.125593 0.191532 0.000000
n 339 0 0.965652 0.026053 0.000000
n 340 0 0.005273 0.479845 0.000000
n 341 0 0.229369 0.383519 0.000000
n 342 0 -0.046764 0.500835 0.000000
n 343 0 0.217654 0.387491 0.000000
n 344 0 0.053290 0.456769 0.000000
n 345 0 -0.025651 0.491943 0.000000
n 346 0 0.051084 0.457832 0.000000
n 347 0 0.075276 0.446281 0.000000
n 348 0 -0.172627 0.548089 0.000000
n 349 0 0.153281 0.409040 0.000000
n 350 0 0.216717 0.387813 0.000000
n 351 0 0.511362 0.139617 0.000000
n 352 0 0.510568 0.140599 0.000000
n 353 0 0.539570 0.105108 0.000000
n 354 0 0.462948 0.206750 0.000000
n 355 0 0.529570 0.117633 0.000000
n 356 0 0.448725 0.226268 0.000000
n 357 0 0.453928 0.219156 0.000000
n 358 0 0.531205 0.115616 0.000000
n 359 0 0.518206 0.131330 0.000000
n 360 0 0.479988 0.182973 0.000000
n 361 0 0.242064 0.269972 0.000000
n 362 0 0.337118 0.404883 0.000000
n 363 0 0.188464 0.195506 0.000000
n 364 0 0.266166 0.303350 0.000000
n 365 0 0.197704 0.209850 0.000000
n 366 0 0.146494 0.137598 0.000000
n 367 0 0.061230 0.032599 0.000000
n 368 0 0.258321 0.292335 0.000000
n 369 0 0.333035 0.399172 0.000000
n 370 0 0.263269 0.299261 0.000000
n 371 0 0.009576 0.660434 0.000000
n 372 0 0.127713 0.831796 0.000000
n 373 0 0.063131 0.739227 0.000000
n 374 0 0.185977 0.918539 0.000000
n 375 0 0.149302 0.864058 0.000000
n 376 0 0.154653 0.871995 0.000000
n 377 0 0.046531 0.714589 0.000000
n 378 0 0.038063 0.702140 0.000000
n 379 0 0.173476 0.899842 0.000000
n 380 0 0.069353 0.748602 0.000000
n 381 0 0.205149 0.947101 0.000000
n 382 0 0.176299 0.904057 0.000000
n 383 0 0.156997 0.875466 0.000000
n 384 0 0.197344 0.935496 0.000000
n 385 0 0.177800 0.906304 0.000000
n 386 0 0.024650 0.682649 0.000000
n 387 0 0.638496 0.761760 0.000000
n 388 0 0.666138 0.794189 0.000000
n 389 0 0.717346 0.848896 0.000000
n 390 0 0.757036 0.893631 0.000000
n 391 0 0.810381 0.953758 0.000000
n 392 0 0.657594 0.784772 0.000000
n 393 0 0.672752 0.801309 0.000000
n 394 0 0.672351 0.800879 0.000000
n 395 0 0.811996 0.955574 0.000000
n 396 0 0.362536 0.814411 0.000000
n 397 0 0.493624 0.854409 0.000000
n 398 0 0.486471 0.852237 0.000000
n 399 0 0.401675 0.826052 0.000000
n 400 0 0.640200 0.895281 0.000000
n 401 0 0.316051 0.801690 0.000000
n 402 0 0.295328 0.795886 0.000000
n 403 0 0.449789 0.841186 0.000000
n 404 0 0.552456 0.872409 0.000000
n 405 0 0.259735 0.785229 0.000000
n 406 0 0.540937 0.869085 0.000000
n 407 0 0.418416 0.831264 0.000000
n 408 0 0.489633 0.853196 0.000000
n 409 0 1.008530 0.551840 0.000000
n 410 0 0.994761 0.831021 0.000000
n 411 0 1.004198 0.719777 0.000000
n 412 0 0.984894 0.928252 0.000000
n 413 0 1.010921 0.520833 0.000000
n 414 0 0.984937 0.927837 0.000000
n 415 0 0.995283 0.826364 0.000000
n 416 0 1.008257 0.556119 0.000000
n 417 0 1.005224 0.707822 0.000000
n 418 0 0.997012 0.127289 0.000000
n 419 0 1.081003 0.201324 0.000000
n 420 0 1.078546 0.199122 0.000000
n 421 0 0.928552 0.061253 0.000000
n 422 0 0.992939 0.123478 0.000000
n 423 0 1.067250 0.188952 0.000000
n 424 0 0.509443 0.139093 0.000000
n 425 0 0.265738 0.079792 0.000000
n 426 0 0.592306 0.158314 0.000000
n 427 0 0.637733 0.167335 0.000000
n 428 0 0.669364 0.175625 0.000000
n 429 0 0.310666 0.089685 0.000000
n 430 0 0.381146 0.105049 0.000000
n 431 0 0.722141 0.186106 0.000000
n 432 0 0.682783 0.178534 0.000000
n 433 0 0.263935 0.079369 0.000000
n 434 0 0.490349 0.133763 0.000000
n 435 0 0.367129 0.101752 0.000000
n 436 0 0.578679 0.221997 0.000000
n 437 0 0.578115 0.221302 0.000000
n 438 0 0.490717 0.112608 0.000000
n 439 0 0.589797 0.235862 0.000000
n 440 0 0.482543 0.100850 0.000000
n 441 0 0.504511 0.132365 0.000000
n 442 0 0.129023 0.758397 0.000000
n 443 0 0.123486 0.954701 0.000000
n 444 0 0.122448 0.590716 0.000000
n 445 0 0.130227 0.692363 0.000000
n 446 0 0.126778 0.859084 0.000000
n 447 0 0.129874 0.702649 0.000000
n 448 0 0.130386 0.683280 0.000000
n 449 0 0.129030 0.788193 0.000000
n 450 0 0.125190 0.907010 0.000000
n 451 0 0.128834 0.740315 0.000000
n 452 0 0.123768 0.945843 0.000000
n 453 0 0.124294 0.930270 0.000000
n 454 0 0.122728 0.979112 0.000000
n 455 0 0.128832 0.730658 0.000000
n 456 0 0.125781 0.893328 0.000000
n 457 0 0.124565 0.922670 0.000000
n 458 0 0.344701 0.825196 0.000000
n 459 0 0.487638 0.871186 0.000000
n 460 0 0.466527 0.864360 0.000000
n 461 0 0.364610 0.831328 0.000000
n 462 0 0.178340 0.774230 0.000000
n 463 0 0.362122 0.830550 0.000000
n 464 0 0.101921 0.751178 0.000000
n 465 0 0.305065 0.813462 0.000000
n 466 0 0.444344 0.857324 0.000000
n 467 0 0.086679 0.746728 0.000000
n 468 0 0.251687 0.796460 0.000000
n 469 0 0.167231 0.770617 0.000000
n 470 0 0.517468 0.881555 0.000000
n 471 0 0.390730 0.839675 0.000000
n 472 0 0.324326 0.837605 0.000000
n 473 0 0.135350 0.947836 0.000000
n 474 0 0.349357 0.822368 0.000000
n 475 0 0.208487 0.905415 0.000000
n 476 0 0.331567 0.833265 0.000000
n 477 0 0.320143 0.840099 0.000000
n 478 0 0.138446 0.946038 0.000000
n 479 0 0.141602 0.944204 0.000000
n 480 0 0.151832 0.938267 0.000000
n 481 0 0.150040 0.939306 0.000000
n 482 0 0.177210 0.923617 0.000000
n 483 0 0.239852 0.887099 0.000000
n 484 0 0.550026 0.685992 0.000000
n 485 0 0.832151 0.395683 0.000000
n 486 0 0.841803 0.386463 0.000000
n 487 0 0.622300 0.613699 0.000000
n 488 0 0.782571 0.436376 0.000000
n 489 0 0.688253 0.535850 0.000000
n 490 0 0.848897 0.379277 0.000000
n 491 0 0.850904 0.377233 0.000000
n 492 0 0.748265 0.473564 0.000000
n 493 0 0.534184 0.701250 0.000000
n 494 0 0.612965 0.622455 0.000000
n 495 0 0.565782 0.670479 0.000000
n 496 0 0.764162 0.331134 0.000000
n 497 0 0.769835 0.323192 0.000000
n 498 0 0.819472 0.254786 0.000000
n 499 0 0.642885 0.484528 0.000000
n 500 0 0.866683 0.192537 0.000000
n 501 0 0.685844 0.428797 0.000000
n 502 0 0.772065 0.320094 0.000000
n 503 0 0.754182 0.345607 0.000000
n 504 0 0.844537 0.225507 0.000000
n 505 0 0.715278 0.389239 0.000000
n 506 0 0.686664 0.427705 0.000000
n 507 0 0.873605 0.183016 0.000000
n 508 0 0.871511 0.185891 0.000000
n 509 0 0.496633 0.846123 0.000000
n 510 0 0.508729 0.813099 0.000000
n 511 0 0.516818 0.790347 0.000000
n 512 0 0.469221 0.929123 0.000000
n 513 0 0.462192 0.950707 0.000000
n 514 0 0.515177 0.794978 0.000000
n 515 0 0.566927 0.630302 0.000000
n 516 0 0.554187 0.673237 0.000000
n 517 0 0.494584 0.851761 0.000000
n 518 0 0.907779 0.390690 0.000000
n 519 0 0.949979 0.432450 0.000000
n 520 0 1.048200 0.519388 0.000000
n 521 0 0.940346 0.423267 0.000000
n 522 0 1.092583 0.559754 0.000000
n 523 0 1.167169 0.639008 0.000000
n 524 0 0.562870 0.806464 0.000000
n 525 0 0.567534 0.803698 0.000000
n 526 0 0.439489 0.881275 0.000000
n 527 0 0.418827 0.895011 0.000000
n 528 0 0.367215 0.927689 0.000000
n 529 0 0.435968 0.883568 0.000000
n 530 0 0.333276 0.951309 0.000000
n 531 0 0.530200 0.825993 0.000000
n 532 0 0.480451 0.855864 0.000000
n 533 0 0.260389 0.129603 0.000000
n 534 0 0.264373 0.093274 0.000000
n 535 0 0.248340 0.212243 0.000000
n 536 0 0.241957 0.271026 0.000000
n 537 0 0.232543 0.360027 0.000000
n 538 0 0.619679 0.185132 0.000000
n 539 0 0.654163 0.221689 0.000000
n 540 0 0.665475 0.233193 0.000000
n 541 0 0.668028 0.235778 0.000000
n 542 0 0.553145 0.119185 0.000000
n 543 0 0.702187 0.268899 0.000000
n 544 0 0.639340 0.206248 0.000000
n 545 0 0.792788 0.357211 0.000000
n 546 0 0.554871 0.120954 0.000000
n 547 0 0.560476 0.126659 0.000000
n 548 0 0.573303 0.805241 0.000000
n 549 0 0.363568 0.831486 0.000000
n 550 0 0.335375 0.835937 0.000000
n 551 0 0.319183 0.838379 0.000000
n 552 0 0.457401 0.819483 0.000000
n 553 0 0.641350 0.797999 0.000000
n 554 0 0.523130 0.811276 0.000000
n 555 0 0.693282 0.789856 0.000000
n 556 0 0.462085 0.818915 0.000000
n 557 0 0.718797 0.786145 0.000000
n 558 0 0.339388 0.441992 0.000000
n 559 0 0.325782 0.454726 0.000000
n 560 0 0.579248 0.221475 0.000000
n 561 0 0.510384 0.288289 0.000000
n 562 0 0.356976 0.426431 0.000000
n 563 0 0.387858 0.399799 0.000000
n 564 0 0.359602 0.424136 0.000000
n 565 0 0.516114 0.282801 0.000000
n 566 0 0.501681 0.296595 0.000000
n 567 0 0.487747 0.309790 0.000000
n 568 0 0.495363 0.302598 0.000000
n 569 0 0.636645 0.273976 0.000000
n 570 0 0.650265 0.233246 0.000000
n 571 0 0.686297 0.124372 0.000000
n 572 0 0.664631 0.190290 0.000000
n 573 0 0.694629 0.098828 0.000000
n 574 0 0.616289 0.332874 0.000000
n 575 0 0.594813 0.396212 0.000000
n 576 0 0.605958 0.361550 0.000000
n 577 0 0.679010 0.146044 0.000000
n 578 0 0.691766 0.107875 0.000000
n 579 0 0.912874 0.467183 0.000000
n 580 0 1.041978 0.583253 0.000000
n 581 0 0.727076 0.283652 0.000000
n 582 0 0.819944 0.366088 0.000000
n 583 0 0.971806 0.515521 0.000000
n 584 0 1.013395 0.556469 0.000000
n 585 0 0.341177 0.463635 0.000000
n 586 0 0.321379 0.215574 0.000000
n 587 0 0.342156 0.475300 0.000000
n 588 0 0.336549 0.398075 0.000000
n 589 0 0.336640 0.399121 0.000000
n 590 0 0.339887 0.448375 0.000000
n 591 0 0.319694 0.192623 0.000000
n 592 0 0.193691 0.709481 0.000000
n 593 0 0.157502 0.699683 0.000000
n 594 0 0.153552 0.698626 0.000000
n 595 0 0.254483 0.725448 0.000000
n 596 0 0.470898 0.778071 0.000000
n 597 0 0.260862 0.727220 0.000000
n 598 0 0.512340 0.789174 0.000000
n 599 0 0.173374 0.703930 0.000000
n 600 0 0.208295 0.713483 0.000000
n 601 0 0.296974 0.738922 0.000000
n 602 0 0.616974 0.816266 0.000000
n 603 0 -0.040010 0.241231 0.000000
n 604 0 0.074867 0.304728 0.000000
n 605 0 0.352087 0.469987 0.000000
n 606 0 0.013579 0.269894 0.000000
n 607 0 0.027214 0.277248 0.000000
n 608 0 0.332131 0.458385 0.000000
n 609 0 0.148498 0.340724 0.000000
n 610 0 0.217115 0.387125 0.000000
n 611 0 0.664045 0.235222 0.000000
n 612 0 0.539493 0.410767 0.000000
n 613 0 0.580803 0.351539 0.000000
n 614 0 0.443055 0.541620 0.000000
n 615 0 0.548811 0.397204 0.000000
n 616 0 0.414636 0.597364 0.000000
n 617 0 0.407355 0.611803 0.000000
n 618 0 0.586241 0.343983 0.000000
n 619 0 0.508233 0.454730 0.000000
n 620 0 0.529109 0.426016 0.000000
n 621 0 0.511738 0.450006 0.000000
n 622 0 0.708532 0.240518 0.000000
n 623 0 0.606602 0.225997 0.000000
n 624 0 0.524657 0.213959 0.000000
n 625 0 0.496676 0.210776 0.000000
n 626 0 0.448661 0.205020 0.000000
n 627 0 0.483489 0.209182 0.000000
n 628 0 0.530512 0.970770 0.000000
n 629 0 0.585392 0.933468 0.000000
n 630 0 0.763042 0.126034 0.000000
n 631 0 0.744567 0.125695 0.000000
n 632 0 0.544468 0.118710 0.000000
n 633 0 0.600133 0.120472 0.000000
n 634 0 0.365800 0.104266 0.000000
n 635 0 1.156253 0.865586 0.000000
n 636 0 0.945751 0.820362 0.000000
n 637 0 1.185818 0.871984 0.000000
n 638 0 0.882364 0.807377 0.000000
n 639 0 1.022604 0.837240 0.000000
n 640 0 1.003299 0.832939 0.000000
n 641 0 1.197187 0.874430 0.000000
n 642 0 1.157983 0.865966 0.000000
n 643 0 0.742926 0.778981 0.000000
n 644 0 0.922384 0.815611 0.000000
n 645 0 0.190406 0.722902 0.000000
n 646 0 0.162904 0.838535 0.000000
n 647 0 0.211798 0.536233 0.000000
n 648 0 0.146641 0.903830 0.000000
n 649 0 0.187665 0.734245 0.000000
n 650 0 0.135816 0.946005 0.000000
n 651 0 0.137181 0.940644 0.000000
n 652 0 0.216750 0.571546 0.000000
n 653 0 0.159282 0.853329 0.000000
n 654 0 0.191877 0.716894 0.000000
n 655 0 0.146238 0.905398 0.000000
n 656 0 0.143259 0.916911 0.000000
n 657 0 1.155482 0.699898 0.000000
n 658 0 0.912248 0.731500 0.000000
n 659 0 1.036435 0.715819 0.000000
n 660 0 1.173842 0.697956 0.000000
n 661 0 0.764083 0.749894 0.000000
n 662 0 0.876220 0.735406 0.000000
n 663 0 0.995171 0.720924 0.000000
n 664 0 0.044410 0.631365 0.000000
n 665 0 0.289254 0.784755 0.000000
n 666 0 0.437118 0.879764 0.000000
n 667 0 0.205260 0.732412 0.000000
n 668 0 0.269334 0.771796 0.000000
n 669 0 0.172649 0.711191 0.000000
n 670 0 0.183827 0.718601 0.000000
n 671 0 0.380850 0.842790 0.000000
n 672 0 0.928467 0.774940 0.000000
n 673 0 0.984754 0.927863 0.000000
n 674 0 0.863935 0.614266 0.000000
n 675 0 0.893478 0.679617 0.000000
n 676 0 0.910160 0.725435 0.000000
n 677 0 0.936795 0.796826 0.000000
n 678 0 0.097696 0.745370 0.000000
n 679 0 0.237008 0.947623 0.000000
n 680 0 0.192273 0.881437 0.000000
n 681 0 0.161048 0.835796 0.000000
n 682 0 0.249894 0.966224 0.000000
n 683 0 0.203681 0.898292 0.000000
n 684 0 0.658878 0.425629 0.000000
n 685 0 0.631053 0.556042 0.000000
n 686 0 0.703283 0.264185 0.000000
n 687 0 0.667445 0.391897 0.000000
n 688 0 0.663257 0.408495 0.000000
n 689 0 0.730156 0.155054 0.000000
n 690 0 0.955745 0.252953 0.000000
n 691 0 1.032004 0.035823 0.000000
n 692 0 0.901163 0.408420 0.000000
n 693 0 0.930998 0.318627 0.000000
n 694 0 0.994941 0.133222 0.000000
n 695 0 1.007539 0.097914 0.000000
n 696 0 0.755073 0.131336 0.000000
n 697 0 0.429044 0.338324 0.000000
n 698 0 0.517273 0.283808 0.000000
n 699 0 0.501573 0.294002 0.000000
n 700 0 0.485760 0.304174 0.000000
n 701 0 0.720526 0.153546 0.000000
n 702 0 0.822881 0.086177 0.000000
n 703 0 0.494893 0.298318 0.000000
n 704 0 0.066317 0.313073 0.000000
n 705 0 0.265223 0.124972 0.000000
n 706 0 0.174057 0.207200 0.000000
n 707 0 -0.045741 0.428081 0.000000
n 708 0 -0.001447 0.380110 0.000000
n 709 0 0.038235 0.340117 0.000000
n 710 0 0.130713 0.244044 0.000000
n 711 0 0.111470 0.263208 0.000000
n 712 0 1.004961 0.278943 0.000000
n 713 0 1.030109 0.292353 0.000000
n 714 0 0.836339 0.176091 0.000000
n 715 0 0.706941 0.105414 0.000000
n 716 0 0.873784 0.196492 0.000000
n 717 0 0.485956 0.403296 0.000000
n 718 0 0.462616 0.400174 0.000000
n 719 0 0.688367 0.429067 0.000000
n 720 0 0.505910 0.406082 0.000000
n 721 0 0.522465 0.408498 0.000000
n 722 0 0.506481 0.406164 0.000000
n 723 0 0.264422 0.213070 0.000000
n 724 0 0.261702 0.025405 0.000000
n 725 0 0.266159 0.302746 0.000000
n 726 0 0.266046 0.293952 0.000000
n 727 0 0.045014 0.549432 0.000000
n 728 0 0.053160 0.458507 0.000000
n 729 0 0.055506 0.428496 0.000000
n 730 0 0.031641 0.752630 0.000000
n 731 0 0.021239 0.847617 0.000000
n 732 0 0.044213 0.558409 0.000000
n 733 0 0.076462 0.201304 0.000000
n 734 0 0.515113 0.227009 0.000000
n 735 0 0.497790 0.226902 0.000000
n 736 0 0.127289 0.202664 0.000000
n 737 0 0.075192 0.201299 0.000000
n 738 0 0.456664 0.226390 0.000000
n 739 0 0.307561 0.214841 0.000000
n 740 0 0.485885 0.226750 0.000000
n 741 0 0.430540 0.902620 0.000000
n 742 0 0.501733 0.951330 0.000000
n 743 0 0.356506 0.850766 0.000000
n 744 0 0.490215 0.588179 0.000000
n 745 0 0.413814 0.620656 0.000000
n 746 0 0.788824 0.505744 0.000000
n 747 0 0.520632 0.585604 0.000000
n 748 0 0.587663 0.569599 0.000000
n 749 0 0.533748 0.583232 0.000000
n 750 0 0.379533 0.456465 0.000000
n 751 0 0.493798 0.399068 0.000000
n 752 0 0.302511 0.496612 0.000000
n 753 0 0.589518 0.346899 0.000000
n 754 0 0.505285 0.392848 0.000000
n 755 0 0.514897 0.387682 0.000000
n 756 0 0.504944 0.393031 0.000000
n 757 0 -0.050367 0.335243 0.000000
n 758 0 0.023571 0.259273 0.000000
n 759 0 0.121086 0.156752 0.000000
n 760 0 0.075699 0.202102 0.000000
n 761 0 0.403915 0.990204 0.000000
n 762 0 0.255734 0.727540 0.000000
n 763 0 0.380538 0.949840 0.000000
n 764 0 0.276908 0.761762 0.000000
n 765 0 0.243155 0.706474 0.000000
n 766 0 0.330484 0.859015 0.000000
n 767 0 0.842954 0.374102 0.000000
n 768 0 0.988865 0.501414 0.000000
n 769 0 1.057068 0.558807 0.000000
n 770 0 -0.020799 0.048417 0.000000
n 771 0 -0.021410 0.048570 0.000000
n 772 0 0.416018 0.949983 0.000000
n 773 0 0.486767 0.734473 0.000000
n 774 0 0.457106 0.820343 0.000000
n 775 0 1.111819 0.477513 0.000000
n 776 0 1.168706 0.496199 0.000000
n 777 0 0.337335 0.399114 0.000000
n 778 0 0.357322 0.426903 0.000000
n 779 0 0.263383 0.299040 0.000000
n 780 0 1.100189 0.910775 0.000000
n 781 0 1.179996 0.898881 0.000000
n 782 0 1.154101 0.902719 0.000000
n 783 0 1.144195 0.904195 0.000000
n 784 0 0.813846 0.953242 0.000000
n 785 0 1.174022 0.532019 0.000000
n 786 0 0.468706 0.705445 0.000000
n 787 0 0.170143 0.735957 0.000000
n 788 0 0.399307 0.721219 0.000000
n 789 0 0.979490 0.050129 0.000000
n 790 0 0.143965 0.946105 0.000000
n 791 0 0.146226 0.946134 0.000000
n 792 0 0.149299 0.946173 0.000000
n 793 0 0.217400 0.947311 0.000000
n 794 0 0.052234 0.945771 0.000000
n 795 0 0.380036 0.399716 0.000000
n 796 0 0.644499 0.393187 0.000000
n 797 0 0.505555 0.398694 0.000000
n 798 0 0.518732 0.398343 0.000000
n 799 0 0.505599 0.398692 0.000000
n 800 0 0.248328 0.583858 0.000000
n 801 0 0.490621 0.260730 0.000000
n 802 0 0.499380 0.248825 0.000000
n 803 0 0.476903 0.278914 0.000000
n 804 0 0.490644 0.260698 0.000000
n 805 0 0.145415 0.947272 0.000000
n 806 0 0.148884 0.950061 0.000000
n 807 0 0.117553 0.924855 0.000000
n 808 0 0.398080 0.598724 0.000000
n 809 0 0.178104 0.562473 0.000000
n 810 0 0.443822 0.663059 0.000000
n 811 0 0.548750 0.864916 0.000000
n 812 0 0.463997 0.697631 0.000000
n 813 0 0.536761 0.839612 0.000000
n 814 0 0.500496 0.269223 0.000000
n 815 0 0.490651 0.260756 0.000000
n 816 0 0.503916 0.356283 0.000000
n 817 0 0.530104 0.639509 0.000000
n 818 0 0.505524 0.398045 0.000000
n 819 0 0.533423 0.678397 0.000000
n 820 0 0.149852 0.941045 0.000000
n 821 0 0.166742 0.917438 0.000000
n 822 0 0.173821 0.907527 0.000000
n 823 0 0.171568 0.721212 0.000000
n 824 0 0.153339 0.909565 0.000000
n 825 0 0.152847 0.913968 0.000000
n 826 0 0.499791 0.344418 0.000000
n 827 0 0.625866 0.654541 0.000000
n 828 0 0.573815 0.124733 0.000000
n 829 0 0.870778 0.182512 0.000000
n 830 0 0.546519 0.635726 0.000000
n 831 0 0.849548 0.083181 0.000000
n 832 0 0.675157 0.799987 0.000000
n 833 0 0.158096 0.912358 0.000000
n 834 0 0.552266 0.673700 0.000000
