b 856 100 1 1 1.0 1 0 0 
f 0 0.01 0 211 200 208 213 201 212 214 209 206 204 203 205 210 202 207 1 
f 1 0.01 2 227 215 225 226 223 217 222 220 216 228 219 218 221 224 3 
f 2 0.01 4 230 232 231 234 233 229 235 5 
f 3 0.01 6 240 239 246 244 242 238 237 247 241 236 243 245 7 
f 4 0.01 8 255 229 251 248 249 250 254 252 215 253 9 
f 5 0.01 10 269 265 267 263 271 257 264 260 262 256 270 259 261 258 266 268 272 11 
f 6 0.01 12 216 276 283 279 278 280 200 273 277 282 275 274 256 281 13 
f 7 0.01 14 273 288 285 299 257 289 291 286 290 287 300 293 297 284 298 295 292 294 296 15 
f 8 0.01 16 248 302 303 304 301 230 17 
f 9 0.01 18 311 317 309 312 306 305 319 318 320 307 308 310 315 316 284 313 314 321 19 
f 10 0.01 20 327 324 323 258 326 328 329 322 231 325 21 
f 11 0.01 22 259 338 274 330 333 339 285 332 336 337 334 331 335 23 
f 12 0.01 24 286 342 346 347 348 349 322 232 301 345 343 341 344 340 25 
f 13 0.01 26 351 354 350 353 355 352 356 27 
f 14 0.01 28 367 363 358 366 360 362 359 365 364 323 357 361 368 275 330 260 29 
f 15 0.01 30 236 372 217 373 374 376 369 370 378 371 375 305 377 31 
f 16 0.01 32 383 218 379 237 387 381 386 340 384 380 382 302 385 33 
f 17 0.01 34 392 233 391 303 389 388 341 390 35 
f 18 0.01 36 398 395 393 394 396 397 37 
f 19 0.01 38 412 402 405 410 408 403 414 415 404 399 400 411 409 407 406 413 416 401 39 
f 20 0.01 40 421 369 418 331 419 422 417 276 420 219 379 238 41 
f 21 0.01 42 430 261 357 324 432 423 399 429 425 424 431 426 428 427 43 
f 22 0.01 44 436 437 440 442 434 444 445 433 441 443 438 306 439 435 446 370 45 
f 23 0.01 46 350 453 457 455 448 451 458 454 460 433 461 459 447 450 449 462 456 452 47 
f 24 0.01 48 467 468 470 201 466 472 471 239 469 464 463 465 49 
f 25 0.01 50 477 463 473 481 240 484 483 479 475 476 474 482 480 202 478 51 
f 26 0.01 52 262 487 342 486 287 485 497 494 307 492 490 447 496 495 434 491 493 488 489 53 
f 27 0.01 54 464 473 501 506 503 499 504 500 393 498 505 502 55 
f 28 0.01 56 513 520 519 511 514 474 515 508 203 507 510 509 517 512 516 400 423 518 57 
f 29 0.01 58 524 529 528 401 277 288 332 263 523 530 521 522 485 531 527 308 525 526 59 
f 30 0.01 60 542 537 538 541 539 402 536 534 535 533 540 532 61 
f 31 0.01 62 549 545 475 546 204 507 543 544 548 424 547 63 
f 32 0.01 64 551 532 550 557 558 553 555 554 560 552 498 394 556 559 65 
f 33 0.01 66 564 448 566 563 309 435 371 569 567 565 561 568 521 562 289 264 333 67 
f 34 0.01 68 572 571 249 570 380 388 343 69 
f 35 0.01 70 578 574 220 241 381 573 577 579 576 575 71 
f 36 0.01 72 389 382 570 250 582 580 581 351 583 73 
f 37 0.01 74 595 590 589 584 596 592 593 358 586 587 594 403 591 588 585 75 
f 38 0.01 76 205 508 601 476 597 603 599 499 602 598 600 77 
f 39 0.01 78 610 609 605 486 290 522 608 561 265 606 607 604 79 
f 40 0.01 80 509 619 612 425 616 404 359 613 611 620 622 584 621 614 617 615 618 81 
f 41 0.01 82 628 626 585 627 630 631 426 624 543 510 206 629 625 632 623 83 
f 42 0.01 84 639 266 633 638 642 611 360 643 586 644 637 405 636 634 635 533 641 550 640 85 
f 43 0.01 86 646 645 207 647 511 597 87 
f 44 0.01 88 465 477 242 221 383 652 648 651 278 650 334 649 604 89 
f 45 0.01 90 573 390 344 384 653 91 
f 46 0.01 92 243 372 222 574 417 658 279 656 648 654 657 466 623 659 655 93 
f 47 0.01 94 661 487 291 562 664 523 267 662 663 649 418 660 373 223 95 
f 48 0.01 96 244 224 670 654 208 666 669 524 406 668 665 667 361 97 
f 49 0.01 98 251 385 391 671 325 304 345 99 
f 50 0.01 100 673 580 252 225 672 374 660 335 419 650 101 
f 51 0.01 102 681 676 678 488 674 436 680 675 292 677 679 682 234 671 103 
f 52 0.01 104 692 293 687 310 525 685 449 691 683 689 686 684 437 674 489 688 690 105 
f 53 0.01 106 665 697 407 694 467 699 512 612 696 544 624 695 478 645 693 698 107 
f 54 0.01 108 706 703 294 675 701 705 683 711 450 490 708 710 702 709 438 700 563 707 311 352 704 109 
f 55 0.01 110 551 712 718 713 714 715 408 721 587 720 362 613 719 716 633 268 575 717 722 111 
f 56 0.01 112 725 728 552 395 723 598 727 726 729 724 113 
f 57 0.01 114 534 634 730 734 712 731 733 646 693 735 732 115 
f 58 0.01 116 740 737 738 736 451 739 700 312 439 375 741 117 
f 59 0.01 118 409 694 468 747 209 744 625 655 479 545 746 599 745 743 742 119 
f 60 0.01 120 748 751 723 500 750 749 742 513 752 121 
f 61 0.01 122 756 758 676 491 754 440 684 757 701 452 295 755 313 753 759 123 
f 62 0.01 124 761 553 764 535 635 730 713 765 760 626 763 766 427 695 210 480 762 514 125 
f 63 0.01 126 554 768 770 536 636 714 767 771 588 627 769 772 428 127 
f 64 0.01 128 453 353 773 253 672 226 245 386 129 
f 65 0.01 130 731 628 760 776 767 715 410 637 778 363 780 614 777 774 775 779 131 
f 66 0.01 132 376 783 782 773 227 581 673 781 571 133 
f 67 0.01 134 761 555 768 748 786 600 785 784 787 724 501 481 469 246 135 
f 68 0.01 136 354 789 788 736 790 454 792 441 702 793 791 492 685 137 
f 69 0.01 138 725 502 795 396 556 794 749 743 796 139 
f 70 0.01 140 296 703 677 797 314 753 798 605 346 661 141 
f 71 0.01 142 503 726 784 803 804 537 800 615 799 802 774 589 805 638 716 364 801 143 
f 72 0.01 144 211 280 651 656 806 420 228 247 387 145 
f 73 0.01 146 732 809 647 762 482 515 601 546 629 744 810 212 470 808 666 807 147 
f 74 0.01 148 653 254 582 781 572 149 
f 75 0.01 150 812 737 811 788 564 455 355 704 782 151 
f 76 0.01 152 667 814 411 816 516 429 616 547 813 815 630 769 763 733 153 
f 77 0.01 154 297 817 315 526 821 456 705 819 686 442 754 493 678 820 818 155 
f 78 0.01 156 706 679 797 755 298 316 817 687 527 494 823 822 565 269 606 662 336 157 
f 79 0.01 158 430 326 639 717 576 826 590 775 825 799 617 824 538 159 
f 80 0.01 160 688 828 818 756 827 829 738 811 789 457 161 
f 81 0.01 162 783 356 317 707 566 739 458 790 830 827 163 
f 82 0.01 164 680 757 819 689 495 833 459 708 791 832 318 831 834 567 607 663 337 165 
f 83 0.01 166 838 836 618 800 824 837 539 412 770 764 835 557 640 167 
f 84 0.01 168 517 619 696 548 431 813 839 591 771 776 765 718 734 540 641 835 558 169 
f 85 0.01 170 690 828 820 758 681 840 460 792 443 709 377 319 831 841 171 
f 86 0.01 172 807 528 843 413 668 697 814 327 432 518 801 365 719 642 620 592 842 173 
f 87 0.01 174 766 772 631 815 839 414 844 720 643 366 593 842 846 621 777 802 825 836 845 175 
f 88 0.01 176 803 785 727 602 504 750 794 559 397 177 
f 89 0.01 178 415 844 594 721 644 778 367 837 541 786 751 398 560 728 505 795 179 
f 90 0.01 180 471 848 657 213 808 669 529 843 416 847 368 338 270 281 181 
f 91 0.01 182 847 282 339 299 271 664 530 568 608 822 850 320 832 793 710 461 849 444 183 
f 92 0.01 184 583 740 812 829 830 840 445 849 833 496 711 691 462 821 185 
f 93 0.01 186 698 735 809 519 851 796 745 187 
f 94 0.01 188 347 609 852 853 321 682 392 255 235 189 
f 95 0.01 190 804 542 845 838 779 595 577 854 328 348 610 852 191 
f 96 0.01 192 421 446 378 569 741 834 841 850 823 497 531 300 692 798 759 853 193 
f 97 0.01 194 752 520 851 603 746 549 483 855 472 848 670 652 806 283 658 422 578 195 
f 98 0.01 196 349 329 854 722 579 826 272 805 622 596 846 780 197 
f 99 0.01 198 816 699 747 214 810 632 659 855 484 506 729 787 199 
n 0 1 0.816846 0.503795 0.5 
n 1 1 0.987893 0.0339615 0.5 
n 2 1 0.686595 0.836941 0.5 
n 3 1 0.678307 0.337009 0.5 
n 4 1 0.37041 0.549456 0.5 
n 5 2 0.348234 1 0.5 
n 6 1 0.678389 0.253174 0.5 
n 7 1 0.655684 0.752658 0.5 
n 8 1 0.287015 0.947359 0.5 
n 9 1 0.737444 0.730304 0.5 
n 10 1 -0.0785953 0.612418 0.5 
n 11 1 0.322653 0.31409 0.5 
n 12 1 0.678323 0.462502 0.5 
n 13 1 1.17817 0.450279 0.5 
n 14 1 -0.0478661 0.41268 0.5 
n 15 1 0.210226 0.840919 0.5 
n 16 2 0.507556 1 0.5 
n 17 1 0.361086 0.551693 0.5 
n 18 1 -0.20794 0.783665 0.5 
n 19 1 0.289138 0.729687 0.5 
n 20 1 0.0852489 0.268388 0.5 
n 21 1 0.393857 0.661785 0.5 
n 22 1 1.17693 0.42676 0.5 
n 23 1 0.712506 0.611988 0.5 
n 24 1 0.0401469 0.57338 0.5 
n 25 1 0.538569 0.613074 0.5 
n 26 2 0.650685 1 0.5 
n 27 1 0.82877 0.704413 0.5 
n 28 1 0.334187 0.0894336 0.5 
n 29 1 0.0739384 0.516365 0.5 
n 30 1 0.586248 0.557235 0.5 
n 31 1 1.03629 0.775102 0.5 
n 32 1 0.690474 0.379051 0.5 
n 33 1 0.392229 0.780361 0.5 
n 34 1 0.272271 0.966511 0.5 
n 35 1 0.535823 0.54161 0.5 
n 36 1 0.468073 0.0303952 0.5 
n 37 2 0.741064 0 0.5 
n 38 1 0.315016 0.0496417 0.5 
n 39 1 -0.0536077 0.387453 0.5 
n 40 1 0.886995 0.730142 0.5 
n 41 1 0.612644 0.312133 0.5 
n 42 1 0.211108 0.503022 0.5 
n 43 1 0.0286328 0.0375085 0.5 
n 44 1 0.247941 0.989703 0.5 
n 45 1 -0.141715 0.676385 0.5 
n 46 1 0.64344 0.894009 0.5 
n 47 1 1.13464 0.800612 0.5 
n 48 1 1.03523 0.262911 0.5 
n 49 1 0.537691 0.312427 0.5 
n 50 1 0.604298 0.312232 0.5 
n 51 1 1.03123 0.0519752 0.5 
n 52 1 0.113877 0.466253 0.5 
n 53 1 0.0685809 0.964197 0.5 
n 54 1 0.624485 0.315225 0.5 
n 55 2 0.543281 0 0.5 
n 56 1 0.752941 0.0413186 0.5 
n 57 1 1.18127 0.299259 0.5 
n 58 1 -0.0786696 0.322465 0.5 
n 59 1 0.129199 0.777208 0.5 
n 60 1 0.588264 0.371245 0.5 
n 61 2 0.26065 0 0.5 
n 62 1 0.61758 0.186422 0.5 
n 63 1 1.1156 0.141957 0.5 
n 64 2 0.171376 0 0.5 
n 65 1 0.613725 0.0246281 0.5 
n 66 1 0.823529 0.875165 0.5 
n 67 1 1.09073 0.452551 0.5 
n 68 2 0.589765 1 0.5 
n 69 1 0.408094 0.585949 0.5 
n 70 1 0.755153 0.532802 0.5 
n 71 1 0.28694 0.357369 0.5 
n 72 1 0.416717 0.683813 0.5 
n 73 2 0.684523 1 0.5 
n 74 1 0.537557 0.385426 0.5 
n 75 1 0.165525 0.0513716 0.5 
n 76 1 0.949468 0.149926 0.5 
n 77 1 0.451047 0.110226 0.5 
n 78 1 0.357762 0.647855 0.5 
n 79 1 -0.13922 0.593 0.5 
n 80 1 -0.0496654 0.175556 0.5 
n 81 1 0.446434 0.23789 0.5 
n 82 1 1.20263 0.0383046 0.5 
n 83 1 0.762361 0.275285 0.5 
n 84 1 0.274775 0.419141 0.5 
n 85 2 0.276356 0 0.5 
n 86 2 0.105403 0 0.5 
n 87 1 -0.213514 0.144231 0.5 
n 88 1 0.558562 0.254258 0.5 
n 89 1 0.903742 0.615991 0.5 
n 90 1 0.442218 0.324882 0.5 
n 91 1 0.566652 0.809151 0.5 
n 92 1 0.655994 0.651714 0.5 
n 93 1 0.838047 0.186035 0.5 
n 94 1 1.17232 0.519219 0.5 
n 95 1 0.682278 0.618531 0.5 
n 96 1 0.665537 0.339361 0.5 
n 97 1 1.16332 0.386401 0.5 
n 98 2 0.441804 1 0.5 
n 99 1 0.370353 0.539548 0.5 
n 100 1 0.607033 0.925237 0.5 
n 101 1 0.798187 0.46322 0.5 
n 102 1 -0.0270776 0.949864 0.5 
n 103 1 0.394827 0.681542 0.5 
n 104 1 0.155689 0.643628 0.5 
n 105 2 0.0385127 1 0.5 
n 106 1 1.02054 0.378065 0.5 
n 107 2 0.986049 0 0.5 
n 108 1 0.268841 0.82816 0.5 
n 109 1 -0.22812 0.773116 0.5 
n 110 2 0.23981 0 0.5 
n 111 1 0.307943 0.480996 0.5 
n 112 2 0.540105 0 0.5 
n 113 1 0.605278 0.276315 0.5 
n 114 1 0.288284 0.0232163 0.5 
n 115 1 -0.211715 0.0239367 0.5 
n 116 2 0.791438 1 0.5 
n 117 1 0.927647 0.715857 0.5 
n 118 1 1.03323 0.325118 0.5 
n 119 1 0.624373 0.0373123 0.5 
n 120 1 0.387752 0.0608463 0.5 
n 121 1 0.887425 0.0427698 0.5 
n 122 2 -0.0375474 1 0.5 
n 123 1 0.220817 0.693591 0.5 
n 124 1 0.349265 0.00353236 0.5 
n 125 1 -0.135096 0.127605 0.5 
n 126 1 0.516899 0.0072395 0.5 
n 127 1 0.0247119 0.095284 0.5 
n 128 1 0.792014 0.891314 0.5 
n 129 1 0.520272 0.471605 0.5 
n 130 2 0.151977 0 0.5 
n 131 1 0.462658 0.286472 0.5 
n 132 1 0.813505 0.648795 0.5 
n 133 2 0.548723 1 0.5 
n 134 2 0.334614 0 0.5 
n 135 1 0.687099 0.313064 0.5 
n 136 1 0.654005 0.951024 0.5 
n 137 1 1.12196 0.774913 0.5 
n 138 2 0.537365 0 0.5 
n 139 1 0.76952 0.115929 0.5 
n 140 1 0.234251 0.976578 0.5 
n 141 1 0.129186 0.487742 0.5 
n 142 1 0.707649 0.226149 0.5 
n 143 1 0.207901 0.242023 0.5 
n 144 1 0.952898 0.492497 0.5 
n 145 1 0.464162 0.386963 0.5 
n 146 2 0.90606 0 0.5 
n 147 1 0.907504 0.425355 0.5 
n 148 1 0.551431 0.740829 0.5 
n 149 2 0.57962 1 0.5 
n 150 2 0.890212 1 0.5 
n 151 1 0.722693 0.648661 0.5 
n 152 1 0.0553693 0.39249 0.5 
n 153 2 0.137351 0 0.5 
n 154 1 0.150748 0.721574 0.5 
n 155 2 0.0095614 1 0.5 
n 156 1 0.26501 0.829618 0.5 
n 157 1 -0.147478 0.547034 0.5 
n 158 1 0.156921 0.55397 0.5 
n 159 1 0.477595 0.170344 0.5 
n 160 2 1.07693 1 0.5 
n 161 1 0.77279 0.856985 0.5 
n 162 1 0.797452 0.669252 0.5 
n 163 2 0.915585 1 0.5 
n 164 1 1.14829 0.897695 0.5 
n 165 1 0.82199 0.518845 0.5 
n 166 1 0.552718 0.39505 0.5 
n 167 2 0.272548 0 0.5 
n 168 1 -0.0375329 0.203597 0.5 
n 169 2 0.292287 0 0.5 
n 170 2 0.0385697 1 0.5 
n 171 1 -0.00163138 0.648603 0.5 
n 172 1 -0.116893 0.410174 0.5 
n 173 1 0.332024 0.190006 0.5 
n 174 1 0.0701073 0.0587589 0.5 
n 175 1 0.513605 0.289649 0.5 
n 176 1 0.530669 0.243054 0.5 
n 177 2 0.610485 0 0.5 
n 178 1 0.140347 0.174984 0.5 
n 179 2 0.568655 0 0.5 
n 180 1 0.715027 0.28174 0.5 
n 181 1 1.18211 0.460159 0.5 
n 182 1 0.00795711 0.384695 0.5 
n 183 1 0.0620905 0.881756 0.5 
n 184 1 0.668029 0.987995 0.5 
n 185 1 1.12953 0.79559 0.5 
n 186 2 1.0527 0 0.5 
n 187 1 0.64113 0.12227 0.5 
n 188 1 0.189422 0.576804 0.5 
n 189 2 0.358673 1 0.5 
n 190 1 0.480437 0.227602 0.5 
n 191 1 0.214119 0.650774 0.5 
n 192 1 -0.139683 0.722352 0.5 
n 193 1 0.359265 0.689931 0.5 
n 194 1 0.79763 0.0426548 0.5 
n 195 1 0.717909 0.536258 0.5 
n 196 1 0.286814 0.629565 0.5 
n 197 1 0.340867 0.132495 0.5 
n 198 1 1.09134 0.251933 0.5 
n 199 1 0.591794 0.230602 0.5 
n 200 0 0.833258 0.458713 0.5 
n 201 0 0.899629 0.276406 0.5 
n 202 0 0.967104 0.0910639 0.5 
n 203 0 0.943448 0.156042 0.5 
n 204 0 0.942965 0.15737 0.5 
n 205 0 0.945782 0.149632 0.5 
n 206 0 0.93359 0.18312 0.5 
n 207 0 0.979532 0.0569251 0.5 
n 208 0 0.869686 0.358653 0.5 
n 209 0 0.912767 0.240318 0.5 
n 210 0 0.962944 0.102491 0.5 
n 211 0 0.830575 0.466084 0.5 
n 212 0 0.906931 0.256349 0.5 
n 213 0 0.875386 0.342995 0.5 
n 214 0 0.911336 0.244247 0.5 
n 215 0 0.685244 0.755458 0.5 
n 216 0 0.680386 0.462451 0.5 
n 217 0 0.682732 0.603943 0.5 
n 218 0 0.679254 0.394148 0.5 
n 219 0 0.679585 0.414127 0.5 
n 220 0 0.681093 0.505052 0.5 
n 221 0 0.679028 0.380501 0.5 
n 222 0 0.682404 0.584159 0.5 
n 223 0 0.682972 0.618391 0.5 
n 224 0 0.678366 0.340574 0.5 
n 225 0 0.684937 0.736944 0.5 
n 226 0 0.68475 0.725643 0.5 
n 227 0 0.686274 0.817555 0.5 
n 228 0 0.679907 0.433551 0.5 
n 229 0 0.352375 0.915863 0.5 
n 230 0 0.369094 0.576201 0.5 
n 231 0 0.366592 0.627028 0.5 
n 232 0 0.367947 0.599486 0.5 
n 233 0 0.356572 0.8306 0.5 
n 234 0 0.36291 0.701841 0.5 
n 235 0 0.349378 0.976758 0.5 
n 236 0 0.662881 0.594333 0.5 
n 237 0 0.671507 0.404573 0.5 
n 238 0 0.671624 0.401997 0.5 
n 239 0 0.676322 0.29863 0.5 
n 240 0 0.677739 0.267462 0.5 
n 241 0 0.667176 0.499838 0.5 
n 242 0 0.672893 0.374071 0.5 
n 243 0 0.660835 0.639331 0.5 
n 244 0 0.674433 0.340202 0.5 
n 245 0 0.658738 0.685467 0.5 
n 246 0 0.67611 0.303304 0.5 
n 247 0 0.670284 0.431471 0.5 
n 248 0 0.462698 0.8627 0.5 
n 249 0 0.51786 0.836118 0.5 
n 250 0 0.537643 0.826585 0.5 
n 251 0 0.423434 0.881621 0.5 
n 252 0 0.675293 0.760253 0.5 
n 253 0 0.699581 0.74855 0.5 
n 254 0 0.559607 0.816001 0.5 
n 255 0 0.329443 0.926914 0.5 
n 256 0 0.138164 0.451257 0.5 
n 257 0 0.0257537 0.534834 0.5 
n 258 0 0.19535 0.408739 0.5 
n 259 0 0.16438 0.431765 0.5 
n 260 0 0.0932883 0.484622 0.5 
n 261 0 0.178935 0.420944 0.5 
n 262 0 0.113578 0.469537 0.5 
n 263 0 0.0202705 0.538911 0.5 
n 264 0 0.0502004 0.516658 0.5 
n 265 0 -0.0636918 0.601337 0.5 
n 266 0 0.275037 0.349492 0.5 
n 267 0 -0.000294007 0.554201 0.5 
n 268 0 0.287955 0.339887 0.5 
n 269 0 -0.0658597 0.602949 0.5 
n 270 0 0.14517 0.446048 0.5 
n 271 0 0.0244165 0.535828 0.5 
n 272 0 0.320985 0.31533 0.5 
n 273 0 0.977747 0.45518 0.5 
n 274 0 1.11403 0.451847 0.5 
n 275 0 1.11326 0.451866 0.5 
n 276 0 0.710813 0.461707 0.5 
n 277 0 0.981949 0.455077 0.5 
n 278 0 0.755476 0.460615 0.5 
n 279 0 0.730463 0.461227 0.5 
n 280 0 0.800186 0.459522 0.5 
n 281 0 1.15756 0.450783 0.5 
n 282 0 1.01553 0.454256 0.5 
n 283 0 0.730025 0.461237 0.5 
n 284 0 0.152153 0.744562 0.5 
n 285 0 0.00253806 0.496314 0.5 
n 286 0 0.04943 0.574119 0.5 
n 287 0 0.0968999 0.652884 0.5 
n 288 0 -0.00466348 0.484364 0.5 
n 289 0 0.0320758 0.545324 0.5 
n 290 0 0.0750639 0.616652 0.5 
n 291 0 0.0333199 0.547388 0.5 
n 292 0 0.191938 0.810575 0.5 
n 293 0 0.132968 0.71273 0.5 
n 294 0 0.197793 0.820291 0.5 
n 295 0 0.162859 0.762326 0.5 
n 296 0 0.202249 0.827685 0.5 
n 297 0 0.145059 0.732792 0.5 
n 298 0 0.160099 0.757747 0.5 
n 299 0 0.0239894 0.531907 0.5 
n 300 0 0.128274 0.70494 0.5 
n 301 0 0.376935 0.600201 0.5 
n 302 0 0.422492 0.73964 0.5 
n 303 0 0.419214 0.729608 0.5 
n 304 0 0.382326 0.616701 0.5 
n 305 0 0.00598794 0.760434 0.5 
n 306 0 -0.0320504 0.764565 0.5 
n 307 0 0.0879258 0.751537 0.5 
n 308 0 0.116068 0.748481 0.5 
n 309 0 -0.112034 0.77325 0.5 
n 310 0 0.121403 0.747902 0.5 
n 311 0 -0.170041 0.779549 0.5 
n 312 0 -0.0991971 0.771856 0.5 
n 313 0 0.180426 0.741492 0.5 
n 314 0 0.183649 0.741142 0.5 
n 315 0 0.138329 0.746064 0.5 
n 316 0 0.1424 0.745622 0.5 
n 317 0 -0.16341 0.778829 0.5 
n 318 0 0.0280096 0.758043 0.5 
n 319 0 0.0110991 0.759879 0.5 
n 320 0 0.0483764 0.755831 0.5 
n 321 0 0.252171 0.733702 0.5 
n 322 0 0.343455 0.597535 0.5 
n 323 0 0.163947 0.368708 0.5 
n 324 0 0.152978 0.354725 0.5 
n 325 0 0.388203 0.654577 0.5 
n 326 0 0.235518 0.459943 0.5 
n 327 0 0.109409 0.299186 0.5 
n 328 0 0.290282 0.529753 0.5 
n 329 0 0.296768 0.538021 0.5 
n 330 0 1.11302 0.452249 0.5 
n 331 0 0.789336 0.581346 0.5 
n 332 0 1.00107 0.4969 0.5 
n 333 0 1.08347 0.464034 0.5 
n 334 0 0.848257 0.557846 0.5 
n 335 0 0.741405 0.600462 0.5 
n 336 0 0.860927 0.552793 0.5 
n 337 0 0.853709 0.555672 0.5 
n 338 0 1.13669 0.442809 0.5 
n 339 0 1.01938 0.489596 0.5 
n 340 0 0.517783 0.611419 0.5 
n 341 0 0.493712 0.609502 0.5 
n 342 0 0.103672 0.578439 0.5 
n 343 0 0.415702 0.603289 0.5 
n 344 0 0.515803 0.611261 0.5 
n 345 0 0.379801 0.60043 0.5 
n 346 0 0.149463 0.582086 0.5 
n 347 0 0.192918 0.585546 0.5 
n 348 0 0.252198 0.590267 0.5 
n 349 0 0.290753 0.593338 0.5 
n 350 0 0.723741 0.878741 0.5 
n 351 0 0.66475 0.976655 0.5 
n 352 0 0.786408 0.774725 0.5 
n 353 0 0.752726 0.830632 0.5 
n 354 0 0.687871 0.938279 0.5 
n 355 0 0.784395 0.778068 0.5 
n 356 0 0.816993 0.723961 0.5 
n 357 0 0.160607 0.374188 0.5 
n 358 0 0.28952 0.162709 0.5 
n 359 0 0.258115 0.214228 0.5 
n 360 0 0.275656 0.185452 0.5 
n 361 0 0.153715 0.385493 0.5 
n 362 0 0.267885 0.1982 0.5 
n 363 0 0.303523 0.139737 0.5 
n 364 0 0.241828 0.240946 0.5 
n 365 0 0.247658 0.231382 0.5 
n 366 0 0.284763 0.170511 0.5 
n 367 0 0.329026 0.0978996 0.5 
n 368 0 0.12216 0.437259 0.5 
n 369 0 0.86072 0.690109 0.5 
n 370 0 0.897492 0.707911 0.5 
n 371 0 0.921829 0.719692 0.5 
n 372 0 0.675952 0.600662 0.5 
n 373 0 0.703839 0.614162 0.5 
n 374 0 0.730414 0.627027 0.5 
n 375 0 0.925059 0.721256 0.5 
n 376 0 0.80331 0.662317 0.5 
n 377 0 1.01147 0.763086 0.5 
n 378 0 0.919393 0.718513 0.5 
n 379 0 0.672467 0.403281 0.5 
n 380 0 0.45584 0.694768 0.5 
n 381 0 0.615185 0.480358 0.5 
n 382 0 0.441892 0.713536 0.5 
n 383 0 0.684857 0.386609 0.5 
n 384 0 0.516342 0.613358 0.5 
n 385 0 0.405045 0.763115 0.5 
n 386 0 0.56749 0.544534 0.5 
n 387 0 0.654112 0.427979 0.5 
n 388 0 0.449619 0.680589 0.5 
n 389 0 0.434556 0.704874 0.5 
n 390 0 0.509013 0.584834 0.5 
n 391 0 0.403722 0.754585 0.5 
n 392 0 0.316659 0.894948 0.5 
n 393 0 0.548796 0.0214074 0.5 
n 394 0 0.551157 0.0211446 0.5 
n 395 0 0.545247 0.0218025 0.5 
n 396 0 0.574503 0.0185452 0.5 
n 397 0 0.605529 0.0150907 0.5 
n 398 0 0.504066 0.0263877 0.5 
n 399 0 0.107819 0.23952 0.5 
n 400 0 0.097608 0.248877 0.5 
n 401 0 -0.0503341 0.384453 0.5 
n 402 0 0.309178 0.0549914 0.5 
n 403 0 0.240079 0.118315 0.5 
n 404 0 0.150212 0.20067 0.5 
n 405 0 0.276034 0.0853655 0.5 
n 406 0 -0.0322889 0.367916 0.5 
n 407 0 0.0156119 0.324019 0.5 
n 408 0 0.254675 0.104939 0.5 
n 409 0 0.0225898 0.317625 0.5 
n 410 0 0.260247 0.0998329 0.5 
n 411 0 0.0824687 0.262751 0.5 
n 412 0 0.310615 0.0536752 0.5 
n 413 0 -0.0340823 0.36956 0.5 
n 414 0 0.219945 0.136766 0.5 
n 415 0 0.208725 0.147048 0.5 
n 416 0 -0.0402568 0.375218 0.5 
n 417 0 0.72301 0.480291 0.5 
n 418 0 0.798308 0.595016 0.5 
n 419 0 0.764788 0.543945 0.5 
n 420 0 0.694384 0.436675 0.5 
n 421 0 0.881 0.721008 0.5 
n 422 0 0.72617 0.485105 0.5 
n 423 0 0.115775 0.259817 0.5 
n 424 0 0.0711316 0.145927 0.5 
n 425 0 0.0896051 0.193055 0.5 
n 426 0 0.0592067 0.115506 0.5 
n 427 0 0.045787 0.0812705 0.5 
n 428 0 0.0495392 0.0908428 0.5 
n 429 0 0.0944467 0.205406 0.5 
n 430 0 0.207405 0.493575 0.5 
n 431 0 0.0681622 0.138352 0.5 
n 432 0 0.127692 0.290219 0.5 
n 433 0 0.0360845 0.819351 0.5 
n 434 0 0.0786439 0.853573 0.5 
n 435 0 -0.0814355 0.724855 0.5 
n 436 0 0.0988199 0.869796 0.5 
n 437 0 0.0849825 0.85867 0.5 
n 438 0 0.0116061 0.799669 0.5 
n 439 0 -0.077993 0.727623 0.5 
n 440 0 0.08298 0.85706 0.5 
n 441 0 0.0258178 0.811096 0.5 
n 442 0 0.0823156 0.856525 0.5 
n 443 0 0.0160609 0.803251 0.5 
n 444 0 0.0571378 0.83628 0.5 
n 445 0 0.0485297 0.829358 0.5 
n 446 0 -0.0886705 0.719037 0.5 
n 447 0 1.08256 0.810514 0.5 
n 448 0 0.834594 0.857663 0.5 
n 449 0 1.10203 0.806812 0.5 
n 450 0 1.09249 0.808627 0.5 
n 451 0 0.862185 0.852417 0.5 
n 452 0 1.1298 0.801532 0.5 
n 453 0 0.777282 0.86856 0.5 
n 454 0 0.970998 0.831727 0.5 
n 455 0 0.823364 0.859798 0.5 
n 456 0 1.10811 0.805656 0.5 
n 457 0 0.791612 0.865836 0.5 
n 458 0 0.862829 0.852294 0.5 
n 459 0 1.07452 0.812043 0.5 
n 460 0 1.01829 0.822735 0.5 
n 461 0 1.0549 0.815773 0.5 
n 462 0 1.10309 0.806611 0.5 
n 463 0 0.616912 0.304543 0.5 
n 464 0 0.621613 0.304075 0.5 
n 465 0 0.607445 0.305485 0.5 
n 466 0 0.798793 0.286442 0.5 
n 467 0 1.01026 0.265396 0.5 
n 468 0 0.956057 0.270791 0.5 
n 469 0 0.6714 0.29912 0.5 
n 470 0 0.906996 0.275673 0.5 
n 471 0 0.742104 0.292083 0.5 
n 472 0 0.757594 0.290542 0.5 
n 473 0 0.621079 0.302003 0.5 
n 474 0 0.901727 0.130918 0.5 
n 475 0 0.843812 0.166223 0.5 
n 476 0 0.879666 0.144366 0.5 
n 477 0 0.610358 0.308538 0.5 
n 478 0 0.992921 0.0753256 0.5 
n 479 0 0.824356 0.178084 0.5 
n 480 0 0.937788 0.108935 0.5 
n 481 0 0.652843 0.282639 0.5 
n 482 0 0.906495 0.128011 0.5 
n 483 0 0.77045 0.210945 0.5 
n 484 0 0.72862 0.236445 0.5 
n 485 0 0.0928284 0.697642 0.5 
n 486 0 0.099946 0.619398 0.5 
n 487 0 0.107871 0.53228 0.5 
n 488 0 0.0758387 0.884412 0.5 
n 489 0 0.0755786 0.88727 0.5 
n 490 0 0.0828298 0.807557 0.5 
n 491 0 0.0777641 0.863246 0.5 
n 492 0 0.0845174 0.789005 0.5 
n 493 0 0.077514 0.865994 0.5 
n 494 0 0.0916279 0.710839 0.5 
n 495 0 0.0816669 0.820342 0.5 
n 496 0 0.0821206 0.815354 0.5 
n 497 0 0.0919498 0.707301 0.5 
n 498 0 0.548693 0.0210074 0.5 
n 499 0 0.574203 0.120036 0.5 
n 500 0 0.557375 0.0547098 0.5 
n 501 0 0.605187 0.240313 0.5 
n 502 0 0.544155 0.00339065 0.5 
n 503 0 0.6024 0.229492 0.5 
n 504 0 0.572824 0.114683 0.5 
n 505 0 0.545697 0.00937941 0.5 
n 506 0 0.602807 0.231072 0.5 
n 507 0 0.945307 0.157161 0.5 
n 508 0 0.930827 0.148441 0.5 
n 509 0 0.982581 0.179608 0.5 
n 510 0 0.962538 0.167538 0.5 
n 511 0 0.864926 0.108756 0.5 
n 512 0 1.00359 0.19226 0.5 
n 513 0 0.762835 0.047277 0.5 
n 514 0 0.886879 0.121976 0.5 
n 515 0 0.906515 0.133801 0.5 
n 516 0 1.08673 0.242329 0.5 
n 517 0 0.992071 0.185323 0.5 
n 518 0 1.14895 0.279794 0.5 
n 519 0 0.806022 0.0732839 0.5 
n 520 0 0.793866 0.0659636 0.5 
n 521 0 0.0269255 0.55347 0.5 
n 522 0 0.0547837 0.614414 0.5 
n 523 0 0.0249234 0.54909 0.5 
n 524 0 -0.0590493 0.365388 0.5 
n 525 0 0.11906 0.755028 0.5 
n 526 0 0.12604 0.770298 0.5 
n 527 0 0.102159 0.718053 0.5 
n 528 0 -0.0529191 0.378798 0.5 
n 529 0 -0.0575805 0.368601 0.5 
n 530 0 0.026154 0.551782 0.5 
n 531 0 0.0970909 0.706967 0.5 
n 532 0 0.265263 0.0052272 0.5 
n 533 0 0.276289 0.0177221 0.5 
n 534 0 0.281147 0.0232266 0.5 
n 535 0 0.279531 0.0213953 0.5 
n 536 0 0.301104 0.0458418 0.5 
n 537 0 0.466967 0.233794 0.5 
n 538 0 0.445187 0.209114 0.5 
n 539 0 0.321247 0.068668 0.5 
n 540 0 0.271807 0.0126427 0.5 
n 541 0 0.342269 0.0924892 0.5 
n 542 0 0.472555 0.240126 0.5 
n 543 0 0.989078 0.153253 0.5 
n 544 0 0.999943 0.152283 0.5 
n 545 0 0.811593 0.1691 0.5 
n 546 0 0.906606 0.160617 0.5 
n 547 0 1.10755 0.142676 0.5 
n 548 0 1.05331 0.147518 0.5 
n 549 0 0.776705 0.172215 0.5 
n 550 0 0.276334 0.0058436 0.5 
n 551 0 0.240354 0.00384041 0.5 
n 552 0 0.545012 0.0208024 0.5 
n 553 0 0.328832 0.00876647 0.5 
n 554 0 0.465749 0.0163894 0.5 
n 555 0 0.345532 0.00969624 0.5 
n 556 0 0.583291 0.0229336 0.5 
n 557 0 0.276707 0.00586439 0.5 
n 558 0 0.282284 0.00617489 0.5 
n 559 0 0.602601 0.0240087 0.5 
n 560 0 0.521008 0.019466 0.5 
n 561 0 0.992724 0.607564 0.5 
n 562 0 1.0304 0.547981 0.5 
n 563 0 0.880447 0.785141 0.5 
n 564 0 0.827612 0.868707 0.5 
n 565 0 0.977054 0.632348 0.5 
n 566 0 0.853862 0.827189 0.5 
n 567 0 0.952795 0.670715 0.5 
n 568 0 1.02642 0.554263 0.5 
n 569 0 0.92271 0.718298 0.5 
n 570 0 0.487917 0.767876 0.5 
n 571 0 0.574666 0.965589 0.5 
n 572 0 0.576276 0.969257 0.5 
n 573 0 0.467997 0.425208 0.5 
n 574 0 0.709211 0.515588 0.5 
n 575 0 0.290627 0.35875 0.5 
n 576 0 0.313075 0.367161 0.5 
n 577 0 0.377431 0.391275 0.5 
n 578 0 0.72056 0.519841 0.5 
n 579 0 0.315259 0.36798 0.5 
n 580 0 0.611682 0.914 0.5 
n 581 0 0.612676 0.915173 0.5 
n 582 0 0.564164 0.857897 0.5 
n 583 0 0.672704 0.986046 0.5 
n 584 0 0.361341 0.227198 0.5 
n 585 0 0.170334 0.0556904 0.5 
n 586 0 0.275788 0.150379 0.5 
n 587 0 0.258973 0.13528 0.5 
n 588 0 0.182912 0.0669844 0.5 
n 589 0 0.372045 0.236809 0.5 
n 590 0 0.400602 0.262451 0.5 
n 591 0 0.183264 0.0672999 0.5 
n 592 0 0.324196 0.193845 0.5 
n 593 0 0.316762 0.18717 0.5 
n 594 0 0.252267 0.129259 0.5 
n 595 0 0.437598 0.295671 0.5 
n 596 0 0.333306 0.202025 0.5 
n 597 0 0.800185 0.138035 0.5 
n 598 0 0.568307 0.119566 0.5 
n 599 0 0.763287 0.135096 0.5 
n 600 0 0.459476 0.110897 0.5 
n 601 0 0.906558 0.146508 0.5 
n 602 0 0.571146 0.119792 0.5 
n 603 0 0.782454 0.136623 0.5 
n 604 0 -0.115722 0.595594 0.5 
n 605 0 0.158881 0.625903 0.5 
n 606 0 -0.0690808 0.600742 0.5 
n 607 0 -0.111506 0.596059 0.5 
n 608 0 0.0327096 0.611977 0.5 
n 609 0 0.211375 0.631698 0.5 
n 610 0 0.225166 0.63322 0.5 
n 611 0 0.275539 0.216417 0.5 
n 612 0 0.00266614 0.182131 0.5 
n 613 0 0.270374 0.215768 0.5 
n 614 0 0.404218 0.232586 0.5 
n 615 0 0.424558 0.235141 0.5 
n 616 0 0.0968367 0.193964 0.5 
n 617 0 0.423538 0.235013 0.5 
n 618 0 0.440754 0.237176 0.5 
n 619 0 -0.00184135 0.181565 0.5 
n 620 0 0.277634 0.216681 0.5 
n 621 0 0.403926 0.232549 0.5 
n 622 0 0.330983 0.223384 0.5 
n 623 0 0.814027 0.247476 0.5 
n 624 0 0.999519 0.147633 0.5 
n 625 0 0.875743 0.214257 0.5 
n 626 0 1.19275 0.0436247 0.5 
n 627 0 1.13265 0.0759762 0.5 
n 628 0 1.19688 0.0414027 0.5 
n 629 0 0.906731 0.197577 0.5 
n 630 0 1.12007 0.082747 0.5 
n 631 0 1.11816 0.0837747 0.5 
n 632 0 0.826737 0.240634 0.5 
n 633 0 0.275408 0.251305 0.5 
n 634 0 0.276268 0.0232336 0.5 
n 635 0 0.276272 0.0222321 0.5 
n 636 0 0.276166 0.0503022 0.5 
n 637 0 0.275925 0.114293 0.5 
n 638 0 0.275451 0.239876 0.5 
n 639 0 0.274798 0.412954 0.5 
n 640 0 0.276336 0.00534072 0.5 
n 641 0 0.276319 0.00985751 0.5 
n 642 0 0.275534 0.21771 0.5 
n 643 0 0.27573 0.16581 0.5 
n 644 0 0.275905 0.119599 0.5 
n 645 0 -0.00922167 0.0518391 0.5 
n 646 0 0.0533192 0.0235549 0.5 
n 647 0 -0.093634 0.0900147 0.5 
n 648 0 0.737902 0.442198 0.5 
n 649 0 0.869885 0.58051 0.5 
n 650 0 0.786021 0.492625 0.5 
n 651 0 0.742558 0.447078 0.5 
n 652 0 0.733795 0.437894 0.5 
n 653 0 0.553145 0.756585 0.5 
n 654 0 0.774095 0.34962 0.5 
n 655 0 0.83753 0.187357 0.5 
n 656 0 0.736505 0.445771 0.5 
n 657 0 0.789509 0.310191 0.5 
n 658 0 0.72972 0.463128 0.5 
n 659 0 0.816866 0.240213 0.5 
n 660 0 0.738656 0.607106 0.5 
n 661 0 1.13747 0.526281 0.5 
n 662 0 0.894195 0.575584 0.5 
n 663 0 0.874327 0.57961 0.5 
n 664 0 1.02584 0.548904 0.5 
n 665 0 1.02007 0.372864 0.5 
n 666 0 0.90729 0.362207 0.5 
n 667 0 1.05871 0.376515 0.5 
n 668 0 0.969017 0.36804 0.5 
n 669 0 0.931725 0.364516 0.5 
n 670 0 0.748444 0.347196 0.5 
n 671 0 0.392606 0.682955 0.5 
n 672 0 0.687717 0.730225 0.5 
n 673 0 0.609398 0.91952 0.5 
n 674 0 0.0766982 0.883865 0.5 
n 675 0 0.179796 0.818298 0.5 
n 676 0 0.0415049 0.906247 0.5 
n 677 0 0.197774 0.806863 0.5 
n 678 0 0.0645266 0.891606 0.5 
n 679 0 0.215417 0.795643 0.5 
n 680 0 0.115258 0.859342 0.5 
n 681 0 0.0287706 0.914346 0.5 
n 682 0 0.264467 0.764448 0.5 
n 683 0 0.101122 0.809584 0.5 
n 684 0 0.0871304 0.852138 0.5 
n 685 0 0.111189 0.778968 0.5 
n 686 0 0.0919065 0.837612 0.5 
n 687 0 0.125875 0.734301 0.5 
n 688 0 0.0436569 0.984355 0.5 
n 689 0 0.093187 0.833717 0.5 
n 690 0 0.038555 0.999871 0.5 
n 691 0 0.101942 0.80709 0.5 
n 692 0 0.135688 0.704459 0.5 
n 693 0 0.988206 0.0236487 0.5 
n 694 0 1.01451 0.311937 0.5 
n 695 0 0.994659 0.0943673 0.5 
n 696 0 1.00238 0.178961 0.5 
n 697 0 1.01746 0.344281 0.5 
n 698 0 0.987808 0.0192791 0.5 
n 699 0 1.00871 0.248405 0.5 
n 700 0 -0.106271 0.786612 0.5 
n 701 0 0.121142 0.811801 0.5 
n 702 0 0.0460463 0.803483 0.5 
n 703 0 0.20073 0.820616 0.5 
n 704 0 -0.2174 0.774304 0.5 
n 705 0 0.105853 0.810108 0.5 
n 706 0 0.261733 0.827373 0.5 
n 707 0 -0.162869 0.780344 0.5 
n 708 0 0.0693721 0.806067 0.5 
n 709 0 0.015703 0.800122 0.5 
n 710 0 0.0536578 0.804326 0.5 
n 711 0 0.0970444 0.809132 0.5 
n 712 0 0.243108 0.0232814 0.5 
n 713 0 0.244126 0.0304646 0.5 
n 714 0 0.247658 0.0554023 0.5 
n 715 0 0.253006 0.0931562 0.5 
n 716 0 0.273796 0.23993 0.5 
n 717 0 0.294899 0.388906 0.5 
n 718 0 0.24403 0.0297892 0.5 
n 719 0 0.270966 0.219951 0.5 
n 720 0 0.262307 0.15882 0.5 
n 721 0 0.2578 0.126999 0.5 
n 722 0 0.30513 0.461131 0.5 
n 723 0 0.553046 0.0548664 0.5 
n 724 0 0.594561 0.230875 0.5 
n 725 0 0.540471 0.00155113 0.5 
n 726 0 0.594295 0.22975 0.5 
n 727 0 0.569525 0.12473 0.5 
n 728 0 0.542614 0.0106389 0.5 
n 729 0 0.594524 0.230719 0.5 
n 730 0 0.272332 0.0232393 0.5 
n 731 0 0.177329 0.0233762 0.5 
n 732 0 -0.0938588 0.0237669 0.5 
n 733 0 0.132455 0.0234408 0.5 
n 734 0 0.254599 0.0232648 0.5 
n 735 0 -0.0269747 0.0236705 0.5 
n 736 0 0.850334 0.877137 0.5 
n 737 0 0.840958 0.896698 0.5 
n 738 0 0.843953 0.890448 0.5 
n 739 0 0.862579 0.851594 0.5 
n 740 0 0.829454 0.920694 0.5 
n 741 0 0.926598 0.718045 0.5 
n 742 0 0.644605 0.0515542 0.5 
n 743 0 0.654369 0.0584275 0.5 
n 744 0 0.906862 0.236162 0.5 
n 745 0 0.714219 0.100557 0.5 
n 746 0 0.780718 0.147367 0.5 
n 747 0 0.918801 0.244566 0.5 
n 748 0 0.402521 0.060312 0.5 
n 749 0 0.640875 0.0516891 0.5 
n 750 0 0.592941 0.0534232 0.5 
n 751 0 0.422827 0.0595774 0.5 
n 752 0 0.797084 0.046038 0.5 
n 753 0 0.183054 0.738376 0.5 
n 754 0 0.0806336 0.859842 0.5 
n 755 0 0.164296 0.760622 0.5 
n 756 0 -0.00504518 0.961454 0.5 
n 757 0 0.097975 0.839276 0.5 
n 758 0 0.0294761 0.920513 0.5 
n 759 0 0.216057 0.699236 0.5 
n 760 0 0.197867 0.042314 0.5 
n 761 0 0.340981 0.00565441 0.5 
n 762 0 -0.0935425 0.116961 0.5 
n 763 0 0.124592 0.0610839 0.5 
n 764 0 0.286462 0.0196197 0.5 
n 765 0 0.242092 0.0309855 0.5 
n 766 0 0.0910681 0.0696714 0.5 
n 767 0 0.217845 0.0607355 0.5 
n 768 0 0.371958 0.0331672 0.5 
n 769 0 0.121048 0.0780509 0.5 
n 770 0 0.304614 0.045214 0.5 
n 771 0 0.184127 0.0667672 0.5 
n 772 0 0.110714 0.0798995 0.5 
n 773 0 0.717468 0.776177 0.5 
n 774 0 0.407575 0.235681 0.5 
n 775 0 0.416274 0.243702 0.5 
n 776 0 0.208242 0.0518808 0.5 
n 777 0 0.404505 0.232851 0.5 
n 778 0 0.279911 0.117965 0.5 
n 779 0 0.450464 0.275228 0.5 
n 780 0 0.336748 0.170373 0.5 
n 781 0 0.575724 0.964185 0.5 
n 782 0 0.757914 0.72253 0.5 
n 783 0 0.797655 0.669819 0.5 
n 784 0 0.593328 0.22978 0.5 
n 785 0 0.548192 0.189692 0.5 
n 786 0 0.408352 0.0654912 0.5 
n 787 0 0.594378 0.230713 0.5 
n 788 0 0.834477 0.883105 0.5 
n 789 0 0.831067 0.884389 0.5 
n 790 0 0.869171 0.870049 0.5 
n 791 0 1.06198 0.797486 0.5 
n 792 0 1.01732 0.814293 0.5 
n 793 0 1.05327 0.800765 0.5 
n 794 0 0.600183 0.0313692 0.5 
n 795 0 0.551445 0.00703121 0.5 
n 796 0 0.729591 0.0959899 0.5 
n 797 0 0.1919 0.779533 0.5 
n 798 0 0.175213 0.701891 0.5 
n 799 0 0.4234 0.235178 0.5 
n 800 0 0.438985 0.234683 0.5 
n 801 0 0.227212 0.24141 0.5 
n 802 0 0.409806 0.23561 0.5 
n 803 0 0.534413 0.231652 0.5 
n 804 0 0.476735 0.233484 0.5 
n 805 0 0.329376 0.238165 0.5 
n 806 0 0.732657 0.44494 0.5 
n 807 0 0.907412 0.398254 0.5 
n 808 0 0.907266 0.355173 0.5 
n 809 0 0.906208 0.043518 0.5 
n 810 0 0.906889 0.244057 0.5 
n 811 0 0.836251 0.886826 0.5 
n 812 0 0.848594 0.912714 0.5 
n 813 0 0.114417 0.109799 0.5 
n 814 0 0.070915 0.318065 0.5 
n 815 0 0.119686 0.0845704 0.5 
n 816 0 0.0847867 0.251653 0.5 
n 817 0 0.139545 0.743666 0.5 
n 818 0 0.022532 0.974421 0.5 
n 819 0 0.0936241 0.834225 0.5 
n 820 0 0.0332299 0.953325 0.5 
n 821 0 0.108842 0.804213 0.5 
n 822 0 0.0395942 0.675192 0.5 
n 823 0 0.0869384 0.707626 0.5 
n 824 0 0.432022 0.224864 0.5 
n 825 0 0.419026 0.24041 0.5 
n 826 0 0.315688 0.364035 0.5 
n 827 0 0.883018 0.908818 0.5 
n 828 0 1.03639 0.980937 0.5 
n 829 0 0.871233 0.903276 0.5 
n 830 0 0.879768 0.899718 0.5 
n 831 0 1.00827 0.735121 0.5 
n 832 0 1.0516 0.785433 0.5 
n 833 0 1.07863 0.816811 0.5 
n 834 0 0.990011 0.713925 0.5 
n 835 0 0.278558 0.00847479 0.5 
n 836 0 0.457107 0.260236 0.5 
n 837 0 0.339069 0.0937966 0.5 
n 838 0 0.458586 0.262321 0.5 
n 839 0 0.138999 0.0946246 0.5 
n 840 0 0.0203899 0.84109 0.5 
n 841 0 0.00572487 0.712904 0.5 
n 842 0 0.32697 0.192484 0.5 
n 843 0 -0.0432716 0.374067 0.5 
n 844 0 0.226077 0.139959 0.5 
n 845 0 0.45921 0.26133 0.5 
n 846 0 0.333948 0.196118 0.5 
n 847 0 1.00897 0.394023 0.5 
n 848 0 0.75646 0.297567 0.5 
n 849 0 0.0560428 0.826226 0.5 
n 850 0 0.0434344 0.710453 0.5 
n 851 0 0.792011 0.0774461 0.5 
n 852 0 0.217106 0.646027 0.5 
n 853 0 0.237821 0.697822 0.5 
n 854 0 0.29921 0.515566 0.5 
n 855 0 0.766073 0.238044 0.5 
