b 897 100 1 1 1.0 1 0 0 
f 0 0.01 0 211 203 218 204 217 214 207 216 212 201 206 215 202 205 210 200 213 208 209 1 
f 1 0.01 2 221 223 228 219 227 220 230 225 222 231 232 229 226 224 3 
f 2 0.01 4 239 237 236 234 235 238 233 5 
f 3 0.01 6 256 246 241 255 247 243 248 253 244 240 245 251 254 249 250 200 252 242 7 
f 4 0.01 8 268 201 262 276 274 267 260 275 265 264 261 269 270 272 263 259 273 271 257 258 266 277 9 
f 5 0.01 10 280 284 282 279 283 278 281 233 11 
f 6 0.01 12 290 301 297 294 289 303 285 288 292 302 299 286 240 296 287 291 293 300 295 298 13 
f 7 0.01 14 311 312 307 310 313 309 308 305 306 304 15 
f 8 0.01 16 314 278 321 317 316 322 318 320 319 241 315 17 
f 9 0.01 18 327 329 330 323 326 324 331 325 328 19 
f 10 0.01 20 337 340 342 348 338 344 242 334 202 343 347 346 345 333 341 335 339 350 336 234 332 349 21 
f 11 0.01 22 356 358 359 351 354 364 357 362 355 352 366 363 361 219 360 365 353 23 
f 12 0.01 24 371 378 374 373 243 376 367 285 379 370 372 375 369 368 377 25 
f 13 0.01 26 314 279 382 384 380 383 381 27 
f 14 0.01 28 385 386 388 390 391 395 389 396 387 394 220 392 393 29 
f 15 0.01 30 400 397 403 398 404 399 402 405 401 406 31 
f 16 0.01 32 407 419 332 235 409 420 408 410 418 413 417 415 412 411 244 286 414 416 421 33 
f 17 0.01 34 427 434 423 323 428 435 422 257 433 431 424 426 432 430 429 425 35 
f 18 0.01 36 287 439 245 440 443 445 438 441 437 442 444 436 304 37 
f 19 0.01 38 455 447 451 288 367 446 315 246 450 452 448 453 449 454 380 280 456 39 
f 20 0.01 40 459 469 397 462 461 464 407 468 236 460 470 465 463 458 457 466 467 41 
f 21 0.01 42 305 477 476 478 203 471 480 479 221 474 472 473 475 43 
f 22 0.01 44 492 491 486 494 487 483 488 495 482 485 496 493 490 422 258 489 497 484 324 385 481 45 
f 23 0.01 46 501 423 499 481 386 498 503 500 502 436 306 47 
f 24 0.01 48 368 504 508 506 505 289 511 446 509 247 510 507 512 49 
f 25 0.01 50 513 515 521 516 520 523 522 424 259 526 517 482 525 519 518 351 514 524 51 
f 26 0.01 52 531 437 532 527 369 504 290 530 528 534 533 529 53 
f 27 0.01 54 537 408 538 535 540 333 457 541 543 536 544 542 204 545 471 539 55 
f 28 0.01 56 291 547 553 550 552 205 334 557 560 559 554 260 548 558 551 472 546 555 549 556 352 561 57 
f 29 0.01 58 564 565 222 563 387 566 562 353 59 
f 30 0.01 60 574 582 573 577 572 581 568 583 580 571 458 575 335 535 578 579 569 567 576 570 61 
f 31 0.01 62 586 592 425 261 591 587 594 589 584 593 588 473 546 585 223 590 63 
f 32 0.01 64 596 605 601 598 599 248 602 292 604 447 606 595 597 600 527 603 65 
f 33 0.01 66 513 616 614 613 607 608 618 611 609 617 249 612 547 293 610 615 567 67 
f 34 0.01 68 620 624 307 623 622 619 621 398 459 69 
f 35 0.01 70 632 625 638 514 354 627 483 631 626 584 630 548 634 628 633 637 262 206 629 636 635 71 
f 36 0.01 72 644 640 409 336 460 237 642 641 568 643 639 645 73 
f 37 0.01 74 650 648 649 619 647 646 651 399 75 
f 38 0.01 76 654 657 656 652 655 660 355 659 549 658 585 474 653 77 
f 39 0.01 78 515 664 663 325 665 498 388 661 662 224 79 
f 40 0.01 80 669 668 516 667 670 484 326 499 666 81 
f 41 0.01 82 674 294 505 370 595 438 607 671 673 672 83 
f 42 0.01 84 680 207 682 681 536 683 639 677 678 684 679 685 308 676 620 675 85 
f 43 0.01 86 608 688 690 586 689 692 426 263 696 517 485 695 356 686 697 687 625 693 694 691 87 
f 44 0.01 88 698 706 238 640 707 537 410 700 705 704 569 702 701 699 295 550 250 703 208 89 
f 45 0.01 90 652 710 720 716 357 486 709 718 717 626 715 711 719 587 714 264 712 337 708 713 91 
f 46 0.01 92 727 371 596 726 724 721 411 296 439 251 725 609 209 722 723 708 93 
f 47 0.01 94 730 733 653 551 588 475 731 709 734 487 627 518 728 358 686 732 736 729 735 95 
f 48 0.01 96 739 661 738 740 737 741 389 562 742 97 
f 49 0.01 98 654 745 743 747 749 744 746 748 99 
f 50 0.01 100 390 750 737 754 755 563 225 752 751 655 710 753 101 
f 51 0.01 102 391 750 756 738 226 757 103 
f 52 0.01 104 597 372 506 297 528 675 762 761 759 760 758 646 105 
f 53 0.01 106 698 461 769 763 765 621 647 758 770 767 529 764 766 768 448 107 
f 54 0.01 108 777 687 781 359 728 519 488 776 775 711 589 779 774 265 772 780 338 778 252 210 552 298 699 771 610 570 412 773 109 
f 55 0.01 110 327 782 427 783 666 739 662 111 
f 56 0.01 112 676 309 789 785 788 786 784 648 763 787 462 400 113 
f 57 0.01 114 373 790 598 721 792 793 413 794 700 538 339 791 463 571 795 797 796 115 
f 58 0.01 116 799 360 227 392 798 751 656 743 117 
f 59 0.01 118 804 800 476 801 806 677 803 572 802 805 464 119 
f 60 0.01 120 808 810 316 807 809 281 121 
f 61 0.01 122 764 811 449 812 814 815 317 807 813 123 
f 62 0.01 124 818 800 477 816 819 678 573 817 784 649 765 125 
f 63 0.01 126 820 663 667 489 266 827 428 821 825 824 729 823 822 744 826 127 
f 64 0.01 128 808 318 507 830 374 790 599 253 299 414 440 829 611 722 828 340 712 129 
f 65 0.01 130 831 393 361 228 590 832 539 211 478 801 816 834 833 679 574 785 310 131 
f 66 0.01 132 254 612 553 300 771 701 835 837 836 540 341 575 791 465 840 838 641 839 802 650 133 
f 67 0.01 134 530 301 508 375 600 441 613 841 843 842 668 520 135 
f 68 0.01 136 628 845 267 554 846 772 342 828 723 713 688 671 841 614 844 137 
f 69 0.01 138 601 724 792 773 415 576 615 702 835 343 847 629 268 212 848 680 730 850 849 479 139 
f 70 0.01 140 401 852 381 811 766 851 450 319 255 509 376 602 302 141 
f 71 0.01 142 854 630 855 774 714 591 269 429 853 689 672 669 842 521 664 820 328 500 143 
f 72 0.01 144 377 603 857 442 531 844 616 843 673 690 592 853 430 270 856 775 715 145 
f 73 0.01 146 782 329 860 821 861 490 271 859 431 522 858 147 
f 74 0.01 148 745 657 564 862 229 740 756 149 
f 75 0.01 150 658 555 863 491 362 716 864 691 822 746 151 
f 76 0.01 152 866 402 767 759 865 311 622 786 817 577 803 153 
f 77 0.01 154 798 831 363 556 659 492 863 731 867 717 631 776 869 868 272 432 692 858 155 
f 78 0.01 156 747 873 864 870 693 632 777 874 732 871 872 493 273 859 433 523 157 
f 79 0.01 158 451 604 416 443 829 725 617 703 213 778 344 557 876 877 274 875 633 733 159 
f 80 0.01 160 875 845 634 558 854 593 867 718 734 494 364 524 878 870 694 823 748 161 
f 81 0.01 162 452 320 510 830 378 605 726 793 417 704 879 578 836 345 635 466 541 163 
f 82 0.01 164 832 480 883 882 214 880 681 881 467 636 346 837 579 879 705 794 418 165 
f 83 0.01 166 804 818 799 365 394 230 752 167 
f 84 0.01 168 735 824 886 871 695 525 495 884 868 856 719 594 779 855 275 846 559 885 876 215 847 347 169 
f 85 0.01 170 869 884 696 526 496 872 887 825 860 330 501 434 783 171 
f 86 0.01 172 348 780 560 885 877 276 637 848 216 682 880 888 542 889 173 
f 87 0.01 174 256 851 768 453 812 890 891 382 282 175 
f 88 0.01 176 366 561 660 720 753 873 749 826 177 
f 89 0.01 178 565 231 892 754 741 395 502 444 857 532 179 
f 90 0.01 180 881 543 795 580 893 838 239 642 468 419 349 706 181 
f 91 0.01 182 469 403 787 769 805 839 581 643 796 683 544 888 217 882 894 849 183 
f 92 0.01 184 895 833 684 582 788 623 312 865 760 770 651 404 185 
f 93 0.01 186 283 321 809 813 644 707 420 350 470 840 893 583 797 187 
f 94 0.01 188 814 890 454 383 852 405 866 189 
f 95 0.01 190 761 533 896 674 511 303 379 606 455 421 445 618 191 
f 96 0.01 192 757 862 232 892 755 396 566 742 193 
f 97 0.01 194 850 894 883 545 218 889 645 806 819 834 895 685 789 313 624 762 534 896 195 
f 98 0.01 196 727 512 322 810 815 891 384 284 456 406 197 
f 99 0.01 198 503 665 331 670 497 277 827 435 861 887 886 736 874 697 781 638 878 199 
n 0 1 0.413899 0.48887 0.5 
n 1 1 0.913833 0.496992 0.5 
n 2 1 0.599715 0.387067 0.5 
n 3 2 0.302434 0 0.5 
n 4 1 0.61782 0.662895 0.5 
n 5 2 0.67643 1 0.5 
n 6 1 1.1926 0.802088 0.5 
n 7 1 0.807014 0.483772 0.5 
n 8 1 0.686173 0.532739 0.5 
n 9 1 0.995431 0.139852 0.5 
n 10 1 1.11285 0.973075 0.5 
n 11 1 0.615519 0.921443 0.5 
n 12 1 0.249762 0.616125 0.5 
n 13 1 -0.246921 0.558627 0.5 
n 14 1 0.371583 0.83756 0.5 
n 15 1 0.272348 0.347507 0.5 
n 16 2 0.840205 1 0.5 
n 17 1 1.10127 0.637991 0.5 
n 18 2 0.878987 0 0.5 
n 19 1 1.17797 0.281867 0.5 
n 20 1 0.908043 0.367153 0.5 
n 21 1 0.584885 0.748688 0.5 
n 22 1 0.82553 0.183836 0.5 
n 23 1 0.342635 0.313499 0.5 
n 24 1 -0.111216 0.765653 0.5 
n 25 1 0.26044 0.431182 0.5 
n 26 2 0.82758 1 0.5 
n 27 1 1.15948 0.866798 0.5 
n 28 1 0.0488147 0.155494 0.5 
n 29 1 0.542729 0.23327 0.5 
n 30 1 0.577426 0.8491 0.5 
n 31 1 0.098587 0.99302 0.5 
n 32 1 0.592119 0.716591 0.5 
n 33 1 1.05436 0.525983 0.5 
n 34 2 1.07655 0 0.5 
n 35 1 0.853178 0.33619 0.5 
n 36 1 -0.14784 0.603473 0.5 
n 37 1 0.279864 0.344496 0.5 
n 38 1 0.0487217 0.53114 0.5 
n 39 2 0.0992065 1 0.5 
n 40 1 0.409232 0.989029 0.5 
n 41 1 0.694818 0.578614 0.5 
n 42 1 0.302851 0.581652 0.5 
n 43 1 0.714631 0.298037 0.5 
n 44 1 0.658157 0.253154 0.5 
n 45 1 1.14873 0.156538 0.5 
n 46 1 0.0203935 0.0490076 0.5 
n 47 1 0.335772 0.436997 0.5 
n 48 1 0.236659 0.451904 0.5 
n 49 1 -0.0820887 0.837131 0.5 
n 50 1 1.20476 0.342114 0.5 
n 51 1 0.732232 0.17866 0.5 
n 52 1 0.158082 0.405215 0.5 
n 53 1 0.298824 0.884998 0.5 
n 54 1 0.842611 0.729993 0.5 
n 55 1 0.439674 0.43395 0.5 
n 56 1 0.865235 0.582118 0.5 
n 57 1 0.593047 0.162697 0.5 
n 58 2 0.468807 0 0.5 
n 59 1 0.332947 0.339951 0.5 
n 60 1 0.342353 0.647804 0.5 
n 61 1 0.841075 0.612076 0.5 
n 62 1 0.934403 0.329822 0.5 
n 63 1 0.435542 0.29609 0.5 
n 64 1 -0.115559 0.765464 0.5 
n 65 1 0.223308 0.39781 0.5 
n 66 1 1.17108 0.291737 0.5 
n 67 1 0.796993 0.623487 0.5 
n 68 1 0.223231 0.527771 0.5 
n 69 1 0.480949 0.956235 0.5 
n 70 1 0.787879 0.125463 0.5 
n 71 1 0.694973 0.616755 0.5 
n 72 1 0.856708 0.812404 0.5 
n 73 1 0.421686 0.565917 0.5 
n 74 1 0.458629 0.706182 0.5 
n 75 2 0.312919 1 0.5 
n 76 2 0.558433 0 0.5 
n 77 1 0.692483 0.370096 0.5 
n 78 1 0.0491301 0.336295 0.5 
n 79 2 0.358036 0 0.5 
n 80 1 -0.0237503 0.308666 0.5 
n 81 2 0.0915714 0 0.5 
n 82 1 0.190989 0.72805 0.5 
n 83 1 -0.0640597 0.297992 0.5 
n 84 1 0.694957 0.460103 0.5 
n 85 1 0.250934 0.68998 0.5 
n 86 1 1.00125 0.443582 0.5 
n 87 1 0.715067 0.0335853 0.5 
n 88 1 0.553552 0.85435 0.5 
n 89 1 0.897327 0.491282 0.5 
n 90 1 0.583019 0.114614 0.5 
n 91 1 0.962932 0.439677 0.5 
n 92 1 0.893813 0.864331 0.5 
n 93 1 0.917445 0.364889 0.5 
n 94 1 0.597478 0.438645 0.5 
n 95 1 0.912259 0.0501699 0.5 
n 96 2 0.21763 3.72529e-09 0.5 
n 97 1 0.401664 0.266196 0.5 
n 98 2 0.49743 0 0.5 
n 99 1 0.896226 0.0524565 0.5 
n 100 1 0.22699 0.195966 0.5 
n 101 1 0.723401 0.13616 0.5 
n 102 1 0.22283 0.255112 0.5 
n 103 2 0.467206 0 0.5 
n 104 1 0.0888616 0.4726 0.5 
n 105 1 0.388762 0.872675 0.5 
n 106 1 0.568604 0.838454 0.5 
n 107 1 0.0686252 0.843079 0.5 
n 108 1 0.790162 0.128989 0.5 
n 109 1 0.822913 0.627915 0.5 
n 110 1 -0.16555 0.00266645 0.5 
n 111 1 0.330495 0.0654272 0.5 
n 112 1 0.227266 0.502089 0.5 
n 113 1 0.518635 0.908419 0.5 
n 114 1 1.02027 0.689781 0.5 
n 115 1 0.526482 0.611212 0.5 
n 116 1 0.361939 0.381822 0.5 
n 117 2 0.636661 0 0.5 
n 118 1 0.281922 0.389611 0.5 
n 119 1 0.555086 0.808397 0.5 
n 120 1 1.02711 0.808526 0.5 
n 121 2 0.704233 1 0.5 
n 122 1 1.24485 0.834852 0.5 
n 123 1 0.752083 0.919609 0.5 
n 124 1 0.319388 0.360879 0.5 
n 125 1 0.433719 0.847631 0.5 
n 126 1 1.10426 0.290067 0.5 
n 127 1 0.690321 0.00961418 0.5 
n 128 1 1.00582 0.828708 0.5 
n 129 1 0.875334 0.346035 0.5 
n 130 1 0.529207 0.22367 0.5 
n 131 1 0.334809 0.684332 0.5 
n 132 1 0.902648 0.544284 0.5 
n 133 1 0.433916 0.718326 0.5 
n 134 1 0.247523 0.679832 0.5 
n 135 1 -0.0236012 0.259723 0.5 
n 136 1 0.722101 0.447096 0.5 
n 137 1 1.21469 0.361321 0.5 
n 138 1 0.935956 0.720616 0.5 
n 139 1 0.553906 0.398067 0.5 
n 140 2 0.203055 1 0.5 
n 141 1 0.00664416 0.5819 0.5 
n 142 1 0.720918 0.341261 0.5 
n 143 1 1.21558 0.268383 0.5 
n 144 1 0.262057 0.437515 0.5 
n 145 1 -0.217253 0.295171 0.5 
n 146 2 0.945579 0 0.5 
n 147 1 0.910511 0.29899 0.5 
n 148 2 0.614321 0 0.5 
n 149 1 0.313341 0.160064 0.5 
n 150 1 0.664673 0.30181 0.5 
n 151 2 0.778901 0 0.5 
n 152 2 0.268602 1 0.5 
n 153 1 0.446457 0.622207 0.5 
n 154 1 0.47545 0.216833 0.5 
n 155 1 0.96903 0.296704 0.5 
n 156 2 0.63795 -7.45058e-09 0.5 
n 157 1 0.937964 0.256569 0.5 
n 158 1 1.05589 0.588332 0.5 
n 159 1 0.595183 0.394045 0.5 
n 160 1 0.727147 0.465305 0.5 
n 161 2 0.779768 0 0.5 
n 162 1 1.09082 0.794286 0.5 
n 163 1 0.636789 0.584869 0.5 
n 164 1 0.447316 0.369264 0.5 
n 165 1 0.81914 0.70355 0.5 
n 166 1 0.322619 0.558 0.5 
n 167 1 0.490719 0.0871053 0.5 
n 168 1 0.860367 0.112299 0.5 
n 169 1 0.73195 0.595526 0.5 
n 170 1 0.809995 0.276833 0.5 
n 171 2 1.08694 7.45058e-09 0.5 
n 172 1 0.876078 0.435789 0.5 
n 173 1 0.390915 0.556691 0.5 
n 174 1 0.196281 0.747559 0.5 
n 175 2 -0.0509504 1 0.5 
n 176 1 0.626815 0.240237 0.5 
n 177 2 0.719066 0 0.5 
n 178 1 0.446873 0.0992119 0.5 
n 179 1 0.119317 0.476978 0.5 
n 180 1 0.640464 0.538904 0.5 
n 181 2 0.563849 1 0.5 
n 182 1 0.482367 0.889404 0.5 
n 183 1 0.588779 0.400858 0.5 
n 184 1 0.354934 0.561886 0.5 
n 185 2 0.357286 1 0.5 
n 186 1 0.920522 0.957447 0.5 
n 187 1 0.574155 0.59685 0.5 
n 188 1 0.0345404 0.852445 0.5 
n 189 2 0.278566 1 0.5 
n 190 1 0.322421 0.783813 0.5 
n 191 1 -0.0709401 0.47516 0.5 
n 192 2 0.445167 0 0.5 
n 193 1 0.360053 0.287111 0.5 
n 194 1 0.606913 0.406535 0.5 
n 195 1 0.235894 0.741714 0.5 
n 196 1 -0.120519 0.77737 0.5 
n 197 2 0.122274 1 0.5 
n 198 1 1.22893 0.262741 0.5 
n 199 1 0.74622 0.132387 0.5 
n 200 0 0.821205 0.495487 0.5 
n 201 0 0.71683 0.493792 0.5 
n 202 0 0.799641 0.495137 0.5 
n 203 0 0.437015 0.489246 0.5 
n 204 0 0.516697 0.49054 0.5 
n 205 0 0.808885 0.495287 0.5 
n 206 0 0.718222 0.493814 0.5 
n 207 0 0.632531 0.492422 0.5 
n 208 0 0.892251 0.496642 0.5 
n 209 0 0.911196 0.496949 0.5 
n 210 0 0.814213 0.495374 0.5 
n 211 0 0.41727 0.488925 0.5 
n 212 0 0.666317 0.492971 0.5 
n 213 0 0.836312 0.495733 0.5 
n 214 0 0.583416 0.491624 0.5 
n 215 0 0.758804 0.494473 0.5 
n 216 0 0.647822 0.49267 0.5 
n 217 0 0.56906 0.491391 0.5 
n 218 0 0.513974 0.490496 0.5 
n 219 0 0.50892 0.268849 0.5 
n 220 0 0.473183 0.222319 0.5 
n 221 0 0.594752 0.380604 0.5 
n 222 0 0.411865 0.142482 0.5 
n 223 0 0.535007 0.302815 0.5 
n 224 0 0.327754 0.032967 0.5 
n 225 0 0.433806 0.17105 0.5 
n 226 0 0.375756 0.0954673 0.5 
n 227 0 0.475 0.224684 0.5 
n 228 0 0.509708 0.269876 0.5 
n 229 0 0.392881 0.117764 0.5 
n 230 0 0.452202 0.195002 0.5 
n 231 0 0.410686 0.140946 0.5 
n 232 0 0.405417 0.134086 0.5 
n 233 0 0.66364 0.926439 0.5 
n 234 0 0.624586 0.701814 0.5 
n 235 0 0.624812 0.70311 0.5 
n 236 0 0.621488 0.683996 0.5 
n 237 0 0.620549 0.678594 0.5 
n 238 0 0.635973 0.767303 0.5 
n 239 0 0.618864 0.6689 0.5 
n 240 0 0.921273 0.578097 0.5 
n 241 0 1.06118 0.693593 0.5 
n 242 0 0.80834 0.484867 0.5 
n 243 0 1.01303 0.653842 0.5 
n 244 0 0.923507 0.579941 0.5 
n 245 0 0.909762 0.568595 0.5 
n 246 0 1.06671 0.698158 0.5 
n 247 0 1.04662 0.681577 0.5 
n 248 0 0.998429 0.641793 0.5 
n 249 0 0.883416 0.546845 0.5 
n 250 0 0.861695 0.528913 0.5 
n 251 0 0.90788 0.567041 0.5 
n 252 0 0.81382 0.48939 0.5 
n 253 0 0.942895 0.595948 0.5 
n 254 0 0.887243 0.550004 0.5 
n 255 0 1.05781 0.690813 0.5 
n 256 0 1.16511 0.779391 0.5 
n 257 0 0.919737 0.236015 0.5 
n 258 0 0.951761 0.19533 0.5 
n 259 0 0.915093 0.241914 0.5 
n 260 0 0.766754 0.430366 0.5 
n 261 0 0.85037 0.32414 0.5 
n 262 0 0.718668 0.491457 0.5 
n 263 0 0.88615 0.278684 0.5 
n 264 0 0.841326 0.335629 0.5 
n 265 0 0.806621 0.379719 0.5 
n 266 0 0.956169 0.189731 0.5 
n 267 0 0.758587 0.440743 0.5 
n 268 0 0.697051 0.518919 0.5 
n 269 0 0.852107 0.321933 0.5 
n 270 0 0.85604 0.316937 0.5 
n 271 0 0.917576 0.238761 0.5 
n 272 0 0.882933 0.282771 0.5 
n 273 0 0.9174 0.238984 0.5 
n 274 0 0.74546 0.457419 0.5 
n 275 0 0.780472 0.412939 0.5 
n 276 0 0.734767 0.471004 0.5 
n 277 0 0.956589 0.189197 0.5 
n 278 0 0.877261 0.948616 0.5 
n 279 0 0.939511 0.955079 0.5 
n 280 0 1.09612 0.971338 0.5 
n 281 0 0.80375 0.940985 0.5 
n 282 0 0.988103 0.960124 0.5 
n 283 0 0.915892 0.952627 0.5 
n 284 0 1.09036 0.970741 0.5 
n 285 0 0.077141 0.596141 0.5 
n 286 0 -0.0734913 0.578704 0.5 
n 287 0 -0.101565 0.575454 0.5 
n 288 0 0.0554504 0.59363 0.5 
n 289 0 0.113802 0.600385 0.5 
n 290 0 0.218903 0.612552 0.5 
n 291 0 -0.142138 0.570757 0.5 
n 292 0 0.0440383 0.592309 0.5 
n 293 0 -0.143384 0.570612 0.5 
n 294 0 0.115386 0.600569 0.5 
n 295 0 -0.17439 0.567023 0.5 
n 296 0 -0.0925677 0.576495 0.5 
n 297 0 0.191383 0.609367 0.5 
n 298 0 -0.181135 0.566242 0.5 
n 299 0 -0.0613876 0.580105 0.5 
n 300 0 -0.162348 0.568417 0.5 
n 301 0 0.202909 0.610701 0.5 
n 302 0 0.00966504 0.58833 0.5 
n 303 0 0.0843001 0.59697 0.5 
n 304 0 0.272626 0.348879 0.5 
n 305 0 0.317692 0.57143 0.5 
n 306 0 0.275439 0.362774 0.5 
n 307 0 0.352305 0.742361 0.5 
n 308 0 0.333086 0.647449 0.5 
n 309 0 0.33371 0.65053 0.5 
n 310 0 0.338691 0.675132 0.5 
n 311 0 0.36361 0.798187 0.5 
n 312 0 0.356001 0.760612 0.5 
n 313 0 0.334192 0.652912 0.5 
n 314 0 0.845347 0.99287 0.5 
n 315 0 1.06556 0.687514 0.5 
n 316 0 0.941807 0.859114 0.5 
n 317 0 0.918869 0.890921 0.5 
n 318 0 0.994345 0.786262 0.5 
n 319 0 1.05993 0.695324 0.5 
n 320 0 1.01408 0.758893 0.5 
n 321 0 0.892175 0.927936 0.5 
n 322 0 0.952483 0.84431 0.5 
n 323 0 1.00046 0.114519 0.5 
n 324 0 1.06295 0.173432 0.5 
n 325 0 1.13572 0.24203 0.5 
n 326 0 1.0362 0.148209 0.5 
n 327 0 0.889157 0.00958818 0.5 
n 328 0 1.17069 0.274997 0.5 
n 329 0 0.938949 0.0565286 0.5 
n 330 0 0.986006 0.100891 0.5 
n 331 0 1.12909 0.235779 0.5 
n 332 0 0.622779 0.703948 0.5 
n 333 0 0.693506 0.620444 0.5 
n 334 0 0.80482 0.489023 0.5 
n 335 0 0.69152 0.62279 0.5 
n 336 0 0.636567 0.68767 0.5 
n 337 0 0.895491 0.381973 0.5 
n 338 0 0.81315 0.479188 0.5 
n 339 0 0.680561 0.635728 0.5 
n 340 0 0.887576 0.391318 0.5 
n 341 0 0.691659 0.622625 0.5 
n 342 0 0.860787 0.422946 0.5 
n 343 0 0.745123 0.559504 0.5 
n 344 0 0.808921 0.484181 0.5 
n 345 0 0.699241 0.613674 0.5 
n 346 0 0.707857 0.603502 0.5 
n 347 0 0.739877 0.565698 0.5 
n 348 0 0.842907 0.444055 0.5 
n 349 0 0.610664 0.718252 0.5 
n 350 0 0.648199 0.673936 0.5 
n 351 0 0.781428 0.195677 0.5 
n 352 0 0.639229 0.23386 0.5 
n 353 0 0.343625 0.313233 0.5 
n 354 0 0.774236 0.197609 0.5 
n 355 0 0.642791 0.232903 0.5 
n 356 0 0.820826 0.185099 0.5 
n 357 0 0.702522 0.216865 0.5 
n 358 0 0.797948 0.191242 0.5 
n 359 0 0.794313 0.192218 0.5 
n 360 0 0.427491 0.290714 0.5 
n 361 0 0.510297 0.268479 0.5 
n 362 0 0.696178 0.218568 0.5 
n 363 0 0.617209 0.239772 0.5 
n 364 0 0.756894 0.202265 0.5 
n 365 0 0.417033 0.293522 0.5 
n 366 0 0.628118 0.236843 0.5 
n 367 0 0.0576131 0.613716 0.5 
n 368 0 0.23446 0.454563 0.5 
n 369 0 0.185487 0.498636 0.5 
n 370 0 0.100365 0.575241 0.5 
n 371 0 -0.101087 0.756537 0.5 
n 372 0 0.139441 0.540074 0.5 
n 373 0 -0.0198206 0.683402 0.5 
n 374 0 -0.0307926 0.693276 0.5 
n 375 0 0.150757 0.529891 0.5 
n 376 0 0.0322943 0.636501 0.5 
n 377 0 0.25555 0.435582 0.5 
n 378 0 -0.0637917 0.722973 0.5 
n 379 0 0.0799837 0.593583 0.5 
n 380 0 1.08795 0.895505 0.5 
n 381 0 1.1435 0.873215 0.5 
n 382 0 1.02771 0.919683 0.5 
n 383 0 1.09865 0.891212 0.5 
n 384 0 1.03256 0.917736 0.5 
n 385 0 0.107283 0.164701 0.5 
n 386 0 0.115485 0.165993 0.5 
n 387 0 0.385478 0.208508 0.5 
n 388 0 0.194179 0.178385 0.5 
n 389 0 0.358886 0.204321 0.5 
n 390 0 0.271658 0.190585 0.5 
n 391 0 0.28294 0.192362 0.5 
n 392 0 0.476344 0.222817 0.5 
n 393 0 0.526251 0.230675 0.5 
n 394 0 0.444086 0.217737 0.5 
n 395 0 0.356113 0.203884 0.5 
n 396 0 0.383449 0.208189 0.5 
n 397 0 0.487871 0.876017 0.5 
n 398 0 0.441146 0.890061 0.5 
n 399 0 0.354529 0.916094 0.5 
n 400 0 0.494065 0.874155 0.5 
n 401 0 0.187256 0.966369 0.5 
n 402 0 0.300451 0.932348 0.5 
n 403 0 0.485101 0.876849 0.5 
n 404 0 0.356832 0.915402 0.5 
n 405 0 0.211097 0.959204 0.5 
n 406 0 0.110693 0.989381 0.5 
n 407 0 0.601499 0.712723 0.5 
n 408 0 0.740878 0.655249 0.5 
n 409 0 0.647387 0.693801 0.5 
n 410 0 0.742837 0.654441 0.5 
n 411 0 0.906946 0.58677 0.5 
n 412 0 0.822498 0.621593 0.5 
n 413 0 0.758243 0.648089 0.5 
n 414 0 0.937058 0.574354 0.5 
n 415 0 0.819924 0.622654 0.5 
n 416 0 0.980381 0.556489 0.5 
n 417 0 0.766485 0.64469 0.5 
n 418 0 0.7577 0.648313 0.5 
n 419 0 0.612324 0.708259 0.5 
n 420 0 0.661636 0.687925 0.5 
n 421 0 1.01468 0.542345 0.5 
n 422 0 0.946017 0.196462 0.5 
n 423 0 1.03338 0.06498 0.5 
n 424 0 0.915682 0.242118 0.5 
n 425 0 0.86072 0.32484 0.5 
n 426 0 0.888833 0.282527 0.5 
n 427 0 1.05614 0.0307156 0.5 
n 428 0 0.952252 0.187078 0.5 
n 429 0 0.863795 0.320211 0.5 
n 430 0 0.864334 0.3194 0.5 
n 431 0 0.917503 0.239376 0.5 
n 432 0 0.888114 0.28361 0.5 
n 433 0 0.917632 0.239182 0.5 
n 434 0 1.05601 0.0309098 0.5 
n 435 0 0.951718 0.187881 0.5 
n 436 0 0.266942 0.35232 0.5 
n 437 0 0.161326 0.416272 0.5 
n 438 0 0.0471039 0.485434 0.5 
n 439 0 -0.0922515 0.569814 0.5 
n 440 0 -0.0681198 0.555202 0.5 
n 441 0 0.101003 0.452798 0.5 
n 442 0 0.170935 0.410453 0.5 
n 443 0 -0.0494608 0.543904 0.5 
n 444 0 0.183703 0.402722 0.5 
n 445 0 -0.0121342 0.521303 0.5 
n 446 0 0.0628131 0.662009 0.5 
n 447 0 0.0541293 0.581361 0.5 
n 448 0 0.0822963 0.842952 0.5 
n 449 0 0.0843957 0.86245 0.5 
n 450 0 0.0683252 0.7132 0.5 
n 451 0 0.0548318 0.587886 0.5 
n 452 0 0.0763369 0.787606 0.5 
n 453 0 0.0843329 0.861866 0.5 
n 454 0 0.0867155 0.883994 0.5 
n 455 0 0.0531808 0.572552 0.5 
n 456 0 0.0966795 0.976531 0.5 
n 457 0 0.675114 0.606931 0.5 
n 458 0 0.662639 0.624859 0.5 
n 459 0 0.458278 0.918544 0.5 
n 460 0 0.623919 0.680503 0.5 
n 461 0 0.513655 0.838963 0.5 
n 462 0 0.491579 0.870688 0.5 
n 463 0 0.657616 0.632077 0.5 
n 464 0 0.545331 0.793442 0.5 
n 465 0 0.654624 0.636376 0.5 
n 466 0 0.677424 0.603611 0.5 
n 467 0 0.689183 0.586713 0.5 
n 468 0 0.614745 0.693686 0.5 
n 469 0 0.484103 0.881432 0.5 
n 470 0 0.636769 0.662036 0.5 
n 471 0 0.477233 0.461546 0.5 
n 472 0 0.691304 0.314103 0.5 
n 473 0 0.692255 0.313448 0.5 
n 474 0 0.676016 0.324633 0.5 
n 475 0 0.707348 0.303052 0.5 
n 476 0 0.374843 0.532067 0.5 
n 477 0 0.36172 0.541105 0.5 
n 478 0 0.408989 0.508549 0.5 
n 479 0 0.560866 0.403943 0.5 
n 480 0 0.518413 0.433183 0.5 
n 481 0 1.11345 0.163487 0.5 
n 482 0 0.842584 0.216832 0.5 
n 483 0 0.767816 0.231558 0.5 
n 484 0 1.0239 0.181123 0.5 
n 485 0 0.84293 0.216764 0.5 
n 486 0 0.728698 0.239262 0.5 
n 487 0 0.764799 0.232152 0.5 
n 488 0 0.796524 0.225904 0.5 
n 489 0 0.961579 0.193397 0.5 
n 490 0 0.921982 0.201195 0.5 
n 491 0 0.685096 0.247849 0.5 
n 492 0 0.676988 0.249446 0.5 
n 493 0 0.882342 0.209002 0.5 
n 494 0 0.753257 0.234425 0.5 
n 495 0 0.832035 0.21891 0.5 
n 496 0 0.876751 0.210103 0.5 
n 497 0 0.967688 0.192194 0.5 
n 498 0 0.157774 0.218018 0.5 
n 499 0 0.0566136 0.0935667 0.5 
n 500 0 0.200518 0.270602 0.5 
n 501 0 0.0282455 0.0586674 0.5 
n 502 0 0.247812 0.328786 0.5 
n 503 0 0.18434 0.2507 0.5 
n 504 0 0.18876 0.509794 0.5 
n 505 0 0.114661 0.599347 0.5 
n 506 0 0.150974 0.55546 0.5 
n 507 0 -0.0141122 0.754977 0.5 
n 508 0 0.160123 0.544404 0.5 
n 509 0 0.0509896 0.676298 0.5 
n 510 0 -0.00866856 0.748398 0.5 
n 511 0 0.103902 0.612351 0.5 
n 512 0 -0.0705517 0.823188 0.5 
n 513 0 1.13967 0.319597 0.5 
n 514 0 0.77502 0.193461 0.5 
n 515 0 1.0826 0.299857 0.5 
n 516 0 0.991336 0.268287 0.5 
n 517 0 0.843102 0.217011 0.5 
n 518 0 0.791524 0.19917 0.5 
n 519 0 0.794844 0.200318 0.5 
n 520 0 0.979222 0.264097 0.5 
n 521 0 1.05851 0.291524 0.5 
n 522 0 0.917123 0.242616 0.5 
n 523 0 0.924721 0.245244 0.5 
n 524 0 0.758535 0.187758 0.5 
n 525 0 0.833429 0.213665 0.5 
n 526 0 0.862966 0.223883 0.5 
n 527 0 0.172182 0.45328 0.5 
n 528 0 0.235061 0.667634 0.5 
n 529 0 0.285937 0.841069 0.5 
n 530 0 0.231236 0.654595 0.5 
n 531 0 0.158539 0.406772 0.5 
n 532 0 0.164012 0.425431 0.5 
n 533 0 0.253211 0.729507 0.5 
n 534 0 0.252414 0.72679 0.5 
n 535 0 0.696239 0.622452 0.5 
n 536 0 0.566082 0.526824 0.5 
n 537 0 0.741583 0.655766 0.5 
n 538 0 0.723639 0.642583 0.5 
n 539 0 0.440281 0.434396 0.5 
n 540 0 0.694858 0.621437 0.5 
n 541 0 0.659079 0.59515 0.5 
n 542 0 0.552073 0.516531 0.5 
n 543 0 0.63416 0.576842 0.5 
n 544 0 0.561996 0.523822 0.5 
n 545 0 0.515168 0.489417 0.5 
n 546 0 0.690816 0.313351 0.5 
n 547 0 0.857347 0.569964 0.5 
n 548 0 0.738464 0.386773 0.5 
n 549 0 0.648074 0.247488 0.5 
n 550 0 0.843309 0.548331 0.5 
n 551 0 0.694457 0.318962 0.5 
n 552 0 0.814806 0.50441 0.5 
n 553 0 0.852715 0.562824 0.5 
n 554 0 0.771975 0.438411 0.5 
n 555 0 0.671544 0.283655 0.5 
n 556 0 0.6461 0.244447 0.5 
n 557 0 0.798949 0.479976 0.5 
n 558 0 0.73639 0.383577 0.5 
n 559 0 0.773201 0.4403 0.5 
n 560 0 0.785003 0.458485 0.5 
n 561 0 0.632968 0.224212 0.5 
n 562 0 0.376797 0.230228 0.5 
n 563 0 0.39876 0.175272 0.5 
n 564 0 0.429533 0.098272 0.5 
n 565 0 0.414011 0.137112 0.5 
n 566 0 0.377256 0.229081 0.5 
n 567 0 0.807118 0.614509 0.5 
n 568 0 0.541081 0.633567 0.5 
n 569 0 0.778722 0.616543 0.5 
n 570 0 0.821963 0.613445 0.5 
n 571 0 0.627892 0.627348 0.5 
n 572 0 0.445514 0.640414 0.5 
n 573 0 0.386047 0.644674 0.5 
n 574 0 0.350469 0.647222 0.5 
n 575 0 0.691143 0.622817 0.5 
n 576 0 0.810028 0.6143 0.5 
n 577 0 0.437619 0.640979 0.5 
n 578 0 0.715309 0.621086 0.5 
n 579 0 0.726522 0.620282 0.5 
n 580 0 0.625742 0.627502 0.5 
n 581 0 0.538044 0.633785 0.5 
n 582 0 0.35539 0.64687 0.5 
n 583 0 0.605023 0.628986 0.5 
n 584 0 0.751571 0.317459 0.5 
n 585 0 0.671455 0.312042 0.5 
n 586 0 0.921224 0.328931 0.5 
n 587 0 0.82597 0.32249 0.5 
n 588 0 0.698578 0.313876 0.5 
n 589 0 0.802761 0.32092 0.5 
n 590 0 0.496895 0.300238 0.5 
n 591 0 0.841294 0.323526 0.5 
n 592 0 0.889115 0.32676 0.5 
n 593 0 0.743926 0.316942 0.5 
n 594 0 0.804888 0.321064 0.5 
n 595 0 0.0844712 0.548442 0.5 
n 596 0 -0.100749 0.749397 0.5 
n 597 0 0.118245 0.511798 0.5 
n 598 0 -0.0373508 0.680613 0.5 
n 599 0 -0.034927 0.677983 0.5 
n 600 0 0.1305 0.498503 0.5 
n 601 0 -0.0697677 0.715783 0.5 
n 602 0 0.0225079 0.615669 0.5 
n 603 0 0.202904 0.419948 0.5 
n 604 0 0.0499954 0.585846 0.5 
n 605 0 -0.0726351 0.718894 0.5 
n 606 0 0.0584428 0.576681 0.5 
n 607 0 1.01455 0.430549 0.5 
n 608 0 1.00072 0.442818 0.5 
n 609 0 0.909949 0.523316 0.5 
n 610 0 0.821213 0.602009 0.5 
n 611 0 0.920686 0.513794 0.5 
n 612 0 0.874533 0.554723 0.5 
n 613 0 1.0604 0.389889 0.5 
n 614 0 1.06279 0.387771 0.5 
n 615 0 0.808657 0.613143 0.5 
n 616 0 1.07076 0.380704 0.5 
n 617 0 0.907296 0.525668 0.5 
n 618 0 0.94773 0.48981 0.5 
n 619 0 0.400747 0.822897 0.5 
n 620 0 0.304209 0.662399 0.5 
n 621 0 0.410982 0.839912 0.5 
n 622 0 0.373389 0.777414 0.5 
n 623 0 0.355935 0.748396 0.5 
n 624 0 0.311068 0.673802 0.5 
n 625 0 0.786029 0.135247 0.5 
n 626 0 0.761114 0.266997 0.5 
n 627 0 0.768588 0.227476 0.5 
n 628 0 0.727225 0.446204 0.5 
n 629 0 0.711213 0.530875 0.5 
n 630 0 0.74782 0.337297 0.5 
n 631 0 0.761837 0.263176 0.5 
n 632 0 0.78743 0.127835 0.5 
n 633 0 0.726608 0.449469 0.5 
n 634 0 0.732406 0.418808 0.5 
n 635 0 0.695851 0.612111 0.5 
n 636 0 0.698987 0.595527 0.5 
n 637 0 0.72193 0.474203 0.5 
n 638 0 0.784609 0.142754 0.5 
n 639 0 0.454576 0.584552 0.5 
n 640 0 0.685254 0.715256 0.5 
n 641 0 0.589026 0.660733 0.5 
n 642 0 0.617537 0.676887 0.5 
n 643 0 0.53842 0.632059 0.5 
n 644 0 0.691035 0.718532 0.5 
n 645 0 0.427096 0.568982 0.5 
n 646 0 0.381118 0.862478 0.5 
n 647 0 0.392223 0.840086 0.5 
n 648 0 0.423872 0.776267 0.5 
n 649 0 0.419179 0.78573 0.5 
n 650 0 0.456825 0.70982 0.5 
n 651 0 0.356811 0.911493 0.5 
n 652 0 0.607549 0.135603 0.5 
n 653 0 0.680293 0.336442 0.5 
n 654 0 0.561485 0.00842562 0.5 
n 655 0 0.612586 0.14951 0.5 
n 656 0 0.584627 0.0723187 0.5 
n 657 0 0.56746 0.0249214 0.5 
n 658 0 0.666245 0.297657 0.5 
n 659 0 0.647027 0.244597 0.5 
n 660 0 0.636403 0.215267 0.5 
n 661 0 0.277925 0.0872138 0.5 
n 662 0 0.301327 0.0617368 0.5 
n 663 0 0.0964526 0.284776 0.5 
n 664 0 0.0952229 0.286115 0.5 
n 665 0 0.139 0.238456 0.5 
n 666 0 0.0790145 0.0336094 0.5 
n 667 0 0.00765297 0.224613 0.5 
n 668 0 -0.0121144 0.277522 0.5 
n 669 0 -0.0217646 0.303351 0.5 
n 670 0 0.0149924 0.204968 0.5 
n 671 0 -0.00392575 0.399389 0.5 
n 672 0 -0.0577386 0.308651 0.5 
n 673 0 -0.0333417 0.349788 0.5 
n 674 0 0.13845 0.639459 0.5 
n 675 0 0.251567 0.689653 0.5 
n 676 0 0.33193 0.648048 0.5 
n 677 0 0.420563 0.602161 0.5 
n 678 0 0.380886 0.622702 0.5 
n 679 0 0.355206 0.635997 0.5 
n 680 0 0.653071 0.481788 0.5 
n 681 0 0.601927 0.508266 0.5 
n 682 0 0.617415 0.500248 0.5 
n 683 0 0.56074 0.52959 0.5 
n 684 0 0.355332 0.635932 0.5 
n 685 0 0.349839 0.638776 0.5 
n 686 0 0.812542 0.173231 0.5 
n 687 0 0.791045 0.142433 0.5 
n 688 0 0.973187 0.403374 0.5 
n 689 0 0.91035 0.313352 0.5 
n 690 0 0.927709 0.338221 0.5 
n 691 0 0.748216 0.0810749 0.5 
n 692 0 0.889777 0.283879 0.5 
n 693 0 0.771116 0.113882 0.5 
n 694 0 0.767479 0.108672 0.5 
n 695 0 0.835452 0.206052 0.5 
n 696 0 0.854091 0.232754 0.5 
n 697 0 0.792816 0.14497 0.5 
n 698 0 0.568603 0.838454 0.5 
n 699 0 0.81935 0.573635 0.5 
n 700 0 0.750082 0.64679 0.5 
n 701 0 0.817045 0.576069 0.5 
n 702 0 0.79381 0.600608 0.5 
n 703 0 0.876904 0.512851 0.5 
n 704 0 0.756452 0.640062 0.5 
n 705 0 0.752806 0.643913 0.5 
n 706 0 0.595392 0.810162 0.5 
n 707 0 0.686562 0.713875 0.5 
n 708 0 0.915814 0.399362 0.5 
n 709 0 0.746616 0.254592 0.5 
n 710 0 0.622419 0.148326 0.5 
n 711 0 0.801489 0.301543 0.5 
n 712 0 0.881907 0.370351 0.5 
n 713 0 0.929411 0.410997 0.5 
n 714 0 0.829254 0.3253 0.5 
n 715 0 0.800046 0.300308 0.5 
n 716 0 0.698217 0.213181 0.5 
n 717 0 0.755437 0.26214 0.5 
n 718 0 0.750592 0.257994 0.5 
n 719 0 0.808485 0.307529 0.5 
n 720 0 0.652293 0.173887 0.5 
n 721 0 0.902955 0.671114 0.5 
n 722 0 0.911932 0.481411 0.5 
n 723 0 0.915146 0.413481 0.5 
n 724 0 0.901971 0.691923 0.5 
n 725 0 0.909788 0.526718 0.5 
n 726 0 0.901264 0.706856 0.5 
n 727 0 0.89716 0.793582 0.5 
n 728 0 0.794526 0.195465 0.5 
n 729 0 0.854815 0.121062 0.5 
n 730 0 0.599302 0.436393 0.5 
n 731 0 0.742231 0.260003 0.5 
n 732 0 0.823992 0.159101 0.5 
n 733 0 0.623829 0.406125 0.5 
n 734 0 0.751684 0.248337 0.5 
n 735 0 0.859611 0.115143 0.5 
n 736 0 0.827789 0.154415 0.5 
n 737 0 0.343414 0.18194 0.5 
n 738 0 0.322249 0.151326 0.5 
n 739 0 0.25638 0.05605 0.5 
n 740 0 0.324271 0.154251 0.5 
n 741 0 0.357488 0.202298 0.5 
n 742 0 0.37688 0.230348 0.5 
n 743 0 0.624623 0.0167306 0.5 
n 744 0 0.719183 0.0291689 0.5 
n 745 0 0.591143 0.0123267 0.5 
n 746 0 0.765552 0.0352681 0.5 
n 747 0 0.663492 0.0218434 0.5 
n 748 0 0.77563 0.0365937 0.5 
n 749 0 0.708409 0.0277516 0.5 
n 750 0 0.286336 0.188817 0.5 
n 751 0 0.521163 0.160525 0.5 
n 752 0 0.461964 0.167657 0.5 
n 753 0 0.664034 0.143312 0.5 
n 754 0 0.378842 0.177672 0.5 
n 755 0 0.393002 0.175966 0.5 
n 756 0 0.314436 0.159481 0.5 
n 757 0 0.435289 0.0333186 0.5 
n 758 0 0.364525 0.840342 0.5 
n 759 0 0.351773 0.823331 0.5 
n 760 0 0.356371 0.829464 0.5 
n 761 0 0.321763 0.783296 0.5 
n 762 0 0.268507 0.712252 0.5 
n 763 0 0.469125 0.839375 0.5 
n 764 0 0.20431 0.841824 0.5 
n 765 0 0.431861 0.839719 0.5 
n 766 0 0.129076 0.84252 0.5 
n 767 0 0.343674 0.840535 0.5 
n 768 0 0.103044 0.842761 0.5 
n 769 0 0.493313 0.839151 0.5 
n 770 0 0.356429 0.840417 0.5 
n 771 0 0.819451 0.575175 0.5 
n 772 0 0.810038 0.431783 0.5 
n 773 0 0.822723 0.625018 0.5 
n 774 0 0.8033 0.329123 0.5 
n 775 0 0.801435 0.300721 0.5 
n 776 0 0.799369 0.26925 0.5 
n 777 0 0.790244 0.13024 0.5 
n 778 0 0.813608 0.486158 0.5 
n 779 0 0.80319 0.327453 0.5 
n 780 0 0.81136 0.451917 0.5 
n 781 0 0.791182 0.144529 0.5 
n 782 0 -0.0563541 0.0164822 0.5 
n 783 0 0.0562008 0.0307229 0.5 
n 784 0 0.413588 0.761924 0.5 
n 785 0 0.343382 0.664018 0.5 
n 786 0 0.393723 0.734222 0.5 
n 787 0 0.48764 0.865195 0.5 
n 788 0 0.355574 0.681021 0.5 
n 789 0 0.334936 0.65224 0.5 
n 790 0 0.965925 0.681134 0.5 
n 791 0 0.663626 0.633034 0.5 
n 792 0 0.87137 0.666089 0.5 
n 793 0 0.782075 0.651881 0.5 
n 794 0 0.757281 0.647936 0.5 
n 795 0 0.625823 0.627019 0.5 
n 796 0 0.542409 0.613746 0.5 
n 797 0 0.59904 0.622757 0.5 
n 798 0 0.480107 0.217586 0.5 
n 799 0 0.408723 0.316799 0.5 
n 800 0 0.351018 0.495542 0.5 
n 801 0 0.389549 0.554614 0.5 
n 802 0 0.484165 0.699669 0.5 
n 803 0 0.441083 0.633621 0.5 
n 804 0 0.347074 0.489495 0.5 
n 805 0 0.513798 0.7451 0.5 
n 806 0 0.409368 0.584998 0.5 
n 807 0 0.87563 0.898358 0.5 
n 808 0 1.00406 0.822197 0.5 
n 809 0 0.86807 0.902841 0.5 
n 810 0 0.958095 0.849455 0.5 
n 811 0 1.1344 0.853849 0.5 
n 812 0 1.08363 0.862581 0.5 
n 813 0 0.865447 0.90011 0.5 
n 814 0 1.05846 0.86691 0.5 
n 815 0 0.989977 0.87869 0.5 
n 816 0 0.37371 0.592149 0.5 
n 817 0 0.402635 0.715293 0.5 
n 818 0 0.348596 0.485231 0.5 
n 819 0 0.378566 0.612824 0.5 
n 820 0 1.09786 0.285727 0.5 
n 821 0 0.925744 0.169118 0.5 
n 822 0 0.757926 0.0554179 0.5 
n 823 0 0.772393 0.0652192 0.5 
n 824 0 0.857546 0.122912 0.5 
n 825 0 0.920981 0.165891 0.5 
n 826 0 0.710202 0.0230835 0.5 
n 827 0 0.954578 0.188654 0.5 
n 828 0 0.894537 0.417069 0.5 
n 829 0 0.926032 0.533569 0.5 
n 830 0 0.98308 0.744593 0.5 
n 831 0 0.528471 0.225413 0.5 
n 832 0 0.462142 0.382593 0.5 
n 833 0 0.35533 0.635703 0.5 
n 834 0 0.356618 0.632652 0.5 
n 835 0 0.78072 0.589556 0.5 
n 836 0 0.706611 0.617074 0.5 
n 837 0 0.718176 0.612779 0.5 
n 838 0 0.622272 0.648389 0.5 
n 839 0 0.527172 0.6837 0.5 
n 840 0 0.623295 0.648009 0.5 
n 841 0 0.0594163 0.388359 0.5 
n 842 0 0.00226966 0.29981 0.5 
n 843 0 0.0506151 0.374721 0.5 
n 844 0 1.08282 0.384284 0.5 
n 845 0 0.729349 0.445834 0.5 
n 846 0 0.773787 0.438096 0.5 
n 847 0 0.742182 0.557021 0.5 
n 848 0 0.661827 0.48918 0.5 
n 849 0 0.583876 0.42337 0.5 
n 850 0 0.586152 0.425291 0.5 
n 851 0 0.120713 0.824719 0.5 
n 852 0 0.173096 0.936225 0.5 
n 853 0 0.86598 0.319889 0.5 
n 854 0 0.741519 0.338226 0.5 
n 855 0 0.802723 0.329208 0.5 
n 856 0 -0.190354 0.303159 0.5 
n 857 0 0.175757 0.411886 0.5 
n 858 0 0.911865 0.287453 0.5 
n 859 0 0.917536 0.2391 0.5 
n 860 0 0.926805 0.160068 0.5 
n 861 0 0.924408 0.180506 0.5 
n 862 0 0.413507 0.106794 0.5 
n 863 0 0.684059 0.25059 0.5 
n 864 0 0.744435 0.0910648 0.5 
n 865 0 0.356286 0.813744 0.5 
n 866 0 0.27081 0.99531 0.5 
n 867 0 0.750219 0.261296 0.5 
n 868 0 0.817862 0.272242 0.5 
n 869 0 0.815044 0.271786 0.5 
n 870 0 0.767262 0.110587 0.5 
n 871 0 0.843496 0.175782 0.5 
n 872 0 0.879922 0.206933 0.5 
n 873 0 0.699013 0.0522205 0.5 
n 874 0 0.81423 0.150753 0.5 
n 875 0 0.728832 0.450407 0.5 
n 876 0 0.766314 0.466214 0.5 
n 877 0 0.761737 0.464283 0.5 
n 878 0 0.764246 0.137255 0.5 
n 879 0 0.74017 0.632553 0.5 
n 880 0 0.598305 0.50501 0.5 
n 881 0 0.639884 0.542391 0.5 
n 882 0 0.571368 0.480792 0.5 
n 883 0 0.547986 0.45977 0.5 
n 884 0 0.819047 0.267785 0.5 
n 885 0 0.767188 0.462925 0.5 
n 886 0 0.847743 0.159803 0.5 
n 887 0 0.910198 0.176669 0.5 
n 888 0 0.564245 0.513498 0.5 
n 889 0 0.459665 0.539559 0.5 
n 890 0 0.0716082 0.874859 0.5 
n 891 0 0.0310086 0.916314 0.5 
n 892 0 0.39959 0.153744 0.5 
n 893 0 0.622477 0.647157 0.5 
n 894 0 0.582797 0.428321 0.5 
n 895 0 0.35532 0.633825 0.5 
n 896 0 0.251175 0.727909 0.5 
