b 811 100 1.000000 1.000000 0.000000 1 0 0
f 0 0.010000 0 208 209 200 207 212 201 211 202 210 214 206 203 205 204 213 1 
f 1 0.010000 2 221 222 226 225 218 215 223 217 216 224 220 219 200 3 
f 2 0.010000 4 234 239 231 236 240 229 228 235 232 233 241 227 237 238 230 5 
f 3 0.010000 6 249 244 227 246 242 247 245 248 243 7 
f 4 0.010000 8 251 262 260 259 250 253 261 254 258 257 252 256 255 9 
f 5 0.010000 10 264 272 267 274 277 268 271 265 270 269 266 278 263 275 273 276 11 
f 6 0.010000 12 286 285 284 280 279 288 281 289 282 287 283 13 
f 7 0.010000 14 294 290 293 292 300 263 296 297 298 299 295 279 291 15 
f 8 0.010000 16 308 303 310 307 304 301 302 311 309 306 312 305 17 
f 9 0.010000 18 322 313 319 316 325 314 315 324 323 327 328 317 320 326 321 318 19 
f 10 0.010000 20 339 337 334 313 332 336 330 335 329 333 338 331 21 
f 11 0.010000 22 349 351 350 250 343 340 344 348 342 341 201 345 347 346 23 
f 12 0.010000 24 353 329 354 314 352 355 25 
f 13 0.010000 26 356 359 358 264 357 27 
f 14 0.010000 28 364 352 315 363 361 366 368 360 367 362 365 29 
f 15 0.010000 30 369 372 375 371 340 370 373 374 377 251 376 31 
f 16 0.010000 32 280 390 384 386 382 391 383 387 379 389 381 385 378 388 380 33 
f 17 0.010000 34 393 330 394 316 392 396 395 397 35 
f 18 0.010000 36 403 400 202 401 341 402 398 399 404 37 
f 19 0.010000 38 409 411 331 360 413 410 412 408 406 414 317 215 407 405 301 39 
f 20 0.010000 40 318 216 415 422 418 405 302 424 421 423 420 425 419 416 417 41 
f 21 0.010000 42 428 430 429 426 319 332 427 43 
f 22 0.010000 44 303 433 415 217 432 320 435 406 431 434 361 333 353 45 
f 23 0.010000 46 437 362 438 440 439 441 436 321 47 
f 24 0.010000 48 203 442 448 445 444 449 446 451 450 443 447 49 
f 25 0.010000 50 463 452 461 459 416 465 454 460 290 456 265 457 455 453 378 458 462 464 51 
f 26 0.010000 52 342 466 369 252 291 467 281 53 
f 27 0.010000 54 474 476 228 472 469 470 478 468 204 477 473 370 343 253 475 471 55 
f 28 0.010000 56 483 488 479 379 486 480 481 487 266 292 484 489 417 482 485 452 57 
f 29 0.010000 58 493 322 334 498 490 495 497 492 491 494 496 59 
f 30 0.010000 60 205 499 507 502 500 504 229 506 505 501 503 61 
f 31 0.010000 62 514 508 510 513 509 511 442 206 517 515 344 371 516 254 512 63 
f 32 0.010000 64 335 354 363 518 323 520 523 218 407 418 304 521 522 519 65 
f 33 0.010000 66 525 524 527 230 528 242 530 529 526 67 
f 34 0.010000 68 532 490 537 426 392 531 364 355 324 518 535 534 431 408 533 536 436 69 
f 35 0.010000 70 540 541 539 538 543 282 544 542 491 71 
f 36 0.010000 72 552 560 443 555 558 549 551 546 550 556 553 547 545 548 557 508 554 559 73 
f 37 0.010000 74 565 563 562 561 545 571 564 568 509 566 572 499 468 570 567 524 569 75 
f 38 0.010000 76 579 578 576 575 577 574 573 77 
f 39 0.010000 78 255 398 207 345 581 580 585 587 444 583 584 546 586 582 79 
f 40 0.010000 80 591 590 593 208 589 219 588 346 580 592 81 
f 41 0.010000 82 445 597 601 598 547 561 594 600 596 604 603 602 231 599 595 83 
f 42 0.010000 84 492 609 611 610 283 538 605 608 606 607 85 
f 43 0.010000 86 612 619 617 615 613 614 562 594 548 618 510 500 469 232 616 87 
f 44 0.010000 88 256 623 622 621 620 605 539 89 
f 45 0.010000 90 393 625 427 493 627 626 540 606 624 91 
f 46 0.010000 92 628 630 629 573 365 437 409 93 
f 47 0.010000 94 267 380 632 634 631 633 243 95 
f 48 0.010000 96 637 639 635 220 588 347 581 636 638 97 
f 49 0.010000 98 479 640 631 644 356 643 642 641 99 
f 50 0.010000 100 607 624 647 645 648 646 650 399 649 209 589 101 
f 51 0.010000 102 640 662 381 657 453 654 268 655 612 660 658 659 651 653 549 446 656 652 661 103 
f 52 0.010000 104 667 620 645 663 590 664 665 666 574 105 
f 53 0.010000 106 671 669 675 673 501 670 595 674 641 672 668 107 
f 54 0.010000 108 684 221 305 685 680 682 419 687 454 681 293 269 677 678 679 686 683 676 109 
f 55 0.010000 110 420 447 689 696 692 651 693 582 690 613 688 563 691 596 695 697 694 111 
f 56 0.010000 112 703 564 699 701 698 448 704 400 210 700 348 702 372 257 113 
f 57 0.010000 114 707 646 706 663 705 628 115 
f 58 0.010000 116 652 710 449 583 708 550 713 709 614 688 565 711 714 642 712 668 117 
f 59 0.010000 118 470 502 566 511 698 716 597 708 584 551 653 717 715 689 119 
f 60 0.010000 120 284 726 719 722 382 727 718 480 723 676 725 720 455 654 724 721 121 
f 61 0.010000 122 258 512 471 285 729 730 383 718 481 728 677 270 456 294 123 
f 62 0.010000 124 734 552 421 732 731 306 735 222 733 531 325 394 336 625 125 
f 63 0.010000 126 737 739 669 736 233 740 244 738 567 525 127 
f 64 0.010000 128 513 568 699 742 598 553 709 690 615 741 743 655 271 457 678 129 
f 65 0.010000 130 626 541 608 647 705 591 664 744 575 746 745 131 
f 66 0.010000 132 337 752 532 747 751 609 542 494 748 749 295 384 719 750 133 
f 67 0.010000 134 710 656 755 519 756 753 307 422 223 432 326 757 533 754 410 366 135 
f 68 0.010000 136 308 224 635 760 761 758 744 665 759 629 137 
f 69 0.010000 138 503 670 599 762 234 139 
f 70 0.010000 140 763 671 736 616 235 472 504 554 514 764 600 691 711 357 272 141 
f 71 0.010000 142 758 576 765 745 438 367 411 143 
f 72 0.010000 144 672 712 643 766 358 632 768 458 385 657 720 767 679 145 
f 73 0.010000 146 772 296 769 273 482 459 770 680 771 731 309 225 773 520 327 534 147 
f 74 0.010000 148 774 776 483 775 633 644 359 766 149 
f 75 0.010000 150 245 778 777 151 
f 76 0.010000 152 433 310 753 521 781 450 555 715 780 692 779 658 617 741 274 721 153 
f 77 0.010000 154 349 783 782 259 373 473 515 700 401 211 636 592 585 155 
f 78 0.010000 156 701 784 601 556 713 586 693 659 779 785 460 681 484 786 275 769 297 157 
f 79 0.010000 158 789 722 386 788 298 276 485 461 770 682 787 732 311 159 
f 80 0.010000 160 535 434 412 754 439 790 765 746 577 666 759 630 161 
f 81 0.010000 162 792 602 694 236 505 474 673 737 791 526 163 
f 82 0.010000 164 791 794 763 795 246 237 793 527 569 796 777 374 260 774 782 350 165 
f 83 0.010000 166 767 797 683 723 486 387 798 799 286 475 261 516 375 702 466 402 212 167 
f 84 0.010000 168 800 247 528 238 793 738 570 213 169 
f 85 0.010000 170 716 784 742 571 703 618 557 764 695 801 603 792 239 762 674 171 
f 86 0.010000 172 803 462 768 388 724 277 743 619 660 785 696 780 717 558 451 755 802 173 
f 87 0.010000 174 733 684 395 805 428 804 495 747 610 287 543 667 621 648 706 175 
f 88 0.010000 176 714 604 801 697 559 240 506 476 675 739 794 529 177 
f 89 0.010000 178 338 368 413 440 790 637 578 806 760 593 649 179 
f 90 0.010000 180 622 807 467 288 496 748 463 685 771 787 423 734 560 181 
f 91 0.010000 182 424 781 522 756 802 661 587 638 704 403 214 517 477 183 
f 92 0.010000 184 376 248 185 
f 93 0.010000 186 634 464 803 662 389 725 797 686 728 487 808 772 788 299 749 187 
f 94 0.010000 188 390 726 750 789 729 809 798 488 775 189 
f 95 0.010000 190 800 530 795 241 740 249 478 507 572 191 
f 96 0.010000 192 396 429 810 804 497 751 611 544 289 807 623 707 650 404 193 
f 97 0.010000 194 761 806 579 639 441 536 757 435 414 328 523 773 226 735 312 195 
f 98 0.010000 196 796 778 377 262 776 783 351 799 809 730 391 727 808 278 300 786 489 465 687 425 197 
f 99 0.010000 198 397 805 430 810 537 498 752 339 627 199 
n 0 1 0.728627 0.276191 0.000000
n 1 1 0.819434 0.770835 0.000000
n 2 1 0.300700 0.258921 0.000000
n 3 1 0.771282 0.438863 0.000000
n 4 1 0.493061 0.952098 0.000000
n 5 1 0.973063 0.819944 0.000000
n 6 1 0.793971 0.815665 0.000000
n 7 2 1.182580 1.000000 0.000000
n 8 1 1.012494 0.865597 0.000000
n 9 1 0.846025 0.395075 0.000000
n 10 1 0.415366 0.861090 0.000000
n 11 1 0.143775 0.441522 0.000000
n 12 1 -0.045815 0.613912 0.000000
n 13 1 0.144338 0.155474 0.000000
n 14 1 0.342687 0.674645 0.000000
n 15 1 -0.003273 0.313314 0.000000
n 16 1 0.704072 0.477471 0.000000
n 17 1 0.232778 0.300933 0.000000
n 18 1 0.231457 0.037713 0.000000
n 19 1 0.627415 0.350366 0.000000
n 20 1 0.085766 0.084002 0.000000
n 21 1 0.581706 0.060423 0.000000
n 22 1 1.095405 0.691070 0.000000
n 23 1 0.645086 0.467912 0.000000
n 24 2 0.490852 0.000000 0.000000
n 25 1 0.418889 0.253750 0.000000
n 26 2 0.206193 1.000000 0.000000
n 27 1 0.408598 0.814935 0.000000
n 28 1 0.419001 0.232914 0.000000
n 29 2 0.640402 0.000000 0.000000
n 30 1 0.860550 0.516090 0.000000
n 31 1 1.099154 0.956031 0.000000
n 32 1 0.021822 0.441226 0.000000
n 33 1 0.340802 0.827897 0.000000
n 34 2 0.440157 0.000000 0.000000
n 35 1 0.234376 0.225011 0.000000
n 36 1 0.773582 0.661150 0.000000
n 37 1 0.844548 0.169210 0.000000
n 38 2 0.592395 0.000000 0.000000
n 39 1 0.503529 0.414997 0.000000
n 40 1 0.661459 0.294177 0.000000
n 41 1 0.216881 0.515181 0.000000
n 42 1 0.194655 0.257254 0.000000
n 43 2 0.321882 0.000000 0.000000
n 44 1 0.583310 0.444532 0.000000
n 45 2 0.470060 0.000000 0.000000
n 46 2 0.621502 0.000000 0.000000
n 47 1 0.548689 0.307891 0.000000
n 48 1 0.825328 0.697820 0.000000
n 49 1 0.348397 0.540013 0.000000
n 50 1 0.242009 0.339195 0.000000
n 51 1 0.302690 0.835201 0.000000
n 52 1 0.817552 0.570388 0.000000
n 53 1 0.145751 0.205834 0.000000
n 54 1 0.656135 0.935510 0.000000
n 55 1 0.955050 0.542671 0.000000
n 56 1 0.082540 0.895729 0.000000
n 57 1 0.273416 0.435246 0.000000
n 58 2 0.250698 0.000000 0.000000
n 59 1 0.109844 0.329232 0.000000
n 60 1 0.809600 0.708072 0.000000
n 61 2 0.595788 1.000000 0.000000
n 62 1 0.605007 0.877192 0.000000
n 63 1 0.946911 0.519467 0.000000
n 64 1 0.443693 0.013102 0.000000
n 65 1 0.550762 0.504930 0.000000
n 66 1 0.917314 0.695980 0.000000
n 67 2 0.853604 1.000000 0.000000
n 68 1 0.126548 0.113699 0.000000
n 69 1 0.598675 0.285679 0.000000
n 70 2 0.024653 0.000000 0.000000
n 71 1 0.217937 0.361203 0.000000
n 72 1 0.377351 0.471889 0.000000
n 73 1 0.640350 0.903005 0.000000
n 74 1 0.434381 0.774426 0.000000
n 75 1 0.935354 0.779648 0.000000
n 76 1 0.702473 0.246484 0.000000
n 77 2 0.769390 0.000000 0.000000
n 78 1 0.851308 0.409508 0.000000
n 79 1 0.452056 0.696023 0.000000
n 80 1 0.823546 0.070309 0.000000
n 81 1 0.698398 0.551527 0.000000
n 82 1 0.584384 0.607427 0.000000
n 83 2 0.539315 1.000000 0.000000
n 84 1 0.159639 0.218430 0.000000
n 85 2 0.981154 0.000000 0.000000
n 86 1 0.334969 0.626048 0.000000
n 87 1 0.755451 0.902356 0.000000
n 88 1 0.805275 0.491691 0.000000
n 89 1 0.101166 0.093927 0.000000
n 90 1 0.448431 0.036914 0.000000
n 91 1 -0.051327 0.033977 0.000000
n 92 1 0.961889 0.014747 0.000000
n 93 2 0.589267 0.000000 0.000000
n 94 1 0.398409 0.739724 0.000000
n 95 2 0.135779 1.000000 0.000000
n 96 1 0.688770 0.161323 0.000000
n 97 1 0.719092 0.664281 0.000000
n 98 1 0.140516 0.657264 0.000000
n 99 2 0.405804 1.000000 0.000000
n 100 1 0.999261 0.005092 0.000000
n 101 1 0.724579 0.415187 0.000000
n 102 1 0.218140 0.812358 0.000000
n 103 1 0.613905 0.507351 0.000000
n 104 1 1.120143 0.188895 0.000000
n 105 1 0.638553 0.044579 0.000000
n 106 1 0.833839 0.910444 0.000000
n 107 2 0.355531 1.000000 0.000000
n 108 1 0.337746 0.195877 0.000000
n 109 1 0.228710 0.681744 0.000000
n 110 1 0.337281 0.454875 0.000000
n 111 1 0.568817 0.903420 0.000000
n 112 1 0.589039 0.789099 0.000000
n 113 1 0.966362 0.469861 0.000000
n 114 1 0.825065 0.338338 0.000000
n 115 2 0.947918 0.000000 0.000000
n 116 1 0.560951 0.545594 0.000000
n 117 2 0.384049 1.000000 0.000000
n 118 1 0.802818 0.826269 0.000000
n 119 1 0.361897 0.583381 0.000000
n 120 1 -0.015470 0.432606 0.000000
n 121 1 0.354633 0.770357 0.000000
n 122 1 0.895096 0.554900 0.000000
n 123 1 0.389146 0.621382 0.000000
n 124 1 0.384189 0.500246 0.000000
n 125 2 0.340584 0.000000 0.000000
n 126 2 0.759940 1.000000 0.000000
n 127 1 0.938027 0.661850 0.000000
n 128 1 0.721613 0.784363 0.000000
n 129 1 0.236806 0.649824 0.000000
n 130 1 0.127398 0.027873 0.000000
n 131 1 0.637569 0.127051 0.000000
n 132 1 0.179566 0.063190 0.000000
n 133 1 0.079875 0.557488 0.000000
n 134 1 0.546725 0.582775 0.000000
n 135 1 0.540601 0.082841 0.000000
n 136 1 0.674651 0.474502 0.000000
n 137 2 0.799359 0.000000 0.000000
n 138 2 0.712453 1.000000 0.000000
n 139 1 0.451534 0.944186 0.000000
n 140 1 0.859210 0.924661 0.000000
n 141 1 0.372164 0.809206 0.000000
n 142 1 0.767182 0.174169 0.000000
n 143 2 0.504910 0.000000 0.000000
n 144 2 0.397567 1.000000 0.000000
n 145 1 0.224753 0.628927 0.000000
n 146 1 0.149553 0.572221 0.000000
n 147 1 0.520890 0.253224 0.000000
n 148 1 -0.034338 0.675247 0.000000
n 149 1 0.407861 0.922565 0.000000
n 150 2 1.036368 1.000000 0.000000
n 151 1 0.949621 0.696890 0.000000
n 152 1 0.590025 0.369820 0.000000
n 153 1 0.335428 0.795690 0.000000
n 154 1 1.101970 0.692678 0.000000
n 155 1 0.638743 0.504668 0.000000
n 156 1 0.643880 0.750446 0.000000
n 157 1 0.191263 0.526945 0.000000
n 158 1 0.048926 0.569517 0.000000
n 159 1 0.501257 0.368909 0.000000
n 160 1 0.498355 0.253983 0.000000
n 161 2 0.863779 0.000000 0.000000
n 162 1 0.489605 0.872248 0.000000
n 163 2 0.918188 1.000000 0.000000
n 164 2 0.790165 1.000000 0.000000
n 165 1 1.007266 0.597626 0.000000
n 166 1 0.261657 0.671576 0.000000
n 167 1 0.782287 0.522211 0.000000
n 168 2 0.997926 1.000000 0.000000
n 169 1 0.807289 0.750824 0.000000
n 170 1 0.630150 0.704393 0.000000
n 171 2 0.500432 1.000000 0.000000
n 172 1 0.281358 0.812368 0.000000
n 173 1 0.608662 0.435811 0.000000
n 174 1 0.380171 0.232609 0.000000
n 175 1 0.886528 0.150977 0.000000
n 176 1 0.434012 0.845356 0.000000
n 177 1 0.918624 0.974061 0.000000
n 178 2 0.493636 0.000000 0.000000
n 179 1 0.809871 0.283067 0.000000
n 180 1 1.009125 0.224999 0.000000
n 181 1 0.426866 0.516653 0.000000
n 182 1 0.428055 0.421847 0.000000
n 183 1 0.855916 0.688209 0.000000
n 184 1 1.042294 0.734213 0.000000
n 185 2 0.069592 1.000000 0.000000
n 186 1 0.308401 0.838958 0.000000
n 187 1 0.125515 0.373631 0.000000
n 188 1 0.060001 0.400512 0.000000
n 189 1 0.173885 0.887653 0.000000
n 190 2 1.019787 1.000000 0.000000
n 191 1 0.748706 0.770489 0.000000
n 192 1 0.285941 0.179264 0.000000
n 193 1 0.795572 0.250937 0.000000
n 194 1 0.763436 0.182343 0.000000
n 195 1 0.313932 0.377353 0.000000
n 196 1 0.905048 0.739998 0.000000
n 197 1 0.309094 0.463251 0.000000
n 198 1 0.246001 0.246845 0.000000
n 199 2 0.123579 0.000000 0.000000
n 200 0 0.758370 0.434562 0.000000
n 201 0 0.784028 0.524602 0.000000
n 202 0 0.790533 0.572242 0.000000
n 203 0 0.805964 0.691544 0.000000
n 204 0 0.812374 0.729157 0.000000
n 205 0 0.809184 0.708646 0.000000
n 206 0 0.802556 0.668878 0.000000
n 207 0 0.769915 0.462753 0.000000
n 208 0 0.741896 0.349754 0.000000
n 209 0 0.747190 0.379103 0.000000
n 210 0 0.794931 0.615552 0.000000
n 211 0 0.788733 0.557157 0.000000
n 212 0 0.783700 0.522710 0.000000
n 213 0 0.818776 0.766950 0.000000
n 214 0 0.800164 0.653079 0.000000
n 215 0 0.517039 0.340508 0.000000
n 216 0 0.560703 0.353263 0.000000
n 217 0 0.556815 0.352168 0.000000
n 218 0 0.508372 0.337760 0.000000
n 219 0 0.723450 0.422929 0.000000
n 220 0 0.705650 0.417330 0.000000
n 221 0 0.329155 0.271096 0.000000
n 222 0 0.366735 0.287174 0.000000
n 223 0 0.543508 0.348507 0.000000
n 224 0 0.689389 0.411710 0.000000
n 225 0 0.450418 0.319041 0.000000
n 226 0 0.446949 0.317861 0.000000
n 227 0 0.862546 0.849680 0.000000
n 228 0 0.683228 0.898137 0.000000
n 229 0 0.665752 0.903200 0.000000
n 230 0 0.884679 0.843757 0.000000
n 231 0 0.546164 0.936210 0.000000
n 232 0 0.726397 0.884359 0.000000
n 233 0 0.832211 0.857364 0.000000
n 234 0 0.493521 0.951956 0.000000
n 235 0 0.712207 0.888824 0.000000
n 236 0 0.630222 0.913260 0.000000
n 237 0 0.873044 0.846888 0.000000
n 238 0 0.878992 0.845289 0.000000
n 239 0 0.525546 0.942019 0.000000
n 240 0 0.659795 0.904867 0.000000
n 241 0 0.847922 0.853452 0.000000
n 242 0 0.881584 0.858753 0.000000
n 243 0 1.150809 0.985182 0.000000
n 244 0 0.841942 0.839564 0.000000
n 245 0 1.014663 0.920959 0.000000
n 246 0 0.869631 0.853075 0.000000
n 247 0 0.893568 0.864441 0.000000
n 248 0 1.068055 0.946258 0.000000
n 249 0 0.820299 0.828781 0.000000
n 250 0 0.924501 0.594600 0.000000
n 251 0 0.972341 0.727780 0.000000
n 252 0 0.880605 0.500030 0.000000
n 253 0 0.921465 0.587095 0.000000
n 254 0 0.909957 0.558711 0.000000
n 255 0 0.845937 0.412742 0.000000
n 256 0 0.845803 0.439222 0.000000
n 257 0 0.897302 0.530572 0.000000
n 258 0 0.909077 0.556614 0.000000
n 259 0 0.932312 0.614062 0.000000
n 260 0 0.959883 0.683841 0.000000
n 261 0 0.910876 0.560915 0.000000
n 262 0 0.966127 0.706450 0.000000
n 263 0 0.205213 0.536753 0.000000
n 264 0 0.394653 0.828205 0.000000
n 265 0 0.281927 0.654744 0.000000
n 266 0 0.223535 0.564526 0.000000
n 267 0 0.361540 0.777633 0.000000
n 268 0 0.327362 0.726608 0.000000
n 269 0 0.249308 0.604416 0.000000
n 270 0 0.252197 0.608898 0.000000
n 271 0 0.286594 0.662004 0.000000
n 272 0 0.384236 0.811668 0.000000
n 273 0 0.200682 0.529897 0.000000
n 274 0 0.353640 0.766982 0.000000
n 275 0 0.202055 0.531982 0.000000
n 276 0 0.188582 0.511107 0.000000
n 277 0 0.338956 0.744635 0.000000
n 278 0 0.208125 0.541139 0.000000
n 279 0 0.065235 0.379799 0.000000
n 280 0 0.031832 0.454928 0.000000
n 281 0 0.112774 0.244312 0.000000
n 282 0 0.130476 0.185874 0.000000
n 283 0 0.132343 0.181774 0.000000
n 284 0 0.023332 0.471888 0.000000
n 285 0 -0.024618 0.571507 0.000000
n 286 0 -0.031068 0.584410 0.000000
n 287 0 0.130793 0.185171 0.000000
n 288 0 0.098634 0.279775 0.000000
n 289 0 0.124258 0.200062 0.000000
n 290 0 0.276528 0.607947 0.000000
n 291 0 0.032740 0.348263 0.000000
n 292 0 0.226332 0.557612 0.000000
n 293 0 0.254086 0.585404 0.000000
n 294 0 0.279964 0.611411 0.000000
n 295 0 0.111436 0.432807 0.000000
n 296 0 0.199385 0.530990 0.000000
n 297 0 0.198905 0.530512 0.000000
n 298 0 0.182538 0.513802 0.000000
n 299 0 0.166428 0.496373 0.000000
n 300 0 0.208993 0.540483 0.000000
n 301 0 0.506674 0.398826 0.000000
n 302 0 0.485734 0.392180 0.000000
n 303 0 0.575711 0.416799 0.000000
n 304 0 0.524417 0.403856 0.000000
n 305 0 0.314529 0.333709 0.000000
n 306 0 0.372937 0.356426 0.000000
n 307 0 0.545812 0.409316 0.000000
n 308 0 0.676962 0.464657 0.000000
n 309 0 0.397460 0.364478 0.000000
n 310 0 0.565926 0.414079 0.000000
n 311 0 0.466577 0.385188 0.000000
n 312 0 0.364682 0.353817 0.000000
n 313 0 0.277408 0.077068 0.000000
n 314 0 0.431089 0.209394 0.000000
n 315 0 0.436577 0.213917 0.000000
n 316 0 0.330621 0.123266 0.000000
n 317 0 0.525822 0.282671 0.000000
n 318 0 0.597456 0.331710 0.000000
n 319 0 0.284434 0.083090 0.000000
n 320 0 0.537166 0.291605 0.000000
n 321 0 0.549878 0.302082 0.000000
n 322 0 0.234765 0.040546 0.000000
n 323 0 0.486905 0.253691 0.000000
n 324 0 0.476971 0.246272 0.000000
n 325 0 0.350989 0.140906 0.000000
n 326 0 0.539508 0.293498 0.000000
n 327 0 0.505745 0.267213 0.000000
n 328 0 0.522895 0.280393 0.000000
n 329 0 0.472331 0.066755 0.000000
n 330 0 0.376949 0.072533 0.000000
n 331 0 0.577622 0.060614 0.000000
n 332 0 0.287598 0.076592 0.000000
n 333 0 0.484833 0.065442 0.000000
n 334 0 0.215681 0.079146 0.000000
n 335 0 0.453670 0.068611 0.000000
n 336 0 0.347241 0.073465 0.000000
n 337 0 0.176011 0.079565 0.000000
n 338 0 0.561848 0.061351 0.000000
n 339 0 0.167877 0.079965 0.000000
n 340 0 0.902031 0.583472 0.000000
n 341 0 0.797284 0.531943 0.000000
n 342 0 0.833262 0.554152 0.000000
n 343 0 0.918146 0.591431 0.000000
n 344 0 0.891410 0.578379 0.000000
n 345 0 0.726223 0.500830 0.000000
n 346 0 0.713035 0.495451 0.000000
n 347 0 0.719690 0.498148 0.000000
n 348 0 0.859132 0.563977 0.000000
n 349 0 1.081233 0.682635 0.000000
n 350 0 0.990727 0.627740 0.000000
n 351 0 1.039998 0.658092 0.000000
n 352 0 0.426974 0.224296 0.000000
n 353 0 0.478972 0.041113 0.000000
n 354 0 0.460809 0.108329 0.000000
n 355 0 0.425619 0.229231 0.000000
n 356 0 0.326649 0.892213 0.000000
n 357 0 0.407124 0.816337 0.000000
n 358 0 0.343331 0.877024 0.000000
n 359 0 0.336762 0.882942 0.000000
n 360 0 0.576207 0.066381 0.000000
n 361 0 0.500282 0.143752 0.000000
n 362 0 0.615000 0.026038 0.000000
n 363 0 0.471589 0.176025 0.000000
n 364 0 0.423177 0.228401 0.000000
n 365 0 0.638516 0.001937 0.000000
n 366 0 0.540306 0.100332 0.000000
n 367 0 0.587555 0.054560 0.000000
n 368 0 0.572048 0.070624 0.000000
n 369 0 0.863163 0.519969 0.000000
n 370 0 0.911132 0.600552 0.000000
n 371 0 0.896426 0.573131 0.000000
n 372 0 0.880346 0.545477 0.000000
n 373 0 0.914498 0.606901 0.000000
n 374 0 0.956648 0.688530 0.000000
n 375 0 0.885670 0.554276 0.000000
n 376 0 1.060871 0.887125 0.000000
n 377 0 0.964106 0.707573 0.000000
n 378 0 0.294859 0.777954 0.000000
n 379 0 0.186905 0.651906 0.000000
n 380 0 0.327063 0.813083 0.000000
n 381 0 0.281654 0.762799 0.000000
n 382 0 0.103566 0.552815 0.000000
n 383 0 0.141468 0.596615 0.000000
n 384 0 0.087415 0.530968 0.000000
n 385 0 0.293819 0.776772 0.000000
n 386 0 0.101144 0.549697 0.000000
n 387 0 0.186647 0.651598 0.000000
n 388 0 0.302811 0.786933 0.000000
n 389 0 0.268201 0.747316 0.000000
n 390 0 0.083840 0.526122 0.000000
n 391 0 0.137960 0.592480 0.000000
n 392 0 0.282510 0.176354 0.000000
n 393 0 0.410667 0.036146 0.000000
n 394 0 0.348706 0.103070 0.000000
n 395 0 0.251659 0.208330 0.000000
n 396 0 0.279014 0.180151 0.000000
n 397 0 0.235930 0.223510 0.000000
n 398 0 0.808687 0.435173 0.000000
n 399 0 0.823289 0.262025 0.000000
n 400 0 0.779157 0.628763 0.000000
n 401 0 0.793050 0.558972 0.000000
n 402 0 0.797900 0.527719 0.000000
n 403 0 0.777478 0.638514 0.000000
n 404 0 0.826241 0.249136 0.000000
n 405 0 0.510298 0.380188 0.000000
n 406 0 0.529560 0.262773 0.000000
n 407 0 0.513891 0.359622 0.000000
n 408 0 0.529706 0.262006 0.000000
n 409 0 0.592365 0.000122 0.000000
n 410 0 0.538316 0.218126 0.000000
n 411 0 0.580219 0.049767 0.000000
n 412 0 0.537032 0.224335 0.000000
n 413 0 0.574592 0.072891 0.000000
n 414 0 0.526552 0.278660 0.000000
n 415 0 0.557674 0.354934 0.000000
n 416 0 0.261751 0.493695 0.000000
n 417 0 0.247901 0.500327 0.000000
n 418 0 0.518009 0.376218 0.000000
n 419 0 0.276868 0.486507 0.000000
n 420 0 0.339377 0.458444 0.000000
n 421 0 0.382471 0.441040 0.000000
n 422 0 0.544274 0.362309 0.000000
n 423 0 0.345245 0.455756 0.000000
n 424 0 0.432307 0.424107 0.000000
n 425 0 0.280843 0.484625 0.000000
n 426 0 0.245817 0.161657 0.000000
n 427 0 0.307403 0.035413 0.000000
n 428 0 0.224069 0.202869 0.000000
n 429 0 0.233165 0.186020 0.000000
n 430 0 0.225685 0.199881 0.000000
n 431 0 0.529321 0.261878 0.000000
n 432 0 0.539834 0.301124 0.000000
n 433 0 0.571940 0.403035 0.000000
n 434 0 0.522070 0.235617 0.000000
n 435 0 0.532971 0.275679 0.000000
n 436 0 0.556246 0.270996 0.000000
n 437 0 0.621188 0.001255 0.000000
n 438 0 0.605317 0.066016 0.000000
n 439 0 0.571562 0.199936 0.000000
n 440 0 0.598818 0.093995 0.000000
n 441 0 0.557570 0.264829 0.000000
n 442 0 0.786996 0.685396 0.000000
n 443 0 0.447003 0.572913 0.000000
n 444 0 0.566500 0.612648 0.000000
n 445 0 0.583171 0.617602 0.000000
n 446 0 0.503891 0.590737 0.000000
n 447 0 0.396789 0.556159 0.000000
n 448 0 0.732931 0.667803 0.000000
n 449 0 0.537796 0.602127 0.000000
n 450 0 0.470045 0.580226 0.000000
n 451 0 0.480915 0.583515 0.000000
n 452 0 0.258966 0.472134 0.000000
n 453 0 0.292150 0.754408 0.000000
n 454 0 0.267060 0.530638 0.000000
n 455 0 0.287762 0.713228 0.000000
n 456 0 0.276882 0.611129 0.000000
n 457 0 0.282605 0.661014 0.000000
n 458 0 0.295010 0.779215 0.000000
n 459 0 0.259648 0.477648 0.000000
n 460 0 0.271860 0.564096 0.000000
n 461 0 0.259515 0.476589 0.000000
n 462 0 0.296833 0.794003 0.000000
n 463 0 0.248525 0.390282 0.000000
n 464 0 0.301091 0.823954 0.000000
n 465 0 0.262430 0.498591 0.000000
n 466 0 0.842155 0.544961 0.000000
n 467 0 1.088606 0.272512 0.000000
n 468 0 0.776491 0.777185 0.000000
n 469 0 0.703104 0.870095 0.000000
n 470 0 0.756227 0.801276 0.000000
n 471 0 0.941295 0.561086 0.000000
n 472 0 0.692407 0.885072 0.000000
n 473 0 0.908161 0.604386 0.000000
n 474 0 0.664561 0.923910 0.000000
n 475 0 0.935717 0.568553 0.000000
n 476 0 0.675341 0.909069 0.000000
n 477 0 0.846154 0.682050 0.000000
n 478 0 0.768656 0.787070 0.000000
n 479 0 0.169009 0.693778 0.000000
n 480 0 0.194843 0.633060 0.000000
n 481 0 0.207126 0.604488 0.000000
n 482 0 0.255350 0.481356 0.000000
n 483 0 0.131772 0.778702 0.000000
n 484 0 0.231221 0.545439 0.000000
n 485 0 0.256708 0.477897 0.000000
n 486 0 0.186995 0.651692 0.000000
n 487 0 0.208866 0.600326 0.000000
n 488 0 0.139923 0.759328 0.000000
n 489 0 0.242986 0.513662 0.000000
n 490 0 0.187039 0.138099 0.000000
n 491 0 0.146420 0.217311 0.000000
n 492 0 0.151371 0.207129 0.000000
n 493 0 0.236937 0.035255 0.000000
n 494 0 0.138564 0.236509 0.000000
n 495 0 0.159997 0.190617 0.000000
n 496 0 0.119879 0.296833 0.000000
n 497 0 0.157493 0.195416 0.000000
n 498 0 0.191817 0.128057 0.000000
n 499 0 0.759518 0.777114 0.000000
n 500 0 0.693190 0.863763 0.000000
n 501 0 0.632869 0.948925 0.000000
n 502 0 0.744658 0.795070 0.000000
n 503 0 0.612157 0.977533 0.000000
n 504 0 0.680131 0.882463 0.000000
n 505 0 0.653615 0.920362 0.000000
n 506 0 0.663806 0.905970 0.000000
n 507 0 0.758383 0.778533 0.000000
n 508 0 0.616208 0.864870 0.000000
n 509 0 0.700522 0.776068 0.000000
n 510 0 0.646209 0.832587 0.000000
n 511 0 0.703875 0.772670 0.000000
n 512 0 0.911635 0.556928 0.000000
n 513 0 0.698903 0.777709 0.000000
n 514 0 0.613718 0.867609 0.000000
n 515 0 0.877643 0.592651 0.000000
n 516 0 0.908510 0.560248 0.000000
n 517 0 0.810956 0.659841 0.000000
n 518 0 0.485727 0.248929 0.000000
n 519 0 0.550646 0.504378 0.000000
n 520 0 0.493515 0.278917 0.000000
n 521 0 0.541398 0.464308 0.000000
n 522 0 0.546594 0.485161 0.000000
n 523 0 0.496992 0.293401 0.000000
n 524 0 0.897085 0.777208 0.000000
n 525 0 0.916251 0.700247 0.000000
n 526 0 0.856763 0.981479 0.000000
n 527 0 0.890035 0.814900 0.000000
n 528 0 0.883228 0.850834 0.000000
n 529 0 0.860225 0.957889 0.000000
n 530 0 0.877326 0.878918 0.000000
n 531 0 0.354667 0.203480 0.000000
n 532 0 0.164901 0.129169 0.000000
n 533 0 0.539063 0.265119 0.000000
n 534 0 0.516246 0.257514 0.000000
n 535 0 0.499585 0.253030 0.000000
n 536 0 0.549059 0.268509 0.000000
n 537 0 0.199138 0.142809 0.000000
n 538 0 0.119463 0.165961 0.000000
n 539 0 0.087416 0.112116 0.000000
n 540 0 0.045676 0.032671 0.000000
n 541 0 0.051788 0.043369 0.000000
n 542 0 0.143462 0.211361 0.000000
n 543 0 0.130030 0.185046 0.000000
n 544 0 0.136915 0.198129 0.000000
n 545 0 0.564557 0.775373 0.000000
n 546 0 0.498386 0.662249 0.000000
n 547 0 0.564339 0.774997 0.000000
n 548 0 0.566312 0.778387 0.000000
n 549 0 0.471995 0.615620 0.000000
n 550 0 0.508057 0.678390 0.000000
n 551 0 0.496050 0.658272 0.000000
n 552 0 0.383495 0.482894 0.000000
n 553 0 0.538887 0.731165 0.000000
n 554 0 0.618483 0.868627 0.000000
n 555 0 0.460461 0.595781 0.000000
n 556 0 0.509695 0.681140 0.000000
n 557 0 0.583851 0.808383 0.000000
n 558 0 0.464409 0.602514 0.000000
n 559 0 0.637338 0.898270 0.000000
n 560 0 0.385471 0.486434 0.000000
n 561 0 0.564294 0.775372 0.000000
n 562 0 0.561833 0.775368 0.000000
n 563 0 0.504002 0.775446 0.000000
n 564 0 0.605140 0.775530 0.000000
n 565 0 0.470291 0.774952 0.000000
n 566 0 0.710282 0.776147 0.000000
n 567 0 0.873179 0.776194 0.000000
n 568 0 0.693079 0.776003 0.000000
n 569 0 0.909747 0.778015 0.000000
n 570 0 0.826181 0.777345 0.000000
n 571 0 0.598278 0.775457 0.000000
n 572 0 0.756648 0.777091 0.000000
n 573 0 0.767515 0.007114 0.000000
n 574 0 0.748859 0.078404 0.000000
n 575 0 0.739777 0.108667 0.000000
n 576 0 0.726824 0.147753 0.000000
n 577 0 0.747906 0.081680 0.000000
n 578 0 0.713738 0.199260 0.000000
n 579 0 0.712651 0.203814 0.000000
n 580 0 0.708261 0.515860 0.000000
n 581 0 0.720497 0.505696 0.000000
n 582 0 0.460981 0.689568 0.000000
n 583 0 0.520290 0.645558 0.000000
n 584 0 0.500494 0.660662 0.000000
n 585 0 0.695392 0.525809 0.000000
n 586 0 0.487657 0.670278 0.000000
n 587 0 0.647431 0.555193 0.000000
n 588 0 0.716370 0.475893 0.000000
n 589 0 0.724857 0.414744 0.000000
n 590 0 0.815689 0.097696 0.000000
n 591 0 0.817369 0.091841 0.000000
n 592 0 0.704563 0.529232 0.000000
n 593 0 0.768498 0.248168 0.000000
n 594 0 0.564113 0.776904 0.000000
n 595 0 0.543164 0.965378 0.000000
n 596 0 0.553470 0.873732 0.000000
n 597 0 0.573302 0.700389 0.000000
n 598 0 0.568608 0.739728 0.000000
n 599 0 0.543525 0.962001 0.000000
n 600 0 0.555540 0.853267 0.000000
n 601 0 0.571809 0.712994 0.000000
n 602 0 0.551876 0.889345 0.000000
n 603 0 0.552790 0.880468 0.000000
n 604 0 0.553183 0.876597 0.000000
n 605 0 1.080457 0.121322 0.000000
n 606 0 1.010965 0.032268 0.000000
n 607 0 0.994296 0.012682 0.000000
n 608 0 1.024242 0.048688 0.000000
n 609 0 1.146252 0.200133 0.000000
n 610 0 1.135619 0.185989 0.000000
n 611 0 1.144049 0.197140 0.000000
n 612 0 0.402596 0.668927 0.000000
n 613 0 0.475443 0.717316 0.000000
n 614 0 0.489401 0.726557 0.000000
n 615 0 0.464215 0.709905 0.000000
n 616 0 0.743271 0.894811 0.000000
n 617 0 0.411339 0.674478 0.000000
n 618 0 0.589882 0.794342 0.000000
n 619 0 0.404713 0.670270 0.000000
n 620 0 1.044541 0.170153 0.000000
n 621 0 1.040981 0.175573 0.000000
n 622 0 1.010417 0.225868 0.000000
n 623 0 1.008499 0.228596 0.000000
n 624 0 -0.019054 0.033091 0.000000
n 625 0 0.344906 0.034808 0.000000
n 626 0 0.105150 0.032433 0.000000
n 627 0 0.143441 0.033113 0.000000
n 628 0 0.942790 0.013997 0.000000
n 629 0 0.797134 0.008275 0.000000
n 630 0 0.849047 0.010315 0.000000
n 631 0 0.292426 0.848244 0.000000
n 632 0 0.317710 0.823140 0.000000
n 633 0 0.284878 0.855308 0.000000
n 634 0 0.306493 0.835042 0.000000
n 635 0 0.701255 0.360979 0.000000
n 636 0 0.722478 0.535278 0.000000
n 637 0 0.690433 0.180067 0.000000
n 638 0 0.720596 0.606992 0.000000
n 639 0 0.693363 0.213070 0.000000
n 640 0 0.245135 0.791334 0.000000
n 641 0 0.399816 0.991921 0.000000
n 642 0 0.391698 0.980895 0.000000
n 643 0 0.385112 0.971923 0.000000
n 644 0 0.307241 0.867298 0.000000
n 645 0 0.915284 0.128505 0.000000
n 646 0 0.884917 0.176669 0.000000
n 647 0 0.960654 0.062701 0.000000
n 648 0 0.899993 0.152589 0.000000
n 649 0 0.807929 0.281429 0.000000
n 650 0 0.834056 0.248678 0.000000
n 651 0 0.438039 0.641441 0.000000
n 652 0 0.559542 0.549001 0.000000
n 653 0 0.449820 0.632497 0.000000
n 654 0 0.314763 0.736530 0.000000
n 655 0 0.379680 0.686326 0.000000
n 656 0 0.548187 0.557520 0.000000
n 657 0 0.285589 0.759656 0.000000
n 658 0 0.425972 0.650688 0.000000
n 659 0 0.435706 0.643219 0.000000
n 660 0 0.412839 0.660953 0.000000
n 661 0 0.599167 0.518643 0.000000
n 662 0 0.276377 0.767004 0.000000
n 663 0 0.902155 0.124988 0.000000
n 664 0 0.804988 0.094688 0.000000
n 665 0 0.776024 0.086547 0.000000
n 666 0 0.751492 0.079211 0.000000
n 667 0 1.080864 0.179157 0.000000
n 668 0 0.386296 0.994384 0.000000
n 669 0 0.800286 0.916655 0.000000
n 670 0 0.551594 0.963795 0.000000
n 671 0 0.815816 0.913780 0.000000
n 672 0 0.394402 0.992907 0.000000
n 673 0 0.704428 0.935798 0.000000
n 674 0 0.513177 0.971067 0.000000
n 675 0 0.746151 0.927360 0.000000
n 676 0 0.233019 0.666379 0.000000
n 677 0 0.248271 0.608535 0.000000
n 678 0 0.237658 0.650032 0.000000
n 679 0 0.236300 0.654794 0.000000
n 680 0 0.283546 0.457241 0.000000
n 681 0 0.260783 0.559122 0.000000
n 682 0 0.281413 0.466534 0.000000
n 683 0 0.233662 0.664086 0.000000
n 684 0 0.335040 0.219575 0.000000
n 685 0 0.292917 0.419772 0.000000
n 686 0 0.233964 0.663010 0.000000
n 687 0 0.276561 0.487864 0.000000
n 688 0 0.485379 0.737089 0.000000
n 689 0 0.427985 0.620347 0.000000
n 690 0 0.472910 0.712355 0.000000
n 691 0 0.541483 0.850069 0.000000
n 692 0 0.435308 0.635767 0.000000
n 693 0 0.439955 0.645419 0.000000
n 694 0 0.563130 0.892434 0.000000
n 695 0 0.554653 0.876048 0.000000
n 696 0 0.435154 0.635444 0.000000
n 697 0 0.555194 0.877102 0.000000
n 698 0 0.646138 0.740816 0.000000
n 699 0 0.627208 0.756820 0.000000
n 700 0 0.840736 0.579418 0.000000
n 701 0 0.638191 0.747394 0.000000
n 702 0 0.873687 0.551404 0.000000
n 703 0 0.594012 0.784909 0.000000
n 704 0 0.771881 0.634926 0.000000
n 705 0 0.923043 0.071569 0.000000
n 706 0 0.893148 0.151769 0.000000
n 707 0 0.858850 0.247080 0.000000
n 708 0 0.512390 0.666967 0.000000
n 709 0 0.492713 0.717885 0.000000
n 710 0 0.546912 0.579533 0.000000
n 711 0 0.450749 0.828751 0.000000
n 712 0 0.390453 0.984007 0.000000
n 713 0 0.507438 0.680013 0.000000
n 714 0 0.443505 0.847845 0.000000
n 715 0 0.440610 0.627409 0.000000
n 716 0 0.620414 0.725968 0.000000
n 717 0 0.441763 0.628048 0.000000
n 718 0 0.156347 0.598356 0.000000
n 719 0 0.086139 0.535465 0.000000
n 720 0 0.247149 0.678749 0.000000
n 721 0 0.352592 0.768634 0.000000
n 722 0 0.100545 0.549929 0.000000
n 723 0 0.229001 0.662845 0.000000
n 724 0 0.332735 0.751874 0.000000
n 725 0 0.236450 0.669390 0.000000
n 726 0 0.085490 0.534813 0.000000
n 727 0 0.144314 0.587827 0.000000
n 728 0 0.210704 0.604863 0.000000
n 729 0 0.099892 0.591349 0.000000
n 730 0 0.133584 0.595674 0.000000
n 731 0 0.376137 0.382741 0.000000
n 732 0 0.381238 0.425247 0.000000
n 733 0 0.355898 0.225599 0.000000
n 734 0 0.383581 0.485054 0.000000
n 735 0 0.372202 0.350329 0.000000
n 736 0 0.803220 0.910759 0.000000
n 737 0 0.780469 0.958034 0.000000
n 738 0 0.855402 0.813658 0.000000
n 739 0 0.789658 0.938519 0.000000
n 740 0 0.838814 0.845353 0.000000
n 741 0 0.400350 0.691672 0.000000
n 742 0 0.609066 0.751306 0.000000
n 743 0 0.388324 0.688557 0.000000
n 744 0 0.771415 0.102183 0.000000
n 745 0 0.684853 0.118184 0.000000
n 746 0 0.694294 0.116414 0.000000
n 747 0 0.149260 0.188571 0.000000
n 748 0 0.131945 0.305244 0.000000
n 749 0 0.126844 0.377619 0.000000
n 750 0 0.085823 0.536575 0.000000
n 751 0 0.147136 0.196732 0.000000
n 752 0 0.173553 0.090890 0.000000
n 753 0 0.548868 0.449504 0.000000
n 754 0 0.538363 0.223354 0.000000
n 755 0 0.550627 0.505853 0.000000
n 756 0 0.550641 0.487482 0.000000
n 757 0 0.539178 0.272870 0.000000
n 758 0 0.751346 0.163804 0.000000
n 759 0 0.784388 0.055824 0.000000
n 760 0 0.736706 0.219935 0.000000
n 761 0 0.745417 0.189903 0.000000
n 762 0 0.519376 0.956740 0.000000
n 763 0 0.832213 0.917892 0.000000
n 764 0 0.563468 0.855101 0.000000
n 765 0 0.688195 0.120474 0.000000
n 766 0 0.348952 0.889736 0.000000
n 767 0 0.241367 0.666146 0.000000
n 768 0 0.300284 0.789920 0.000000
n 769 0 0.199579 0.530827 0.000000
n 770 0 0.262471 0.475216 0.000000
n 771 0 0.312540 0.433687 0.000000
n 772 0 0.184737 0.543109 0.000000
n 773 0 0.456866 0.313180 0.000000
n 774 0 -0.034312 0.675266 0.000000
n 775 0 0.147159 0.786671 0.000000
n 776 0 -0.009960 0.693610 0.000000
n 777 0 0.949837 0.698305 0.000000
n 778 0 0.952277 0.714254 0.000000
n 779 0 0.431855 0.641232 0.000000
n 780 0 0.436388 0.634061 0.000000
n 781 0 0.534156 0.478236 0.000000
n 782 0 0.986364 0.635684 0.000000
n 783 0 1.036082 0.660768 0.000000
n 784 0 0.616096 0.735538 0.000000
n 785 0 0.430576 0.640573 0.000000
n 786 0 0.213304 0.537209 0.000000
n 787 0 0.330227 0.445377 0.000000
n 788 0 0.174376 0.517380 0.000000
n 789 0 0.089157 0.554250 0.000000
n 790 0 0.654668 0.144791 0.000000
n 791 0 0.807535 0.966358 0.000000
n 792 0 0.549327 0.888645 0.000000
n 793 0 0.876032 0.841415 0.000000
n 794 0 0.817562 0.946074 0.000000
n 795 0 0.862372 0.866012 0.000000
n 796 0 0.930232 0.726271 0.000000
n 797 0 1.234468 0.664300 0.000000
n 798 0 1.109304 0.629193 0.000000
n 799 0 1.093384 0.623998 0.000000
n 800 0 0.956152 0.946326 0.000000
n 801 0 0.554303 0.876879 0.000000
n 802 0 0.560850 0.493515 0.000000
n 803 0 0.290761 0.801209 0.000000
n 804 0 0.174284 0.193300 0.000000
n 805 0 0.227290 0.203489 0.000000
n 806 0 0.716822 0.201901 0.000000
n 807 0 0.013080 0.227657 0.000000
n 808 0 0.189947 0.554655 0.000000
n 809 0 0.106114 0.615429 0.000000
n 810 0 0.220155 0.187555 0.000000
