b 898 100 1.000000 1.000000 0.000000 1 0 0
f 0 0.010000 0 209 206 207 211 203 215 201 205 200 210 214 213 212 208 204 202 1 
f 1 0.010000 2 220 223 232 217 227 233 218 225 230 216 222 226 229 221 224 231 228 219 3 
f 2 0.010000 4 240 237 234 245 241 246 244 235 236 248 243 242 238 239 247 5 
f 3 0.010000 6 249 266 258 251 252 259 260 265 267 261 256 254 255 253 234 263 257 262 264 250 7 
f 4 0.010000 8 277 286 274 272 281 278 276 285 216 283 279 284 273 268 270 271 275 269 280 287 282 9 
f 5 0.010000 10 300 292 296 299 298 297 288 289 293 291 295 294 301 290 11 
f 6 0.010000 12 311 312 304 309 310 306 200 308 307 302 305 303 13 
f 7 0.010000 14 235 317 319 318 320 321 314 316 323 313 288 322 217 315 325 324 15 
f 8 0.010000 16 340 337 334 329 336 330 328 302 327 326 332 339 338 335 333 331 17 
f 9 0.010000 18 201 343 346 350 353 344 351 345 342 352 348 349 347 341 19 
f 10 0.010000 20 357 364 356 365 355 366 362 363 359 360 354 361 358 21 
f 11 0.010000 22 368 374 303 370 326 375 373 369 372 371 202 367 23 
f 12 0.010000 24 388 385 380 383 381 390 386 377 376 379 389 378 387 384 382 25 
f 13 0.010000 26 394 393 391 392 27 
f 14 0.010000 28 396 397 395 29 
f 15 0.010000 30 401 402 409 398 407 404 406 408 405 313 289 399 403 400 410 31 
f 16 0.010000 32 411 414 419 376 422 249 427 413 412 426 418 417 421 415 268 416 424 423 425 218 420 33 
f 17 0.010000 34 428 437 430 429 203 433 438 304 435 432 434 436 250 431 236 35 
f 18 0.010000 36 395 451 391 445 439 341 442 447 354 444 443 448 453 452 411 440 449 377 455 450 446 251 441 454 37 
f 19 0.010000 38 459 460 461 463 456 342 428 355 462 457 458 39 
f 20 0.010000 40 470 464 467 468 367 204 472 466 469 473 474 327 305 465 471 41 
f 21 0.010000 42 483 480 475 343 205 306 481 476 478 482 477 464 479 43 
f 22 0.010000 44 290 487 484 485 486 45 
f 23 0.010000 46 490 456 492 489 488 439 491 47 
f 24 0.010000 48 504 494 505 500 493 502 378 508 412 507 499 501 495 269 509 497 496 506 498 503 49 
f 25 0.010000 50 514 516 519 344 429 511 515 356 457 510 517 512 493 379 513 518 413 51 
f 26 0.010000 52 206 458 522 510 526 525 494 524 523 414 440 520 527 521 380 53 
f 27 0.010000 54 540 529 270 528 531 495 536 541 441 252 535 532 538 381 542 520 539 530 533 537 534 55 
f 28 0.010000 56 291 544 543 554 314 549 547 548 545 553 551 546 253 237 550 552 57 
f 29 0.010000 58 345 561 430 511 357 558 207 560 555 557 559 556 562 59 
f 30 0.010000 60 475 346 566 565 563 328 465 368 564 61 
f 31 0.010000 62 568 572 577 219 579 571 573 570 575 415 528 271 580 569 567 496 578 574 292 398 576 63 
f 32 0.010000 64 589 585 592 581 588 591 582 587 590 583 238 586 584 65 
f 33 0.010000 66 595 596 382 594 598 602 597 599 603 555 593 604 601 600 431 67 
f 34 0.010000 68 607 614 608 581 615 605 609 272 612 610 606 616 611 613 315 69 
f 35 0.010000 70 329 618 617 71 
f 36 0.010000 72 543 630 316 626 624 627 629 620 631 621 619 254 622 623 476 208 628 466 625 369 73 
f 37 0.010000 74 642 632 637 641 633 239 643 636 639 634 640 635 638 544 293 399 75 
f 38 0.010000 76 646 644 647 645 632 582 77 
f 39 0.010000 78 556 651 648 583 633 644 649 650 79 
f 40 0.010000 80 459 654 617 653 655 330 563 652 81 
f 41 0.010000 82 661 317 660 663 657 656 658 662 634 659 484 83 
f 42 0.010000 84 670 667 664 656 666 669 668 635 294 400 671 220 665 85 
f 43 0.010000 86 680 221 678 675 679 676 273 416 529 681 674 567 497 677 673 401 672 619 255 240 87 
f 44 0.010000 88 256 672 682 690 620 688 686 687 545 685 318 684 683 691 657 664 584 689 636 89 
f 45 0.010000 90 396 392 694 488 347 442 358 693 695 696 697 692 91 
f 46 0.010000 92 673 402 682 621 546 701 241 257 699 700 432 702 703 705 593 557 698 704 93 
f 47 0.010000 94 708 706 359 443 707 710 692 530 712 521 383 709 467 477 711 622 95 
f 48 0.010000 96 717 594 718 713 715 568 719 720 585 605 714 274 721 716 97 
f 49 0.010000 98 726 724 706 360 444 722 693 725 727 331 723 99 
f 50 0.010000 100 731 460 729 728 694 445 730 101 
f 51 0.010000 102 738 498 739 674 569 741 275 531 736 417 732 734 740 735 595 733 384 737 522 103 
f 52 0.010000 104 743 606 276 749 222 748 675 747 745 744 570 732 418 499 750 258 446 742 532 746 105 
f 53 0.010000 106 348 752 447 361 722 695 751 754 533 756 385 753 468 755 478 623 107 
f 54 0.010000 108 586 242 648 762 759 763 761 757 758 713 760 596 733 109 
f 55 0.010000 110 209 765 597 757 767 769 768 607 587 637 645 766 649 764 111 
f 56 0.010000 112 370 332 776 773 771 775 534 772 751 696 707 448 770 362 774 113 
f 57 0.010000 114 665 223 777 403 295 638 115 
f 58 0.010000 116 780 781 588 608 778 779 117 
f 59 0.010000 118 564 783 782 784 723 333 119 
f 60 0.010000 120 277 790 714 609 589 785 789 788 224 787 571 786 734 121 
f 61 0.010000 122 793 728 489 349 752 708 724 363 770 795 794 523 419 449 386 797 792 742 535 259 796 791 123 
f 62 0.010000 124 804 743 610 278 798 785 802 801 803 572 715 758 800 598 799 125 
f 63 0.010000 126 485 805 639 808 658 666 809 683 806 319 807 127 
f 64 0.010000 128 611 817 420 225 815 813 279 814 676 810 744 573 786 816 735 387 811 512 500 812 524 129 
f 65 0.010000 130 818 659 805 486 646 764 650 819 820 131 
f 66 0.010000 132 280 827 823 677 825 574 296 404 824 624 821 822 547 320 684 806 660 826 667 243 133 
f 67 0.010000 134 260 831 791 536 501 736 421 575 810 745 828 678 829 226 830 798 281 612 832 716 135 
f 68 0.010000 136 833 835 565 652 307 839 837 469 625 836 371 834 388 838 537 137 
f 69 0.010000 138 843 844 613 227 841 297 405 842 626 821 840 548 685 807 139 
f 70 0.010000 140 698 845 599 765 799 717 737 811 502 389 513 422 846 450 792 538 746 141 
f 71 0.010000 142 848 686 847 840 822 549 321 849 668 640 818 487 143 
f 72 0.010000 144 793 729 461 853 490 854 851 852 334 514 833 850 566 308 210 145 
f 73 0.010000 146 856 858 335 771 855 834 753 709 479 470 857 261 282 823 147 
f 74 0.010000 148 471 653 859 336 835 850 149 
f 75 0.010000 150 661 244 862 262 699 860 861 309 864 433 211 558 364 515 863 151 
f 76 0.010000 152 550 865 860 700 434 866 600 559 868 759 867 590 641 647 766 153 
f 77 0.010000 154 397 451 393 730 491 155 
f 78 0.010000 156 310 869 865 263 245 701 551 870 687 847 627 824 406 871 298 738 503 157 
f 79 0.010000 158 654 851 872 337 516 350 480 159 
f 80 0.010000 160 601 873 702 435 861 869 552 481 874 212 628 472 836 372 855 161 
f 81 0.010000 162 517 875 525 504 794 452 876 710 697 754 772 725 163 
f 82 0.010000 164 407 576 629 688 848 870 553 246 862 264 436 866 873 703 877 311 560 165 
f 83 0.010000 166 655 859 618 852 872 878 351 561 437 863 365 462 526 875 505 812 167 
f 84 0.010000 168 602 800 718 760 577 228 881 787 828 747 679 879 283 813 423 880 882 841 322 169 
f 85 0.010000 170 603 845 704 761 767 884 883 614 591 642 819 885 171 
f 86 0.010000 172 886 782 856 887 338 773 373 473 837 213 874 173 
f 87 0.010000 174 888 539 876 453 795 366 774 726 352 492 463 853 731 889 175 
f 88 0.010000 176 247 643 689 808 662 669 849 554 630 323 842 408 871 299 890 177 
f 89 0.010000 178 891 801 788 680 229 829 748 879 814 284 424 540 892 739 506 890 578 825 300 409 690 631 179 
f 90 0.010000 180 394 893 886 783 374 181 
f 91 0.010000 182 762 867 768 883 778 719 894 891 802 789 830 749 285 230 815 425 880 183 
f 92 0.010000 184 809 691 663 826 670 248 562 651 868 763 769 884 779 185 
f 93 0.010000 186 755 482 711 857 895 265 831 796 454 541 750 507 426 740 816 187 
f 94 0.010000 188 727 775 838 756 712 888 527 542 390 797 455 846 266 427 518 508 189 
f 95 0.010000 190 579 881 231 803 894 720 592 615 896 780 820 885 191 
f 96 0.010000 192 301 410 671 777 232 897 324 843 804 832 721 286 790 896 781 193 
f 97 0.010000 194 214 839 474 375 776 339 887 858 784 893 195 
f 98 0.010000 196 895 267 287 827 509 741 580 681 892 882 233 817 616 844 325 897 197 
f 99 0.010000 198 889 854 878 340 519 353 483 215 864 438 312 877 705 604 199 
n 0 1 0.711762 0.536184 0.000000
n 1 1 1.188232 0.694479 0.000000
n 2 2 0.219919 0.000000 0.000000
n 3 1 0.582153 0.351959 0.000000
n 4 1 1.133882 0.540972 0.000000
n 5 1 0.869790 0.113211 0.000000
n 6 1 0.478161 0.548939 0.000000
n 7 1 -0.009155 0.412434 0.000000
n 8 1 0.643989 0.068316 0.000000
n 9 1 0.318412 0.442411 0.000000
n 10 1 0.251871 0.372572 0.000000
n 11 2 0.184815 0.000000 0.000000
n 12 1 0.872029 0.434684 0.000000
n 13 1 1.158659 0.850787 0.000000
n 14 1 1.037587 0.385150 0.000000
n 15 1 0.432155 0.089095 0.000000
n 16 1 -0.170547 0.682243 0.000000
n 17 1 0.309944 0.823188 0.000000
n 18 1 0.980999 0.592453 0.000000
n 19 1 0.548015 0.841124 0.000000
n 20 1 0.795966 0.621963 0.000000
n 21 1 0.350242 0.842319 0.000000
n 22 2 0.019402 1.000000 0.000000
n 23 1 0.184080 0.673846 0.000000
n 24 1 0.222981 0.757322 0.000000
n 25 1 0.620701 0.459166 0.000000
n 26 2 0.373105 1.000000 0.000000
n 27 1 0.655301 0.881141 0.000000
n 28 1 0.735353 0.859609 0.000000
n 29 2 0.463852 1.000000 0.000000
n 30 1 0.225886 0.432616 0.000000
n 31 2 0.219481 0.000000 0.000000
n 32 1 0.475073 0.663037 0.000000
n 33 1 0.424528 0.161783 0.000000
n 34 1 0.718389 0.726928 0.000000
n 35 1 1.044454 0.354149 0.000000
n 36 1 0.639182 0.936581 0.000000
n 37 1 0.396062 0.491746 0.000000
n 38 1 0.833943 0.985733 0.000000
n 39 1 0.677042 0.508814 0.000000
n 40 1 0.271523 0.592664 0.000000
n 41 1 -0.081202 0.940920 0.000000
n 42 1 -0.176963 0.620177 0.000000
n 43 1 0.323269 0.612501 0.000000
n 44 2 0.214447 0.000000 0.000000
n 45 1 -0.090775 0.116837 0.000000
n 46 1 0.794296 0.767710 0.000000
n 47 1 0.335987 0.965943 0.000000
n 48 1 0.622793 0.634897 0.000000
n 49 1 0.269109 0.275030 0.000000
n 50 1 0.928918 0.698672 0.000000
n 51 1 0.456310 0.519465 0.000000
n 52 1 0.811359 0.537418 0.000000
n 53 1 0.332073 0.677350 0.000000
n 54 1 0.407875 0.247291 0.000000
n 55 1 0.419664 0.749820 0.000000
n 56 1 0.217428 0.146792 0.000000
n 57 1 0.036455 0.608571 0.000000
n 58 1 0.753950 0.724283 0.000000
n 59 1 0.929447 0.257647 0.000000
n 60 1 -0.083148 0.605237 0.000000
n 61 2 0.199824 1.000000 0.000000
n 62 1 0.715771 0.327762 0.000000
n 63 1 0.217788 0.359120 0.000000
n 64 1 0.556792 0.197182 0.000000
n 65 1 1.056768 0.233290 0.000000
n 66 1 0.542372 0.477704 0.000000
n 67 1 1.034670 0.400309 0.000000
n 68 1 0.853389 0.266534 0.000000
n 69 1 0.369287 0.134116 0.000000
n 70 1 -0.084609 0.697439 0.000000
n 71 2 0.852951 1.000000 0.000000
n 72 1 0.168217 0.239110 0.000000
n 73 1 0.152662 0.738664 0.000000
n 74 1 0.726051 0.184212 0.000000
n 75 1 0.225154 0.182363 0.000000
n 76 2 0.952485 0.000000 0.000000
n 77 1 0.754595 0.218349 0.000000
n 78 1 0.950201 0.321246 0.000000
n 79 2 0.744127 0.000000 0.000000
n 80 2 0.765782 1.000000 0.000000
n 81 1 1.004151 0.679654 0.000000
n 82 1 0.088701 0.379075 0.000000
n 83 2 0.070510 0.000000 0.000000
n 84 1 0.025407 0.321534 0.000000
n 85 2 0.307234 0.000000 0.000000
n 86 1 0.534932 0.253677 0.000000
n 87 1 1.097781 0.486689 0.000000
n 88 1 0.267380 0.513470 0.000000
n 89 1 0.957182 0.118552 0.000000
n 90 2 0.750793 1.000000 0.000000
n 91 1 0.460818 0.720937 0.000000
n 92 1 0.268605 0.416264 0.000000
n 93 1 -0.229774 0.428463 0.000000
n 94 1 0.586484 0.773237 0.000000
n 95 1 0.127361 0.570998 0.000000
n 96 1 0.699965 0.467008 0.000000
n 97 2 0.531704 0.000000 0.000000
n 98 1 0.682071 0.707526 0.000000
n 99 1 0.199897 0.816726 0.000000
n 100 1 0.782021 0.789477 0.000000
n 101 1 0.328497 0.993987 0.000000
n 102 1 0.268753 0.289094 0.000000
n 103 1 0.688041 0.571251 0.000000
n 104 1 0.536436 0.116119 0.000000
n 105 1 0.402035 0.598125 0.000000
n 106 1 0.616319 0.801408 0.000000
n 107 1 0.159168 0.593781 0.000000
n 108 1 0.958695 0.212069 0.000000
n 109 1 0.558523 0.501816 0.000000
n 110 1 0.735749 0.548043 0.000000
n 111 1 0.808474 0.055890 0.000000
n 112 1 0.115195 0.771974 0.000000
n 113 1 0.611691 0.723830 0.000000
n 114 2 0.290731 0.000000 0.000000
n 115 1 1.173541 0.233150 0.000000
n 116 2 0.663619 0.000000 0.000000
n 117 1 0.663856 0.272509 0.000000
n 118 2 0.044400 1.000000 0.000000
n 119 1 0.278273 0.785389 0.000000
n 120 2 0.650194 0.000000 0.000000
n 121 1 0.466395 0.433821 0.000000
n 122 1 0.659120 0.894073 0.000000
n 123 1 0.366992 0.482725 0.000000
n 124 1 0.448134 0.062459 0.000000
n 125 1 0.731816 0.477400 0.000000
n 126 2 0.008675 0.000000 0.000000
n 127 1 0.115242 0.364594 0.000000
n 128 1 0.408007 0.135628 0.000000
n 129 1 0.569037 0.614118 0.000000
n 130 1 1.168518 0.144459 0.000000
n 131 1 0.678490 0.040736 0.000000
n 132 1 0.402838 0.420302 0.000000
n 133 1 0.934761 0.234289 0.000000
n 134 1 0.363540 0.549371 0.000000
n 135 1 0.582264 0.101804 0.000000
n 136 1 -0.071794 0.686689 0.000000
n 137 1 0.425567 0.743230 0.000000
n 138 1 0.456398 0.069417 0.000000
n 139 1 0.076633 0.387273 0.000000
n 140 1 -0.188125 0.423789 0.000000
n 141 1 0.349160 0.603698 0.000000
n 142 1 0.160661 0.399348 0.000000
n 143 2 0.107527 0.000000 0.000000
n 144 1 0.632095 0.859352 0.000000
n 145 1 1.064348 0.612748 0.000000
n 146 1 0.146863 0.829830 0.000000
n 147 1 0.357165 0.383940 0.000000
n 148 2 0.957477 1.000000 0.000000
n 149 1 0.934342 0.656905 0.000000
n 150 1 0.111693 0.346247 0.000000
n 151 1 0.737505 0.669177 0.000000
n 152 1 0.073658 0.532544 0.000000
n 153 1 0.765965 0.132008 0.000000
n 154 2 0.702960 1.000000 0.000000
n 155 1 0.481628 0.790561 0.000000
n 156 1 0.889798 0.540259 0.000000
n 157 1 0.312024 0.279746 0.000000
n 158 2 0.847868 1.000000 0.000000
n 159 1 -0.098133 0.600379 0.000000
n 160 1 0.906564 0.343140 0.000000
n 161 1 0.190602 0.762898 0.000000
n 162 1 0.643225 0.546343 0.000000
n 163 1 0.296948 0.907889 0.000000
n 164 1 0.227096 0.357502 0.000000
n 165 1 0.743287 0.471298 0.000000
n 166 1 1.006759 0.756314 0.000000
n 167 1 0.536920 0.572205 0.000000
n 168 1 0.722811 0.447186 0.000000
n 169 1 0.314096 0.154007 0.000000
n 170 1 0.790568 0.445969 0.000000
n 171 2 0.696674 0.000000 0.000000
n 172 2 0.212762 1.000000 0.000000
n 173 1 0.133781 0.672901 0.000000
n 174 1 0.382304 0.664811 0.000000
n 175 1 0.860260 0.818504 0.000000
n 176 1 0.854888 0.125669 0.000000
n 177 1 0.305094 0.351887 0.000000
n 178 1 0.577447 0.242103 0.000000
n 179 1 0.114282 0.418651 0.000000
n 180 2 0.394482 1.000000 0.000000
n 181 1 0.066720 0.815130 0.000000
n 182 1 0.910269 0.271055 0.000000
n 183 1 0.411403 0.228659 0.000000
n 184 1 0.135281 0.295512 0.000000
n 185 1 0.636009 0.251130 0.000000
n 186 1 0.159784 0.652303 0.000000
n 187 1 0.577837 0.389232 0.000000
n 188 1 0.286143 0.919529 0.000000
n 189 1 0.487125 0.462720 0.000000
n 190 1 0.508689 0.388646 0.000000
n 191 2 0.714532 0.000000 0.000000
n 192 1 0.180464 0.035163 0.000000
n 193 1 0.672791 0.146342 0.000000
n 194 1 1.113762 0.670166 0.000000
n 195 2 0.249093 1.000000 0.000000
n 196 1 0.319794 0.552006 0.000000
n 197 1 0.435648 0.064439 0.000000
n 198 1 0.802530 0.897355 0.000000
n 199 1 0.910926 0.412098 0.000000
n 200 0 1.013360 0.634016 0.000000
n 201 0 0.943831 0.613162 0.000000
n 202 0 1.175361 0.690415 0.000000
n 203 0 0.848155 0.585276 0.000000
n 204 0 1.173066 0.689690 0.000000
n 205 0 0.948676 0.614660 0.000000
n 206 0 0.751016 0.552323 0.000000
n 207 0 0.814028 0.573787 0.000000
n 208 0 1.154560 0.683892 0.000000
n 209 0 0.735970 0.546137 0.000000
n 210 0 1.023577 0.637108 0.000000
n 211 0 0.840186 0.582857 0.000000
n 212 0 1.135498 0.677683 0.000000
n 213 0 1.134747 0.677442 0.000000
n 214 0 1.114030 0.670864 0.000000
n 215 0 0.874848 0.592268 0.000000
n 216 0 0.482090 0.254975 0.000000
n 217 0 0.367114 0.139284 0.000000
n 218 0 0.428805 0.202968 0.000000
n 219 0 0.567257 0.338101 0.000000
n 220 0 0.268093 0.046272 0.000000
n 221 0 0.500298 0.272833 0.000000
n 222 0 0.493338 0.266012 0.000000
n 223 0 0.268595 0.046738 0.000000
n 224 0 0.524656 0.297283 0.000000
n 225 0 0.429320 0.203485 0.000000
n 226 0 0.499022 0.271578 0.000000
n 227 0 0.370644 0.142870 0.000000
n 228 0 0.560836 0.332128 0.000000
n 229 0 0.499811 0.272353 0.000000
n 230 0 0.459097 0.232289 0.000000
n 231 0 0.545174 0.317457 0.000000
n 232 0 0.281593 0.058724 0.000000
n 233 0 0.407887 0.181354 0.000000
n 234 0 1.068177 0.433791 0.000000
n 235 0 1.037716 0.385060 0.000000
n 236 0 1.029657 0.370948 0.000000
n 237 0 1.087433 0.467101 0.000000
n 238 0 0.935442 0.222674 0.000000
n 239 0 0.909156 0.185191 0.000000
n 240 0 1.099277 0.485938 0.000000
n 241 0 1.060710 0.421429 0.000000
n 242 0 0.938136 0.226661 0.000000
n 243 0 0.946582 0.239145 0.000000
n 244 0 1.045911 0.397569 0.000000
n 245 0 1.064569 0.427799 0.000000
n 246 0 1.048332 0.401377 0.000000
n 247 0 0.886411 0.143601 0.000000
n 248 0 0.971519 0.280862 0.000000
n 249 0 0.462276 0.544921 0.000000
n 250 0 -0.007168 0.412961 0.000000
n 251 0 0.416660 0.533479 0.000000
n 252 0 0.414119 0.532835 0.000000
n 253 0 0.098702 0.443055 0.000000
n 254 0 0.159876 0.460063 0.000000
n 255 0 0.153844 0.458533 0.000000
n 256 0 0.237485 0.477595 0.000000
n 257 0 0.026647 0.422076 0.000000
n 258 0 0.419874 0.534292 0.000000
n 259 0 0.398112 0.528710 0.000000
n 260 0 0.377724 0.522884 0.000000
n 261 0 0.303071 0.500551 0.000000
n 262 0 0.019735 0.420192 0.000000
n 263 0 0.059069 0.431162 0.000000
n 264 0 -0.002944 0.414081 0.000000
n 265 0 0.370199 0.520544 0.000000
n 266 0 0.450786 0.542015 0.000000
n 267 0 0.329007 0.508560 0.000000
n 268 0 0.439297 0.307172 0.000000
n 269 0 0.372883 0.385958 0.000000
n 270 0 0.409485 0.343497 0.000000
n 271 0 0.402658 0.351584 0.000000
n 272 0 0.543386 0.181966 0.000000
n 273 0 0.439306 0.307160 0.000000
n 274 0 0.583079 0.133888 0.000000
n 275 0 0.385479 0.371709 0.000000
n 276 0 0.503630 0.229275 0.000000
n 277 0 0.610650 0.103992 0.000000
n 278 0 0.536823 0.189858 0.000000
n 279 0 0.457101 0.285353 0.000000
n 280 0 0.358383 0.400741 0.000000
n 281 0 0.542635 0.182870 0.000000
n 282 0 0.333662 0.426567 0.000000
n 283 0 0.471130 0.268245 0.000000
n 284 0 0.452069 0.291519 0.000000
n 285 0 0.498332 0.235586 0.000000
n 286 0 0.589259 0.126881 0.000000
n 287 0 0.350311 0.409270 0.000000
n 288 0 0.229921 0.240981 0.000000
n 289 0 0.224758 0.214577 0.000000
n 290 0 0.186699 0.010247 0.000000
n 291 0 0.213507 0.157101 0.000000
n 292 0 0.249654 0.357119 0.000000
n 293 0 0.218362 0.182532 0.000000
n 294 0 0.206088 0.114633 0.000000
n 295 0 0.212811 0.153444 0.000000
n 296 0 0.249407 0.355421 0.000000
n 297 0 0.232789 0.256600 0.000000
n 298 0 0.243451 0.316075 0.000000
n 299 0 0.244125 0.320534 0.000000
n 300 0 0.250853 0.365476 0.000000
n 301 0 0.193877 0.038336 0.000000
n 302 0 1.093659 0.759559 0.000000
n 303 0 1.118710 0.794994 0.000000
n 304 0 0.918086 0.501062 0.000000
n 305 0 1.097694 0.765643 0.000000
n 306 0 0.998342 0.613019 0.000000
n 307 0 1.056656 0.700306 0.000000
n 308 0 1.017882 0.640511 0.000000
n 309 0 0.922090 0.507648 0.000000
n 310 0 0.927197 0.516425 0.000000
n 311 0 0.879648 0.445386 0.000000
n 312 0 0.898913 0.472448 0.000000
n 313 0 0.225651 0.244191 0.000000
n 314 0 0.160304 0.294122 0.000000
n 315 0 0.372592 0.135074 0.000000
n 316 0 0.166775 0.289227 0.000000
n 317 0 0.085395 0.351768 0.000000
n 318 0 0.119694 0.324859 0.000000
n 319 0 0.107649 0.334159 0.000000
n 320 0 0.135511 0.312810 0.000000
n 321 0 0.148900 0.302706 0.000000
n 322 0 0.333015 0.167449 0.000000
n 323 0 0.171448 0.285687 0.000000
n 324 0 0.430871 0.090075 0.000000
n 325 0 0.429623 0.091028 0.000000
n 326 0 0.131257 0.770558 0.000000
n 327 0 0.101385 0.761846 0.000000
n 328 0 0.003407 0.732495 0.000000
n 329 0 -0.085862 0.702851 0.000000
n 330 0 -0.028519 0.720392 0.000000
n 331 0 0.273706 0.806310 0.000000
n 332 0 0.132473 0.770971 0.000000
n 333 0 0.258387 0.799175 0.000000
n 334 0 -0.091948 0.701191 0.000000
n 335 0 0.168916 0.783354 0.000000
n 336 0 -0.064514 0.709436 0.000000
n 337 0 -0.114495 0.695608 0.000000
n 338 0 0.154509 0.778880 0.000000
n 339 0 0.153168 0.778435 0.000000
n 340 0 -0.147332 0.687778 0.000000
n 341 0 0.565853 0.829723 0.000000
n 342 0 0.741805 0.725991 0.000000
n 343 0 0.940854 0.614820 0.000000
n 344 0 0.843898 0.669512 0.000000
n 345 0 0.755833 0.719427 0.000000
n 346 0 0.928114 0.621882 0.000000
n 347 0 0.566008 0.829624 0.000000
n 348 0 0.613674 0.800243 0.000000
n 349 0 0.597003 0.809806 0.000000
n 350 0 0.893859 0.639816 0.000000
n 351 0 0.816789 0.684979 0.000000
n 352 0 0.683424 0.761763 0.000000
n 353 0 0.858568 0.661066 0.000000
n 354 0 0.527388 0.750871 0.000000
n 355 0 0.720636 0.655501 0.000000
n 356 0 0.760425 0.637860 0.000000
n 357 0 0.794382 0.622676 0.000000
n 358 0 0.502508 0.763626 0.000000
n 359 0 0.529580 0.749755 0.000000
n 360 0 0.529422 0.749835 0.000000
n 361 0 0.515023 0.757158 0.000000
n 362 0 0.573239 0.728214 0.000000
n 363 0 0.548892 0.739951 0.000000
n 364 0 0.791788 0.623844 0.000000
n 365 0 0.731295 0.650872 0.000000
n 366 0 0.577151 0.726332 0.000000
n 367 0 0.179010 0.683481 0.000000
n 368 0 0.092961 0.854456 0.000000
n 369 0 0.152875 0.733205 0.000000
n 370 0 0.130977 0.771058 0.000000
n 371 0 0.163678 0.712927 0.000000
n 372 0 0.161745 0.716550 0.000000
n 373 0 0.148181 0.741741 0.000000
n 374 0 0.105213 0.835947 0.000000
n 375 0 0.143664 0.749715 0.000000
n 376 0 0.465441 0.576986 0.000000
n 377 0 0.446418 0.591468 0.000000
n 378 0 0.521421 0.534926 0.000000
n 379 0 0.513389 0.541187 0.000000
n 380 0 0.332995 0.677070 0.000000
n 381 0 0.416334 0.614056 0.000000
n 382 0 0.614914 0.463738 0.000000
n 383 0 0.340068 0.671856 0.000000
n 384 0 0.573021 0.496836 0.000000
n 385 0 0.331453 0.678205 0.000000
n 386 0 0.444302 0.593070 0.000000
n 387 0 0.536751 0.522996 0.000000
n 388 0 0.260108 0.730242 0.000000
n 389 0 0.520486 0.535656 0.000000
n 390 0 0.418511 0.612418 0.000000
n 391 0 0.616529 0.901535 0.000000
n 392 0 0.642374 0.887941 0.000000
n 393 0 0.614866 0.902390 0.000000
n 394 0 0.385677 0.994812 0.000000
n 395 0 0.629436 0.921371 0.000000
n 396 0 0.660915 0.903060 0.000000
n 397 0 0.633567 0.919024 0.000000
n 398 0 0.226626 0.358543 0.000000
n 399 0 0.223558 0.182402 0.000000
n 400 0 0.222088 0.096882 0.000000
n 401 0 0.225998 0.418363 0.000000
n 402 0 0.226003 0.417688 0.000000
n 403 0 0.222318 0.134687 0.000000
n 404 0 0.226712 0.346675 0.000000
n 405 0 0.226001 0.262266 0.000000
n 406 0 0.226828 0.326354 0.000000
n 407 0 0.226636 0.357617 0.000000
n 408 0 0.226834 0.312065 0.000000
n 409 0 0.226375 0.374779 0.000000
n 410 0 0.222249 0.045049 0.000000
n 411 0 0.472642 0.640968 0.000000
n 412 0 0.454840 0.467955 0.000000
n 413 0 0.460105 0.520915 0.000000
n 414 0 0.471810 0.633420 0.000000
n 415 0 0.443064 0.348328 0.000000
n 416 0 0.439295 0.307166 0.000000
n 417 0 0.449266 0.414304 0.000000
n 418 0 0.450099 0.422702 0.000000
n 419 0 0.471410 0.629789 0.000000
n 420 0 0.428654 0.201508 0.000000
n 421 0 0.446066 0.380942 0.000000
n 422 0 0.463541 0.558365 0.000000
n 423 0 0.432796 0.240895 0.000000
n 424 0 0.438367 0.297125 0.000000
n 425 0 0.431750 0.230259 0.000000
n 426 0 0.454731 0.466897 0.000000
n 427 0 0.460194 0.521882 0.000000
n 428 0 0.735389 0.708751 0.000000
n 429 0 0.789804 0.649949 0.000000
n 430 0 0.777650 0.663391 0.000000
n 431 0 0.998352 0.406488 0.000000
n 432 0 0.983966 0.423612 0.000000
n 433 0 0.881005 0.543744 0.000000
n 434 0 0.989070 0.417436 0.000000
n 435 0 0.972646 0.437666 0.000000
n 436 0 0.990393 0.415856 0.000000
n 437 0 0.772950 0.668589 0.000000
n 438 0 0.883754 0.540424 0.000000
n 439 0 0.574534 0.844672 0.000000
n 440 0 0.469109 0.634270 0.000000
n 441 0 0.414051 0.528283 0.000000
n 442 0 0.565571 0.829221 0.000000
n 443 0 0.526142 0.748323 0.000000
n 444 0 0.527201 0.750488 0.000000
n 445 0 0.585021 0.861233 0.000000
n 446 0 0.418874 0.537864 0.000000
n 447 0 0.534576 0.765869 0.000000
n 448 0 0.519399 0.734661 0.000000
n 449 0 0.454802 0.607345 0.000000
n 450 0 0.435185 0.569840 0.000000
n 451 0 0.620247 0.907029 0.000000
n 452 0 0.497754 0.691028 0.000000
n 453 0 0.503520 0.702551 0.000000
n 454 0 0.401152 0.502084 0.000000
n 455 0 0.436666 0.572707 0.000000
n 456 0 0.760719 0.778649 0.000000
n 457 0 0.709356 0.616244 0.000000
n 458 0 0.694340 0.566323 0.000000
n 459 0 0.813877 0.929341 0.000000
n 460 0 0.766132 0.795161 0.000000
n 461 0 0.762673 0.784573 0.000000
n 462 0 0.717691 0.644888 0.000000
n 463 0 0.762357 0.783612 0.000000
n 464 0 0.250028 0.615972 0.000000
n 465 0 0.056731 0.811225 0.000000
n 466 0 0.153776 0.709981 0.000000
n 467 0 0.241353 0.625221 0.000000
n 468 0 0.235845 0.630924 0.000000
n 469 0 0.152007 0.711814 0.000000
n 470 0 0.254883 0.610707 0.000000
n 471 0 -0.062283 0.923130 0.000000
n 472 0 0.155885 0.707791 0.000000
n 473 0 0.143826 0.720220 0.000000
n 474 0 0.135784 0.728317 0.000000
n 475 0 -0.076541 0.615002 0.000000
n 476 0 0.159097 0.614520 0.000000
n 477 0 0.220315 0.617483 0.000000
n 478 0 0.203125 0.617621 0.000000
n 479 0 0.252618 0.615849 0.000000
n 480 0 -0.101050 0.614745 0.000000
n 481 0 0.094756 0.613164 0.000000
n 482 0 0.216221 0.617578 0.000000
n 483 0 -0.130300 0.616838 0.000000
n 484 0 0.071008 0.052430 0.000000
n 485 0 0.026847 0.069243 0.000000
n 486 0 -0.052696 0.101429 0.000000
n 487 0 0.111538 0.037627 0.000000
n 488 0 0.580090 0.842198 0.000000
n 489 0 0.612609 0.829103 0.000000
n 490 0 0.791146 0.768736 0.000000
n 491 0 0.554452 0.854881 0.000000
n 492 0 0.753767 0.781027 0.000000
n 493 0 0.536698 0.549212 0.000000
n 494 0 0.585741 0.596995 0.000000
n 495 0 0.410728 0.424502 0.000000
n 496 0 0.343370 0.354783 0.000000
n 497 0 0.346308 0.357823 0.000000
n 498 0 0.308154 0.317661 0.000000
n 499 0 0.441407 0.454791 0.000000
n 500 0 0.551887 0.563520 0.000000
n 501 0 0.420323 0.433882 0.000000
n 502 0 0.521667 0.535160 0.000000
n 503 0 0.286206 0.293698 0.000000
n 504 0 0.588329 0.599643 0.000000
n 505 0 0.575938 0.587052 0.000000
n 506 0 0.328813 0.339635 0.000000
n 507 0 0.454153 0.467275 0.000000
n 508 0 0.475370 0.488550 0.000000
n 509 0 0.361451 0.373610 0.000000
n 510 0 0.630089 0.583965 0.000000
n 511 0 0.784014 0.647650 0.000000
n 512 0 0.548091 0.553156 0.000000
n 513 0 0.510092 0.540012 0.000000
n 514 0 0.918683 0.695120 0.000000
n 515 0 0.769954 0.641909 0.000000
n 516 0 0.887221 0.684200 0.000000
n 517 0 0.612011 0.576702 0.000000
n 518 0 0.460562 0.521089 0.000000
n 519 0 0.855693 0.673710 0.000000
n 520 0 0.417811 0.650375 0.000000
n 521 0 0.344352 0.673621 0.000000
n 522 0 0.683438 0.568281 0.000000
n 523 0 0.473648 0.632840 0.000000
n 524 0 0.565414 0.603141 0.000000
n 525 0 0.593509 0.594689 0.000000
n 526 0 0.594646 0.594353 0.000000
n 527 0 0.398779 0.656467 0.000000
n 528 0 0.409564 0.351102 0.000000
n 529 0 0.409248 0.324377 0.000000
n 530 0 0.419342 0.703418 0.000000
n 531 0 0.410015 0.388421 0.000000
n 532 0 0.414529 0.553354 0.000000
n 533 0 0.419490 0.714973 0.000000
n 534 0 0.419625 0.746207 0.000000
n 535 0 0.414495 0.551768 0.000000
n 536 0 0.411923 0.452043 0.000000
n 537 0 0.419587 0.742733 0.000000
n 538 0 0.415104 0.577809 0.000000
n 539 0 0.418663 0.675706 0.000000
n 540 0 0.408981 0.309365 0.000000
n 541 0 0.413537 0.493951 0.000000
n 542 0 0.416444 0.616983 0.000000
n 543 0 0.167130 0.277146 0.000000
n 544 0 0.203670 0.182962 0.000000
n 545 0 0.137830 0.349186 0.000000
n 546 0 0.107991 0.421355 0.000000
n 547 0 0.150380 0.318467 0.000000
n 548 0 0.145623 0.330087 0.000000
n 549 0 0.150704 0.317675 0.000000
n 550 0 0.064708 0.520181 0.000000
n 551 0 0.119435 0.394760 0.000000
n 552 0 0.052260 0.559125 0.000000
n 553 0 0.123840 0.384062 0.000000
n 554 0 0.164970 0.282545 0.000000
n 555 0 0.866050 0.427229 0.000000
n 556 0 0.922251 0.277100 0.000000
n 557 0 0.866235 0.426731 0.000000
n 558 0 0.794993 0.621184 0.000000
n 559 0 0.909686 0.313013 0.000000
n 560 0 0.857755 0.449546 0.000000
n 561 0 0.775205 0.669476 0.000000
n 562 0 0.923266 0.274357 0.000000
n 563 0 -0.014070 0.703399 0.000000
n 564 0 0.140219 0.916207 0.000000
n 565 0 -0.021573 0.692485 0.000000
n 566 0 -0.035915 0.671385 0.000000
n 567 0 0.353154 0.354340 0.000000
n 568 0 0.653006 0.331992 0.000000
n 569 0 0.360162 0.353976 0.000000
n 570 0 0.471236 0.346073 0.000000
n 571 0 0.505063 0.343641 0.000000
n 572 0 0.634350 0.333250 0.000000
n 573 0 0.477094 0.345621 0.000000
n 574 0 0.253227 0.356926 0.000000
n 575 0 0.462654 0.346754 0.000000
n 576 0 0.221623 0.358869 0.000000
n 577 0 0.569396 0.337906 0.000000
n 578 0 0.277513 0.355750 0.000000
n 579 0 0.532746 0.341672 0.000000
n 580 0 0.366804 0.353608 0.000000
n 581 0 0.613686 0.200754 0.000000
n 582 0 0.760189 0.212268 0.000000
n 583 0 0.885186 0.217475 0.000000
n 584 0 1.049011 0.232596 0.000000
n 585 0 0.606230 0.200226 0.000000
n 586 0 0.943118 0.223125 0.000000
n 587 0 0.785838 0.213529 0.000000
n 588 0 0.664233 0.204540 0.000000
n 589 0 0.568152 0.197881 0.000000
n 590 0 0.832366 0.215751 0.000000
n 591 0 0.742526 0.210168 0.000000
n 592 0 0.609134 0.200430 0.000000
n 593 0 0.869894 0.426689 0.000000
n 594 0 0.694135 0.450283 0.000000
n 595 0 0.542878 0.477607 0.000000
n 596 0 0.604289 0.465868 0.000000
n 597 0 0.747875 0.444053 0.000000
n 598 0 0.711775 0.447559 0.000000
n 599 0 0.762677 0.442172 0.000000
n 600 0 0.982633 0.409162 0.000000
n 601 0 0.956286 0.414384 0.000000
n 602 0 0.721481 0.446235 0.000000
n 603 0 0.789189 0.438161 0.000000
n 604 0 0.909073 0.421232 0.000000
n 605 0 0.605645 0.198565 0.000000
n 606 0 0.518913 0.175482 0.000000
n 607 0 0.780231 0.246424 0.000000
n 608 0 0.664121 0.214711 0.000000
n 609 0 0.571772 0.189621 0.000000
n 610 0 0.529020 0.178175 0.000000
n 611 0 0.411518 0.146525 0.000000
n 612 0 0.543111 0.181893 0.000000
n 613 0 0.378000 0.136641 0.000000
n 614 0 0.748181 0.237614 0.000000
n 615 0 0.609569 0.199633 0.000000
n 616 0 0.416523 0.147816 0.000000
n 617 0 0.885865 0.835729 0.000000
n 618 0 0.910602 0.718130 0.000000
n 619 0 0.159982 0.455132 0.000000
n 620 0 0.163217 0.382905 0.000000
n 621 0 0.161293 0.420126 0.000000
n 622 0 0.162214 0.588519 0.000000
n 623 0 0.161559 0.595078 0.000000
n 624 0 0.165538 0.324127 0.000000
n 625 0 0.153706 0.711974 0.000000
n 626 0 0.165948 0.313049 0.000000
n 627 0 0.164092 0.366366 0.000000
n 628 0 0.153948 0.704924 0.000000
n 629 0 0.163718 0.373872 0.000000
n 630 0 0.166948 0.283507 0.000000
n 631 0 0.162203 0.399998 0.000000
n 632 0 0.785305 0.184967 0.000000
n 633 0 0.861938 0.182426 0.000000
n 634 0 1.078467 0.183989 0.000000
n 635 0 1.145675 0.183155 0.000000
n 636 0 1.012455 0.187185 0.000000
n 637 0 0.790391 0.184894 0.000000
n 638 0 1.198174 0.183153 0.000000
n 639 0 1.063431 0.184248 0.000000
n 640 0 1.132571 0.183305 0.000000
n 641 0 0.807042 0.184573 0.000000
n 642 0 0.737244 0.184355 0.000000
n 643 0 0.964987 0.188302 0.000000
n 644 0 0.829345 0.134165 0.000000
n 645 0 0.791450 0.178283 0.000000
n 646 0 0.876523 0.081769 0.000000
n 647 0 0.797086 0.172088 0.000000
n 648 0 0.903965 0.248897 0.000000
n 649 0 0.802790 0.092749 0.000000
n 650 0 0.784053 0.062679 0.000000
n 651 0 0.920370 0.274129 0.000000
n 652 0 0.993246 0.693865 0.000000
n 653 0 0.938530 0.763778 0.000000
n 654 0 0.863962 0.866455 0.000000
n 655 0 0.957931 0.737151 0.000000
n 656 0 0.081591 0.257128 0.000000
n 657 0 0.082195 0.276360 0.000000
n 658 0 0.081254 0.243603 0.000000
n 659 0 0.073250 0.124560 0.000000
n 660 0 0.082767 0.293630 0.000000
n 661 0 0.087054 0.365470 0.000000
n 662 0 0.081211 0.242101 0.000000
n 663 0 0.082716 0.292187 0.000000
n 664 0 0.074057 0.265797 0.000000
n 665 0 0.269722 0.044319 0.000000
n 666 0 0.084194 0.254167 0.000000
n 667 0 0.057497 0.284708 0.000000
n 668 0 0.134431 0.196144 0.000000
n 669 0 0.090728 0.246822 0.000000
n 670 0 0.052564 0.290368 0.000000
n 671 0 0.261199 0.054567 0.000000
n 672 0 0.200045 0.432664 0.000000
n 673 0 0.227316 0.417644 0.000000
n 674 0 0.357455 0.352115 0.000000
n 675 0 0.489831 0.278646 0.000000
n 676 0 0.460381 0.295186 0.000000
n 677 0 0.304019 0.377691 0.000000
n 678 0 0.497703 0.274271 0.000000
n 679 0 0.487502 0.279944 0.000000
n 680 0 0.504572 0.270469 0.000000
n 681 0 0.368724 0.346117 0.000000
n 682 0 0.189764 0.419068 0.000000
n 683 0 0.095689 0.293804 0.000000
n 684 0 0.100458 0.299933 0.000000
n 685 0 0.131979 0.341546 0.000000
n 686 0 0.157723 0.375340 0.000000
n 687 0 0.155216 0.371946 0.000000
n 688 0 0.157742 0.375367 0.000000
n 689 0 0.041833 0.223664 0.000000
n 690 0 0.172655 0.395930 0.000000
n 691 0 0.095045 0.292974 0.000000
n 692 0 0.461328 0.721461 0.000000
n 693 0 0.498151 0.759070 0.000000
n 694 0 0.596543 0.856200 0.000000
n 695 0 0.482324 0.743062 0.000000
n 696 0 0.479266 0.739941 0.000000
n 697 0 0.464337 0.724554 0.000000
n 698 0 -0.198496 0.427666 0.000000
n 699 0 0.017302 0.422329 0.000000
n 700 0 -0.006512 0.423130 0.000000
n 701 0 0.075262 0.421329 0.000000
n 702 0 -0.036368 0.424905 0.000000
n 703 0 -0.042246 0.425193 0.000000
n 704 0 -0.212608 0.428026 0.000000
n 705 0 -0.091950 0.426272 0.000000
n 706 0 0.529628 0.749774 0.000000
n 707 0 0.499456 0.737317 0.000000
n 708 0 0.566232 0.764879 0.000000
n 709 0 0.247333 0.627550 0.000000
n 710 0 0.465653 0.723270 0.000000
n 711 0 0.217920 0.616522 0.000000
n 712 0 0.383694 0.689112 0.000000
n 713 0 0.679636 0.409861 0.000000
n 714 0 0.588390 0.150151 0.000000
n 715 0 0.673121 0.391308 0.000000
n 716 0 0.576430 0.113353 0.000000
n 717 0 0.698786 0.463628 0.000000
n 718 0 0.682881 0.418888 0.000000
n 719 0 0.622649 0.245800 0.000000
n 720 0 0.607415 0.203588 0.000000
n 721 0 0.580082 0.124552 0.000000
n 722 0 0.510784 0.755292 0.000000
n 723 0 0.241549 0.810848 0.000000
n 724 0 0.551299 0.743408 0.000000
n 725 0 0.403848 0.788985 0.000000
n 726 0 0.594041 0.731680 0.000000
n 727 0 0.331374 0.806963 0.000000
n 728 0 0.624864 0.844353 0.000000
n 729 0 0.710377 0.814787 0.000000
n 730 0 0.570281 0.868861 0.000000
n 731 0 0.781885 0.789526 0.000000
n 732 0 0.451915 0.416061 0.000000
n 733 0 0.568504 0.493977 0.000000
n 734 0 0.469077 0.427510 0.000000
n 735 0 0.515037 0.457578 0.000000
n 736 0 0.434563 0.404584 0.000000
n 737 0 0.590615 0.508392 0.000000
n 738 0 0.279845 0.297135 0.000000
n 739 0 0.335814 0.337301 0.000000
n 740 0 0.492592 0.442431 0.000000
n 741 0 0.365715 0.357803 0.000000
n 742 0 0.414838 0.552249 0.000000
n 743 0 0.521483 0.166778 0.000000
n 744 0 0.473959 0.336195 0.000000
n 745 0 0.482190 0.306231 0.000000
n 746 0 0.406794 0.581072 0.000000
n 747 0 0.489142 0.281124 0.000000
n 748 0 0.490561 0.276024 0.000000
n 749 0 0.501775 0.235876 0.000000
n 750 0 0.434939 0.479960 0.000000
n 751 0 0.476055 0.740338 0.000000
n 752 0 0.580263 0.785521 0.000000
n 753 0 0.244157 0.634395 0.000000
n 754 0 0.456806 0.731823 0.000000
n 755 0 0.210573 0.621053 0.000000
n 756 0 0.379412 0.698064 0.000000
n 757 0 0.763825 0.351853 0.000000
n 758 0 0.683728 0.406893 0.000000
n 759 0 0.875561 0.270531 0.000000
n 760 0 0.674899 0.413320 0.000000
n 761 0 0.771129 0.346659 0.000000
n 762 0 0.877736 0.268884 0.000000
n 763 0 0.874296 0.271488 0.000000
n 764 0 0.806702 0.067385 0.000000
n 765 0 0.747368 0.447578 0.000000
n 766 0 0.793241 0.167137 0.000000
n 767 0 0.767519 0.329243 0.000000
n 768 0 0.778329 0.261134 0.000000
n 769 0 0.777927 0.264114 0.000000
n 770 0 0.543105 0.731585 0.000000
n 771 0 0.176693 0.767727 0.000000
n 772 0 0.444262 0.744032 0.000000
n 773 0 0.152965 0.769930 0.000000
n 774 0 0.580475 0.727389 0.000000
n 775 0 0.352498 0.754392 0.000000
n 776 0 0.150382 0.770106 0.000000
n 777 0 0.264617 0.055295 0.000000
n 778 0 0.663908 0.250365 0.000000
n 779 0 0.663900 0.253645 0.000000
n 780 0 0.664683 0.096253 0.000000
n 781 0 0.664907 0.144597 0.000000
n 782 0 0.185198 0.877648 0.000000
n 783 0 0.184174 0.878649 0.000000
n 784 0 0.196117 0.866615 0.000000
n 785 0 0.557970 0.221491 0.000000
n 786 0 0.488803 0.381089 0.000000
n 787 0 0.521487 0.304652 0.000000
n 788 0 0.543261 0.255599 0.000000
n 789 0 0.549978 0.240061 0.000000
n 790 0 0.598024 0.129130 0.000000
n 791 0 0.384955 0.509317 0.000000
n 792 0 0.429178 0.572250 0.000000
n 793 0 0.634324 0.858083 0.000000
n 794 0 0.507769 0.680987 0.000000
n 795 0 0.528418 0.710327 0.000000
n 796 0 0.386279 0.511276 0.000000
n 797 0 0.433901 0.578755 0.000000
n 798 0 0.538214 0.191937 0.000000
n 799 0 0.717784 0.456506 0.000000
n 800 0 0.700670 0.431346 0.000000
n 801 0 0.573195 0.243750 0.000000
n 802 0 0.571851 0.241754 0.000000
n 803 0 0.580068 0.254073 0.000000
n 804 0 0.477254 0.103874 0.000000
n 805 0 0.041126 0.118541 0.000000
n 806 0 0.097156 0.298747 0.000000
n 807 0 0.113335 0.356950 0.000000
n 808 0 0.080770 0.241885 0.000000
n 809 0 0.095452 0.293000 0.000000
n 810 0 0.471428 0.328581 0.000000
n 811 0 0.538608 0.528052 0.000000
n 812 0 0.557829 0.580161 0.000000
n 813 0 0.445133 0.249670 0.000000
n 814 0 0.458312 0.288978 0.000000
n 815 0 0.438780 0.230784 0.000000
n 816 0 0.507204 0.433312 0.000000
n 817 0 0.414517 0.155832 0.000000
n 818 0 1.123041 0.134960 0.000000
n 819 0 0.707368 0.046615 0.000000
n 820 0 0.692242 0.043535 0.000000
n 821 0 0.156669 0.320826 0.000000
n 822 0 0.150819 0.318632 0.000000
n 823 0 0.349954 0.397018 0.000000
n 824 0 0.206579 0.339048 0.000000
n 825 0 0.263285 0.360943 0.000000
n 826 0 0.077823 0.291886 0.000000
n 827 0 0.353580 0.398628 0.000000
n 828 0 0.492994 0.283902 0.000000
n 829 0 0.498360 0.272927 0.000000
n 830 0 0.515961 0.237081 0.000000
n 831 0 0.382856 0.513300 0.000000
n 832 0 0.571791 0.122538 0.000000
n 833 0 -0.066416 0.687319 0.000000
n 834 0 0.201655 0.717984 0.000000
n 835 0 -0.064992 0.687485 0.000000
n 836 0 0.159033 0.712473 0.000000
n 837 0 0.141913 0.710853 0.000000
n 838 0 0.360096 0.737785 0.000000
n 839 0 0.128913 0.709562 0.000000
n 840 0 0.151591 0.325079 0.000000
n 841 0 0.339014 0.171711 0.000000
n 842 0 0.188680 0.293985 0.000000
n 843 0 0.431888 0.090332 0.000000
n 844 0 0.429276 0.092560 0.000000
n 845 0 0.788213 0.432635 0.000000
n 846 0 0.438609 0.568459 0.000000
n 847 0 0.157210 0.370688 0.000000
n 848 0 0.157726 0.375370 0.000000
n 849 0 0.145194 0.272793 0.000000
n 850 0 0.934988 0.686581 0.000000
n 851 0 0.882570 0.716502 0.000000
n 852 0 0.891341 0.711168 0.000000
n 853 0 0.763666 0.784008 0.000000
n 854 0 0.842363 0.741803 0.000000
n 855 0 0.183904 0.752141 0.000000
n 856 0 0.159409 0.803439 0.000000
n 857 0 0.265424 0.584282 0.000000
n 858 0 0.161035 0.800017 0.000000
n 859 0 0.936192 0.728620 0.000000
n 860 0 1.002729 0.435242 0.000000
n 861 0 0.983280 0.453668 0.000000
n 862 0 1.038772 0.403654 0.000000
n 863 0 0.749551 0.659054 0.000000
n 864 0 0.883566 0.541392 0.000000
n 865 0 1.018668 0.456580 0.000000
n 866 0 0.988288 0.416430 0.000000
n 867 0 0.874045 0.268638 0.000000
n 868 0 0.876440 0.271628 0.000000
n 869 0 -0.004497 0.472894 0.000000
n 870 0 0.144592 0.378706 0.000000
n 871 0 0.239701 0.318330 0.000000
n 872 0 0.883644 0.708526 0.000000
n 873 0 -0.037141 0.423804 0.000000
n 874 0 0.134474 0.676160 0.000000
n 875 0 0.594088 0.594133 0.000000
n 876 0 0.490360 0.698442 0.000000
n 877 0 0.905674 0.438086 0.000000
n 878 0 0.850513 0.697417 0.000000
n 879 0 0.485079 0.278204 0.000000
n 880 0 0.416263 0.229041 0.000000
n 881 0 0.543611 0.320456 0.000000
n 882 0 0.399926 0.216649 0.000000
n 883 0 0.752849 0.258599 0.000000
n 884 0 0.753536 0.261728 0.000000
n 885 0 0.702183 0.023932 0.000000
n 886 0 0.185713 0.879434 0.000000
n 887 0 0.155840 0.786112 0.000000
n 888 0 0.393546 0.668180 0.000000
n 889 0 0.825969 0.805825 0.000000
n 890 0 0.298022 0.348250 0.000000
n 891 0 0.577190 0.242203 0.000000
n 892 0 0.374669 0.322277 0.000000
n 893 0 0.207040 0.890223 0.000000
n 894 0 0.586218 0.243007 0.000000
n 895 0 0.319827 0.551847 0.000000
n 896 0 0.642264 0.139586 0.000000
n 897 0 0.429894 0.089830 0.000000
