b 811 100 1 1 1.0 1 0 0 
f 0 0.01 0 208 209 200 207 212 201 211 202 210 214 206 203 205 204 213 1 
f 1 0.01 2 221 222 226 225 218 215 223 217 216 224 220 219 200 3 
f 2 0.01 4 234 239 231 236 240 229 228 235 232 233 241 227 237 238 230 5 
f 3 0.01 6 249 244 227 246 242 247 245 248 243 7 
f 4 0.01 8 251 262 260 259 250 253 261 254 258 257 252 256 255 9 
f 5 0.01 10 264 272 267 274 277 268 271 265 270 269 266 278 263 275 273 276 11 
f 6 0.01 12 286 285 284 280 279 288 281 289 282 287 283 13 
f 7 0.01 14 294 290 293 292 300 263 296 297 298 299 295 279 291 15 
f 8 0.01 16 308 303 310 307 304 301 302 311 309 306 312 305 17 
f 9 0.01 18 322 313 319 316 325 314 315 324 323 327 328 317 320 326 321 318 19 
f 10 0.01 20 339 337 334 313 332 336 330 335 329 333 338 331 21 
f 11 0.01 22 349 351 350 250 343 340 344 348 342 341 201 345 347 346 23 
f 12 0.01 24 353 329 354 314 352 355 25 
f 13 0.01 26 356 359 358 264 357 27 
f 14 0.01 28 364 352 315 363 361 366 368 360 367 362 365 29 
f 15 0.01 30 369 372 375 371 340 370 373 374 377 251 376 31 
f 16 0.01 32 280 390 384 386 382 391 383 387 379 389 381 385 378 388 380 33 
f 17 0.01 34 393 330 394 316 392 396 395 397 35 
f 18 0.01 36 403 400 202 401 341 402 398 399 404 37 
f 19 0.01 38 409 411 331 360 413 410 412 408 406 414 317 215 407 405 301 39 
f 20 0.01 40 318 216 415 422 418 405 302 424 421 423 420 425 419 416 417 41 
f 21 0.01 42 428 430 429 426 319 332 427 43 
f 22 0.01 44 303 433 415 217 432 320 435 406 431 434 361 333 353 45 
f 23 0.01 46 437 362 438 440 439 441 436 321 47 
f 24 0.01 48 203 442 448 445 444 449 446 451 450 443 447 49 
f 25 0.01 50 463 452 461 459 416 465 454 460 290 456 265 457 455 453 378 458 462 464 51 
f 26 0.01 52 342 466 369 252 291 467 281 53 
f 27 0.01 54 474 476 228 472 469 470 478 468 204 477 473 370 343 253 475 471 55 
f 28 0.01 56 483 488 479 379 486 480 481 487 266 292 484 489 417 482 485 452 57 
f 29 0.01 58 493 322 334 498 490 495 497 492 491 494 496 59 
f 30 0.01 60 205 499 507 502 500 504 229 506 505 501 503 61 
f 31 0.01 62 514 508 510 513 509 511 442 206 517 515 344 371 516 254 512 63 
f 32 0.01 64 335 354 363 518 323 520 523 218 407 418 304 521 522 519 65 
f 33 0.01 66 525 524 527 230 528 242 530 529 526 67 
f 34 0.01 68 532 490 537 426 392 531 364 355 324 518 535 534 431 408 533 536 436 69 
f 35 0.01 70 540 541 539 538 543 282 544 542 491 71 
f 36 0.01 72 552 560 443 555 558 549 551 546 550 556 553 547 545 548 557 508 554 559 73 
f 37 0.01 74 565 563 562 561 545 571 564 568 509 566 572 499 468 570 567 524 569 75 
f 38 0.01 76 579 578 576 575 577 574 573 77 
f 39 0.01 78 255 398 207 345 581 580 585 587 444 583 584 546 586 582 79 
f 40 0.01 80 591 590 593 208 589 219 588 346 580 592 81 
f 41 0.01 82 445 597 601 598 547 561 594 600 596 604 603 602 231 599 595 83 
f 42 0.01 84 492 609 611 610 283 538 605 608 606 607 85 
f 43 0.01 86 612 619 617 615 613 614 562 594 548 618 510 500 469 232 616 87 
f 44 0.01 88 256 623 622 621 620 605 539 89 
f 45 0.01 90 393 625 427 493 627 626 540 606 624 91 
f 46 0.01 92 628 630 629 573 365 437 409 93 
f 47 0.01 94 267 380 632 634 631 633 243 95 
f 48 0.01 96 637 639 635 220 588 347 581 636 638 97 
f 49 0.01 98 479 640 631 644 356 643 642 641 99 
f 50 0.01 100 607 624 647 645 648 646 650 399 649 209 589 101 
f 51 0.01 102 640 662 381 657 453 654 268 655 612 660 658 659 651 653 549 446 656 652 661 103 
f 52 0.01 104 667 620 645 663 590 664 665 666 574 105 
f 53 0.01 106 671 669 675 673 501 670 595 674 641 672 668 107 
f 54 0.01 108 684 221 305 685 680 682 419 687 454 681 293 269 677 678 679 686 683 676 109 
f 55 0.01 110 420 447 689 696 692 651 693 582 690 613 688 563 691 596 695 697 694 111 
f 56 0.01 112 703 564 699 701 698 448 704 400 210 700 348 702 372 257 113 
f 57 0.01 114 707 646 706 663 705 628 115 
f 58 0.01 116 652 710 449 583 708 550 713 709 614 688 565 711 714 642 712 668 117 
f 59 0.01 118 470 502 566 511 698 716 597 708 584 551 653 717 715 689 119 
f 60 0.01 120 284 726 719 722 382 727 718 480 723 676 725 720 455 654 724 721 121 
f 61 0.01 122 258 512 471 285 729 730 383 718 481 728 677 270 456 294 123 
f 62 0.01 124 734 552 421 732 731 306 735 222 733 531 325 394 336 625 125 
f 63 0.01 126 737 739 669 736 233 740 244 738 567 525 127 
f 64 0.01 128 513 568 699 742 598 553 709 690 615 741 743 655 271 457 678 129 
f 65 0.01 130 626 541 608 647 705 591 664 744 575 746 745 131 
f 66 0.01 132 337 752 532 747 751 609 542 494 748 749 295 384 719 750 133 
f 67 0.01 134 710 656 755 519 756 753 307 422 223 432 326 757 533 754 410 366 135 
f 68 0.01 136 308 224 635 760 761 758 744 665 759 629 137 
f 69 0.01 138 503 670 599 762 234 139 
f 70 0.01 140 763 671 736 616 235 472 504 554 514 764 600 691 711 357 272 141 
f 71 0.01 142 758 576 765 745 438 367 411 143 
f 72 0.01 144 672 712 643 766 358 632 768 458 385 657 720 767 679 145 
f 73 0.01 146 772 296 769 273 482 459 770 680 771 731 309 225 773 520 327 534 147 
f 74 0.01 148 774 776 483 775 633 644 359 766 149 
f 75 0.01 150 245 778 777 151 
f 76 0.01 152 433 310 753 521 781 450 555 715 780 692 779 658 617 741 274 721 153 
f 77 0.01 154 349 783 782 259 373 473 515 700 401 211 636 592 585 155 
f 78 0.01 156 701 784 601 556 713 586 693 659 779 785 460 681 484 786 275 769 297 157 
f 79 0.01 158 789 722 386 788 298 276 485 461 770 682 787 732 311 159 
f 80 0.01 160 535 434 412 754 439 790 765 746 577 666 759 630 161 
f 81 0.01 162 792 602 694 236 505 474 673 737 791 526 163 
f 82 0.01 164 791 794 763 795 246 237 793 527 569 796 777 374 260 774 782 350 165 
f 83 0.01 166 767 797 683 723 486 387 798 799 286 475 261 516 375 702 466 402 212 167 
f 84 0.01 168 800 247 528 238 793 738 570 213 169 
f 85 0.01 170 716 784 742 571 703 618 557 764 695 801 603 792 239 762 674 171 
f 86 0.01 172 803 462 768 388 724 277 743 619 660 785 696 780 717 558 451 755 802 173 
f 87 0.01 174 733 684 395 805 428 804 495 747 610 287 543 667 621 648 706 175 
f 88 0.01 176 714 604 801 697 559 240 506 476 675 739 794 529 177 
f 89 0.01 178 338 368 413 440 790 637 578 806 760 593 649 179 
f 90 0.01 180 622 807 467 288 496 748 463 685 771 787 423 734 560 181 
f 91 0.01 182 424 781 522 756 802 661 587 638 704 403 214 517 477 183 
f 92 0.01 184 376 248 185 
f 93 0.01 186 634 464 803 662 389 725 797 686 728 487 808 772 788 299 749 187 
f 94 0.01 188 390 726 750 789 729 809 798 488 775 189 
f 95 0.01 190 800 530 795 241 740 249 478 507 572 191 
f 96 0.01 192 396 429 810 804 497 751 611 544 289 807 623 707 650 404 193 
f 97 0.01 194 761 806 579 639 441 536 757 435 414 328 523 773 226 735 312 195 
f 98 0.01 196 796 778 377 262 776 783 351 799 809 730 391 727 808 278 300 786 489 465 687 425 197 
f 99 0.01 198 397 805 430 810 537 498 752 339 627 199 
n 0 1 0.718886 0.274055 0.5 
n 1 1 0.775905 0.770793 0.5 
n 2 1 0.284059 0.256737 0.5 
n 3 1 0.749868 0.438455 0.5 
n 4 1 0.444992 0.950978 0.5 
n 5 1 0.927421 0.819593 0.5 
n 6 1 0.748106 0.816972 0.5 
n 7 2 1.13258 1 0.5 
n 8 1 0.988623 0.85919 0.5 
n 9 1 0.80917 0.392503 0.5 
n 10 1 0.36833 0.862937 0.5 
n 11 1 0.117123 0.430624 0.5 
n 12 1 -0.0812899 0.607834 0.5 
n 13 1 0.137406 0.158199 0.5 
n 14 1 0.304631 0.672789 0.5 
n 15 1 -0.0309889 0.302168 0.5 
n 16 1 0.682098 0.469282 0.5 
n 17 1 0.211623 0.300009 0.5 
n 18 1 0.22728 0.0365442 0.5 
n 19 1 0.605982 0.363018 0.5 
n 20 1 0.0803152 0.0851397 0.5 
n 21 1 0.579711 0.0605753 0.5 
n 22 1 1.06122 0.681608 0.5 
n 23 1 0.614389 0.45723 0.5 
n 24 2 0.490852 0 0.5 
n 25 1 0.410476 0.250276 0.5 
n 26 2 0.156193 1 0.5 
n 27 1 0.363266 0.81652 0.5 
n 28 1 0.411508 0.22954 0.5 
n 29 2 0.640402 0 0.5 
n 30 1 0.828242 0.512194 0.5 
n 31 1 1.05578 0.957421 0.5 
n 32 1 -0.0137628 0.434116 0.5 
n 33 1 0.294869 0.827494 0.5 
n 34 2 0.440157 0 0.5 
n 35 1 0.228472 0.223654 0.5 
n 36 1 0.735667 0.660597 0.5 
n 37 1 0.831295 0.169827 0.5 
n 38 2 0.592395 0 0.5 
n 39 1 0.478335 0.413428 0.5 
n 40 1 0.647418 0.310677 0.5 
n 41 1 0.188049 0.508111 0.5 
n 42 1 0.188877 0.256876 0.5 
n 43 2 0.321882 0 0.5 
n 44 1 0.554289 0.449656 0.5 
n 45 2 0.47006 0 0.5 
n 46 2 0.621502 0 0.5 
n 47 1 0.535792 0.309587 0.5 
n 48 1 0.78612 0.698071 0.5 
n 49 1 0.311956 0.539423 0.5 
n 50 1 0.223339 0.333413 0.5 
n 51 1 0.257056 0.832275 0.5 
n 52 1 0.782353 0.565676 0.5 
n 53 1 1.13115 0.207431 0.5 
n 54 1 0.608877 0.934873 0.5 
n 55 1 0.91853 0.542297 0.5 
n 56 1 0.0399349 0.885137 0.5 
n 57 1 0.24892 0.430907 0.5 
n 58 2 0.250698 0 0.5 
n 59 1 0.0852868 0.323849 0.5 
n 60 1 0.769219 0.708232 0.5 
n 61 2 0.545788 1 0.5 
n 62 1 0.560559 0.876596 0.5 
n 63 1 0.910581 0.519547 0.5 
n 64 1 0.44262 0.0111087 0.5 
n 65 1 0.514695 0.505887 0.5 
n 66 1 0.87261 0.696056 0.5 
n 67 2 0.803604 1 0.5 
n 68 1 0.118732 0.116061 0.5 
n 69 1 0.588077 0.288442 0.5 
n 70 2 0.0246528 0 0.5 
n 71 1 0.213077 0.361545 0.5 
n 72 1 0.351878 0.466468 0.5 
n 73 1 0.593978 0.903947 0.5 
n 74 1 0.392539 0.774697 0.5 
n 75 1 0.89253 0.777723 0.5 
n 76 1 0.692793 0.24506 0.5 
n 77 2 0.76939 0 0.5 
n 78 1 0.820621 0.405361 0.5 
n 79 1 0.413145 0.695125 0.5 
n 80 1 0.820203 0.0712744 0.5 
n 81 1 0.661403 0.545387 0.5 
n 82 1 0.547529 0.607603 0.5 
n 83 2 0.489315 1 0.5 
n 84 1 1.15262 0.219922 0.5 
n 85 2 0.981154 0 0.5 
n 86 1 0.297746 0.622129 0.5 
n 87 1 0.709391 0.90594 0.5 
n 88 1 0.782489 0.483356 0.5 
n 89 1 1.09803 0.0954989 0.5 
n 90 1 0.445501 0.0342764 0.5 
n 91 1 -0.0544989 0.0340787 0.5 
n 92 1 0.961287 0.0147564 0.5 
n 93 2 0.589267 0 0.5 
n 94 1 0.356616 0.740482 0.5 
n 95 2 0.0857795 1 0.5 
n 96 1 0.685516 0.159706 0.5 
n 97 1 0.686671 0.659705 0.5 
n 98 1 0.104963 0.647684 0.5 
n 99 2 0.355804 1 0.5 
n 100 1 0.997443 0.00673881 0.5 
n 101 1 0.705659 0.412771 0.5 
n 102 1 0.175994 0.806435 0.5 
n 103 1 0.577943 0.509051 0.5 
n 104 1 1.11234 0.192049 0.5 
n 105 1 0.634928 0.0434537 0.5 
n 106 1 0.787939 0.91172 0.5 
n 107 2 0.305531 1 0.5 
n 108 1 0.334319 0.195951 0.5 
n 109 1 0.191771 0.675201 0.5 
n 110 1 0.311563 0.450522 0.5 
n 111 1 0.522051 0.904058 0.5 
n 112 1 0.547267 0.789246 0.5 
n 113 1 0.932613 0.470642 0.5 
n 114 1 0.810694 0.335277 0.5 
n 115 2 0.947918 0 0.5 
n 116 1 0.524295 0.546398 0.5 
n 117 2 0.334049 1 0.5 
n 118 1 0.759888 0.827766 0.5 
n 119 1 0.324105 0.582626 0.5 
n 120 1 -0.0519353 0.426921 0.5 
n 121 1 0.312655 0.769082 0.5 
n 122 1 -0.14194 0.554041 0.5 
n 123 1 0.353478 0.621579 0.5 
n 124 1 0.358613 0.494867 0.5 
n 125 2 0.340584 0 0.5 
n 126 2 0.70994 1 0.5 
n 127 1 0.892599 0.661497 0.5 
n 128 1 0.679946 0.784656 0.5 
n 129 1 0.200323 0.643369 0.5 
n 130 1 1.12393 0.0296375 0.5 
n 131 1 0.633857 0.128771 0.5 
n 132 1 0.174857 0.0644937 0.5 
n 133 1 0.0477321 0.548063 0.5 
n 134 1 0.509917 0.583455 0.5 
n 135 1 0.53992 0.0843563 0.5 
n 136 1 0.650828 0.468771 0.5 
n 137 2 0.799359 0 0.5 
n 138 2 0.662453 1 0.5 
n 139 1 0.403811 0.941419 0.5 
n 140 1 0.813421 0.925376 0.5 
n 141 1 0.32701 0.809601 0.5 
n 142 1 0.76302 0.17476 0.5 
n 143 2 0.50491 0 0.5 
n 144 2 0.347567 1 0.5 
n 145 1 0.188772 0.622262 0.5 
n 146 1 0.117493 0.562448 0.5 
n 147 1 0.511473 0.254585 0.5 
n 148 1 -0.0740764 0.673836 0.5 
n 149 1 0.359498 0.922861 0.5 
n 150 2 0.986368 1 0.5 
n 151 1 0.911732 0.696825 0.5 
n 152 1 0.567098 0.375784 0.5 
n 153 1 0.293153 0.794059 0.5 
n 154 1 1.06788 0.68275 0.5 
n 155 1 0.6035 0.497411 0.5 
n 156 1 0.603274 0.750667 0.5 
n 157 1 0.160648 0.518112 0.5 
n 158 1 0.0173495 0.561133 0.5 
n 159 1 0.478827 0.368679 0.5 
n 160 1 0.489269 0.253498 0.5 
n 161 2 0.863779 0 0.5 
n 162 1 0.443955 0.870605 0.5 
n 163 2 0.868188 1 0.5 
n 164 2 0.740165 1 0.5 
n 165 1 0.969608 0.597214 0.5 
n 166 1 1.22471 0.665965 0.5 
n 167 1 0.74594 0.521811 0.5 
n 168 2 0.947926 1 0.5 
n 169 1 0.76368 0.750962 0.5 
n 170 1 0.59015 0.705192 0.5 
n 171 2 0.450432 1 0.5 
n 172 1 0.238008 0.808228 0.5 
n 173 1 0.576005 0.439775 0.5 
n 174 1 0.373649 0.225864 0.5 
n 175 1 -0.120612 0.150326 0.5 
n 176 1 0.388541 0.844935 0.5 
n 177 1 0.871632 0.973863 0.5 
n 178 2 0.493636 7.45058e-09 0.5 
n 179 1 0.800361 0.285307 0.5 
n 180 1 -0.00374269 0.218134 0.5 
n 181 1 0.401471 0.511054 0.5 
n 182 1 0.401042 0.412176 0.5 
n 183 1 0.817145 0.68941 0.5 
n 184 1 0.0203327 0.733193 0.5 
n 185 2 0.0195921 1 0.5 
n 186 1 0.261945 0.836706 0.5 
n 187 1 0.0931169 0.366071 0.5 
n 188 1 0.0239048 0.391734 0.5 
n 189 1 0.12992 0.880365 0.5 
n 190 2 0.969787 1 0.5 
n 191 1 0.706222 0.769849 0.5 
n 192 1 0.279038 0.176416 0.5 
n 193 1 -0.214725 0.255148 0.5 
n 194 1 0.757355 0.182499 0.5 
n 195 1 0.293433 0.368984 0.5 
n 196 1 -0.128581 0.744517 0.5 
n 197 1 0.282487 0.459872 0.5 
n 198 1 0.240936 0.245006 0.5 
n 199 2 0.123579 0 0.5 
n 200 0 0.737189 0.433509 0.5 
n 201 0 0.74759 0.524118 0.5 
n 202 0 0.753028 0.571497 0.5 
n 203 0 0.766816 0.691612 0.5 
n 204 0 0.771127 0.729173 0.5 
n 205 0 0.768788 0.708794 0.5 
n 206 0 0.764205 0.668862 0.5 
n 207 0 0.740498 0.462337 0.5 
n 208 0 0.72741 0.348317 0.5 
n 209 0 0.730794 0.377795 0.5 
n 210 0 0.758021 0.614994 0.5 
n 211 0 0.751295 0.556398 0.5 
n 212 0 0.747375 0.522243 0.5 
n 213 0 0.775456 0.766878 0.5 
n 214 0 0.762375 0.652919 0.5 
n 215 0 0.498486 0.340388 0.5 
n 216 0 0.540319 0.356707 0.5 
n 217 0 0.536606 0.355259 0.5 
n 218 0 0.49011 0.33712 0.5 
n 219 0 0.703303 0.420289 0.5 
n 220 0 0.686102 0.413579 0.5 
n 221 0 0.312893 0.267985 0.5 
n 222 0 0.350887 0.282807 0.5 
n 223 0 0.523932 0.350314 0.5 
n 224 0 0.670273 0.407404 0.5 
n 225 0 0.433909 0.315195 0.5 
n 226 0 0.430526 0.313876 0.5 
n 227 0 0.816863 0.849703 0.5 
n 228 0 0.637535 0.898541 0.5 
n 229 0 0.619781 0.903376 0.5 
n 230 0 0.839102 0.843646 0.5 
n 231 0 0.49876 0.936335 0.5 
n 232 0 0.681351 0.886608 0.5 
n 233 0 0.786593 0.857946 0.5 
n 234 0 0.445456 0.950851 0.5 
n 235 0 0.666982 0.890521 0.5 
n 236 0 0.583655 0.913214 0.5 
n 237 0 0.827418 0.846828 0.5 
n 238 0 0.8334 0.845199 0.5 
n 239 0 0.477915 0.942012 0.5 
n 240 0 0.613712 0.905029 0.5 
n 241 0 0.802232 0.853687 0.5 
n 242 0 0.835692 0.858666 0.5 
n 243 0 1.10131 0.985114 0.5 
n 244 0 0.796319 0.839923 0.5 
n 245 0 0.966958 0.921154 0.5 
n 246 0 0.823878 0.853042 0.5 
n 247 0 0.847534 0.864304 0.5 
n 248 0 1.01974 0.946282 0.5 
n 249 0 0.774665 0.829615 0.5 
n 250 0 0.886626 0.593936 0.5 
n 251 0 0.937103 0.725207 0.5 
n 252 0 0.849314 0.496902 0.5 
n 253 0 0.883733 0.586413 0.5 
n 254 0 0.872829 0.558056 0.5 
n 255 0 0.815511 0.408994 0.5 
n 256 0 0.824329 0.431927 0.5 
n 257 0 0.861746 0.529234 0.5 
n 258 0 0.872017 0.555944 0.5 
n 259 0 0.894109 0.613396 0.5 
n 260 0 0.92082 0.682861 0.5 
n 261 0 0.873682 0.560273 0.5 
n 262 0 0.929155 0.704537 0.5 
n 263 0 0.174046 0.528585 0.5 
n 264 0 0.348804 0.829334 0.5 
n 265 0 0.244755 0.650271 0.5 
n 266 0 0.190752 0.557336 0.5 
n 267 0 0.318434 0.777069 0.5 
n 268 0 0.287542 0.723906 0.5 
n 269 0 0.214614 0.598401 0.5 
n 270 0 0.217294 0.603014 0.5 
n 271 0 0.249092 0.657735 0.5 
n 272 0 0.338996 0.812454 0.5 
n 273 0 0.169918 0.521482 0.5 
n 274 0 0.31178 0.765618 0.5 
n 275 0 0.171174 0.523642 0.5 
n 276 0 0.158704 0.502183 0.5 
n 277 0 0.29833 0.742471 0.5 
n 278 0 0.176688 0.533133 0.5 
n 279 0 0.0330079 0.372839 0.5 
n 280 0 -0.00328919 0.447466 0.5 
n 281 0 0.0957994 0.243741 0.5 
n 282 0 0.122776 0.188277 0.5 
n 283 0 0.124762 0.184193 0.5 
n 284 0 -0.0116744 0.464706 0.5 
n 285 0 -0.0605242 0.56514 0.5 
n 286 0 -0.0668639 0.578174 0.5 
n 287 0 0.123117 0.187575 0.5 
n 288 0 0.0791198 0.278034 0.5 
n 289 0 0.115892 0.20243 0.5 
n 290 0 0.24157 0.603152 0.5 
n 291 0 0.00269577 0.339366 0.5 
n 292 0 0.193895 0.550504 0.5 
n 293 0 0.220215 0.57957 0.5 
n 294 0 0.244846 0.60677 0.5 
n 295 0 0.0801198 0.424864 0.5 
n 296 0 0.168568 0.522536 0.5 
n 297 0 0.168114 0.522035 0.5 
n 298 0 0.152485 0.504776 0.5 
n 299 0 0.136569 0.4872 0.5 
n 300 0 0.177595 0.532505 0.5 
n 301 0 0.482717 0.397547 0.5 
n 302 0 0.462349 0.390219 0.5 
n 303 0 0.548995 0.421393 0.5 
n 304 0 0.499808 0.403696 0.5 
n 305 0 0.294499 0.329828 0.5 
n 306 0 0.353372 0.35101 0.5 
n 307 0 0.52028 0.411062 0.5 
n 308 0 0.653883 0.459131 0.5 
n 309 0 0.377135 0.359559 0.5 
n 310 0 0.539471 0.417966 0.5 
n 311 0 0.443468 0.383425 0.5 
n 312 0 0.345338 0.348119 0.5 
n 313 0 0.272674 0.0756779 0.5 
n 314 0 0.424511 0.206574 0.5 
n 315 0 0.429833 0.211163 0.5 
n 316 0 0.325459 0.121183 0.5 
n 317 0 0.514097 0.283805 0.5 
n 318 0 0.579251 0.339974 0.5 
n 319 0 0.279604 0.081652 0.5 
n 320 0 0.524979 0.293187 0.5 
n 321 0 0.537374 0.303873 0.5 
n 322 0 0.230579 0.0393882 0.5 
n 323 0 0.477783 0.2525 0.5 
n 324 0 0.468555 0.244544 0.5 
n 325 0 0.345632 0.138574 0.5 
n 326 0 0.527249 0.295143 0.5 
n 327 0 0.49507 0.267403 0.5 
n 328 0 0.51131 0.281403 0.5 
n 329 0 0.46966 0.0659886 0.5 
n 330 0 0.37321 0.0707327 0.5 
n 331 0 0.575628 0.0607762 0.5 
n 332 0 0.28296 0.075172 0.5 
n 333 0 0.482304 0.0653666 0.5 
n 334 0 0.210481 0.0787371 0.5 
n 335 0 0.450749 0.0669187 0.5 
n 336 0 0.343215 0.0722082 0.5 
n 337 0 0.170597 0.0806989 0.5 
n 338 0 0.559811 0.0615542 0.5 
n 339 0 0.162426 0.0811008 0.5 
n 340 0 0.864282 0.582716 0.5 
n 341 0 0.760953 0.530828 0.5 
n 342 0 0.798114 0.549489 0.5 
n 343 0 0.880303 0.590761 0.5 
n 344 0 0.85381 0.577457 0.5 
n 345 0 0.692513 0.496461 0.5 
n 346 0 0.67991 0.490132 0.5 
n 347 0 0.686286 0.493334 0.5 
n 348 0 0.822461 0.561715 0.5 
n 349 0 1.04648 0.67421 0.5 
n 350 0 0.952603 0.627067 0.5 
n 351 0 1.00386 0.652807 0.5 
n 352 0 0.419808 0.221216 0.5 
n 353 0 0.47772 0.0408914 0.5 
n 354 0 0.456557 0.106787 0.5 
n 355 0 0.41825 0.226068 0.5 
n 356 0 0.278589 0.891549 0.5 
n 357 0 0.361744 0.817869 0.5 
n 358 0 0.295629 0.876451 0.5 
n 359 0 0.288969 0.882352 0.5 
n 360 0 0.574033 0.0665561 0.5 
n 361 0 0.496998 0.143809 0.5 
n 362 0 0.614237 0.0262386 0.5 
n 363 0 0.466417 0.174475 0.5 
n 364 0 0.415849 0.225186 0.5 
n 365 0 0.638457 0.00195115 0.5 
n 366 0 0.53887 0.101818 0.5 
n 367 0 0.585793 0.0547634 0.5 
n 368 0 0.569777 0.0708244 0.5 
n 369 0 0.83037 0.516358 0.5 
n 370 0 0.873076 0.599923 0.5 
n 371 0 0.858927 0.572237 0.5 
n 372 0 0.844316 0.543646 0.5 
n 373 0 0.876337 0.606303 0.5 
n 374 0 0.917996 0.687819 0.5 
n 375 0 0.849018 0.552847 0.5 
n 376 0 1.01991 0.887229 0.5 
n 377 0 0.927223 0.705875 0.5 
n 378 0 0.253138 0.774305 0.5 
n 379 0 0.150889 0.643979 0.5 
n 380 0 0.282398 0.811599 0.5 
n 381 0 0.240755 0.758522 0.5 
n 382 0 0.0714166 0.542685 0.5 
n 383 0 0.106946 0.58797 0.5 
n 384 0 0.0547354 0.521423 0.5 
n 385 0 0.252169 0.77307 0.5 
n 386 0 0.0689931 0.539596 0.5 
n 387 0 0.150641 0.643664 0.5 
n 388 0 0.260509 0.7837 0.5 
n 389 0 0.228123 0.742421 0.5 
n 390 0 0.0510133 0.516679 0.5 
n 391 0 0.103619 0.58373 0.5 
n 392 0 0.27573 0.173724 0.5 
n 393 0 0.407729 0.0342615 0.5 
n 394 0 0.344275 0.101304 0.5 
n 395 0 0.244991 0.206201 0.5 
n 396 0 0.272141 0.177516 0.5 
n 397 0 0.229957 0.222085 0.5 
n 398 0 0.779735 0.434435 0.5 
n 399 0 0.813085 0.263282 0.5 
n 400 0 0.741966 0.628269 0.5 
n 401 0 0.755633 0.558129 0.5 
n 402 0 0.761781 0.52658 0.5 
n 403 0 0.74006 0.638052 0.5 
n 404 0 0.815613 0.25031 0.5 
n 405 0 0.487751 0.379301 0.5 
n 406 0 0.519532 0.264106 0.5 
n 407 0 0.493316 0.359128 0.5 
n 408 0 0.519742 0.263344 0.5 
n 409 0 0.592361 0.000122761 0.5 
n 410 0 0.531784 0.219695 0.5 
n 411 0 0.578626 0.0499107 0.5 
n 412 0 0.530079 0.225874 0.5 
n 413 0 0.572227 0.0731033 0.5 
n 414 0 0.51519 0.279843 0.5 
n 415 0 0.537134 0.358076 0.5 
n 416 0 0.233817 0.488441 0.5 
n 417 0 0.219648 0.494531 0.5 
n 418 0 0.495754 0.375861 0.5 
n 419 0 0.2493 0.481786 0.5 
n 420 0 0.313305 0.454277 0.5 
n 421 0 0.356459 0.43573 0.5 
n 422 0 0.523103 0.364107 0.5 
n 423 0 0.31934 0.451683 0.5 
n 424 0 0.405049 0.414846 0.5 
n 425 0 0.253362 0.48004 0.5 
n 426 0 0.23893 0.160207 0.5 
n 427 0 0.304163 0.0342205 0.5 
n 428 0 0.217306 0.20197 0.5 
n 429 0 0.226173 0.184845 0.5 
n 430 0 0.218873 0.198944 0.5 
n 431 0 0.519363 0.263205 0.5 
n 432 0 0.526786 0.302834 0.5 
n 433 0 0.546378 0.407422 0.5 
n 434 0 0.514363 0.236512 0.5 
n 435 0 0.521969 0.277118 0.5 
n 436 0 0.545932 0.272963 0.5 
n 437 0 0.621151 0.00126474 0.5 
n 438 0 0.603097 0.0664795 0.5 
n 439 0 0.56563 0.20181 0.5 
n 440 0 0.595317 0.0945807 0.5 
n 441 0 0.547638 0.2668 0.5 
n 442 0 0.748056 0.685335 0.5 
n 443 0 0.410496 0.572393 0.5 
n 444 0 0.529665 0.612265 0.5 
n 445 0 0.546026 0.617739 0.5 
n 446 0 0.466846 0.591247 0.5 
n 447 0 0.360334 0.55561 0.5 
n 448 0 0.694584 0.667444 0.5 
n 449 0 0.50073 0.602584 0.5 
n 450 0 0.433328 0.580032 0.5 
n 451 0 0.44405 0.58362 0.5 
n 452 0 0.232361 0.466898 0.5 
n 453 0 0.251532 0.750548 0.5 
n 454 0 0.236317 0.525434 0.5 
n 455 0 0.24873 0.70909 0.5 
n 456 0 0.241787 0.606353 0.5 
n 457 0 0.245182 0.656583 0.5 
n 458 0 0.253224 0.77558 0.5 
n 459 0 0.232733 0.472397 0.5 
n 460 0 0.23859 0.559063 0.5 
n 461 0 0.232661 0.47134 0.5 
n 462 0 0.254235 0.790539 0.5 
n 463 0 0.226812 0.384797 0.5 
n 464 0 0.25629 0.820941 0.5 
n 465 0 0.234149 0.493344 0.5 
n 466 0 0.807125 0.540233 0.5 
n 467 0 1.06931 0.270944 0.5 
n 468 0 0.733592 0.776761 0.5 
n 469 0 0.659066 0.871243 0.5 
n 470 0 0.713807 0.801844 0.5 
n 471 0 0.904295 0.560344 0.5 
n 472 0 0.647516 0.885888 0.5 
n 473 0 0.87003 0.603786 0.5 
n 474 0 0.617757 0.923616 0.5 
n 475 0 0.898465 0.567735 0.5 
n 476 0 0.629165 0.909153 0.5 
n 477 0 0.807539 0.683011 0.5 
n 478 0 0.725657 0.78682 0.5 
n 479 0 0.131825 0.685413 0.5 
n 480 0 0.159472 0.625323 0.5 
n 481 0 0.172543 0.596913 0.5 
n 482 0 0.228202 0.475937 0.5 
n 483 0 0.0930011 0.769798 0.5 
n 484 0 0.199425 0.538485 0.5 
n 485 0 0.229761 0.472549 0.5 
n 486 0 0.150986 0.643767 0.5 
n 487 0 0.174444 0.592782 0.5 
n 488 0 0.101787 0.750701 0.5 
n 489 0 0.213669 0.507526 0.5 
n 490 0 0.179936 0.13854 0.5 
n 491 0 0.138814 0.219051 0.5 
n 492 0 0.144009 0.20888 0.5 
n 493 0 0.233233 0.0341925 0.5 
n 494 0 0.12936 0.237561 0.5 
n 495 0 0.15259 0.192079 0.5 
n 496 0 0.100714 0.293644 0.5 
n 497 0 0.150088 0.196977 0.5 
n 498 0 0.185098 0.128433 0.5 
n 499 0 0.716818 0.776659 0.5 
n 500 0 0.64946 0.86462 0.5 
n 501 0 0.584944 0.948868 0.5 
n 502 0 0.702432 0.795445 0.5 
n 503 0 0.563032 0.977482 0.5 
n 504 0 0.635384 0.883 0.5 
n 505 0 0.606833 0.920284 0.5 
n 506 0 0.6177 0.906093 0.5 
n 507 0 0.715697 0.778123 0.5 
n 508 0 0.572245 0.864676 0.5 
n 509 0 0.658872 0.776309 0.5 
n 510 0 0.603418 0.832876 0.5 
n 511 0 0.662264 0.772849 0.5 
n 512 0 0.87456 0.556291 0.5 
n 513 0 0.657245 0.777969 0.5 
n 514 0 0.569625 0.867348 0.5 
n 515 0 0.83982 0.591729 0.5 
n 516 0 0.871346 0.55957 0.5 
n 517 0 0.772936 0.659956 0.5 
n 518 0 0.477081 0.247675 0.5 
n 519 0 0.514613 0.505329 0.5 
n 520 0 0.481499 0.278007 0.5 
n 521 0 0.508726 0.464911 0.5 
n 522 0 0.511793 0.485965 0.5 
n 523 0 0.483615 0.292535 0.5 
n 524 0 0.854122 0.77749 0.5 
n 525 0 0.871637 0.700344 0.5 
n 526 0 0.807787 0.981577 0.5 
n 527 0 0.845643 0.814834 0.5 
n 528 0 0.837493 0.850732 0.5 
n 529 0 0.813085 0.958238 0.5 
n 530 0 0.831099 0.878895 0.5 
n 531 0 0.347878 0.200222 0.5 
n 532 0 0.157552 0.130319 0.5 
n 533 0 0.528957 0.266728 0.5 
n 534 0 0.506492 0.258478 0.5 
n 535 0 0.490558 0.252625 0.5 
n 536 0 0.538811 0.270348 0.5 
n 537 0 0.192075 0.142999 0.5 
n 538 0 0.112352 0.168276 0.5 
n 539 0 0.0836414 0.113186 0.5 
n 540 0 0.0424334 0.034117 0.5 
n 541 0 0.0480938 0.044978 0.5 
n 542 0 0.135764 0.213199 0.5 
n 543 0 0.122349 0.187458 0.5 
n 544 0 0.129058 0.200331 0.5 
n 545 0 0.522887 0.775486 0.5 
n 546 0 0.459983 0.661818 0.5 
n 547 0 0.522679 0.775109 0.5 
n 548 0 0.524559 0.778506 0.5 
n 549 0 0.434268 0.61535 0.5 
n 550 0 0.46903 0.678165 0.5 
n 551 0 0.457769 0.657816 0.5 
n 552 0 0.35798 0.477496 0.5 
n 553 0 0.49836 0.731165 0.5 
n 554 0 0.574346 0.868472 0.5 
n 555 0 0.423244 0.595429 0.5 
n 556 0 0.470567 0.680943 0.5 
n 557 0 0.541175 0.808531 0.5 
n 558 0 0.426997 0.60221 0.5 
n 559 0 0.59126 0.899037 0.5 
n 560 0 0.359935 0.481029 0.5 
n 561 0 0.522623 0.775484 0.5 
n 562 0 0.520154 0.775469 0.5 
n 563 0 0.46221 0.775119 0.5 
n 564 0 0.563611 0.775732 0.5 
n 565 0 0.428452 0.774915 0.5 
n 566 0 0.668517 0.776367 0.5 
n 567 0 0.830086 0.777345 0.5 
n 568 0 0.651458 0.776264 0.5 
n 569 0 0.866872 0.777567 0.5 
n 570 0 0.782988 0.77706 0.5 
n 571 0 0.556739 0.775691 0.5 
n 572 0 0.714001 0.776642 0.5 
n 573 0 0.767184 0.00705723 0.5 
n 574 0 0.745091 0.0777423 0.5 
n 575 0 0.735572 0.108196 0.5 
n 576 0 0.723195 0.147795 0.5 
n 577 0 0.744062 0.0810337 0.5 
n 578 0 0.707277 0.198722 0.5 
n 579 0 0.70588 0.203191 0.5 
n 580 0 0.673187 0.510204 0.5 
n 581 0 0.686304 0.500876 0.5 
n 582 0 0.422122 0.688742 0.5 
n 583 0 0.482645 0.645702 0.5 
n 584 0 0.462147 0.660279 0.5 
n 585 0 0.659658 0.519824 0.5 
n 586 0 0.449013 0.669619 0.5 
n 587 0 0.612716 0.553207 0.5 
n 588 0 0.686235 0.471247 0.5 
n 589 0 0.705964 0.412347 0.5 
n 590 0 0.81115 0.0983035 0.5 
n 591 0 0.813089 0.0925154 0.5 
n 592 0 0.66875 0.523453 0.5 
n 593 0 0.760831 0.248537 0.5 
n 594 0 0.522396 0.777015 0.5 
n 595 0 0.494444 0.965429 0.5 
n 596 0 0.50803 0.873848 0.5 
n 597 0 0.53374 0.700552 0.5 
n 598 0 0.527907 0.739869 0.5 
n 599 0 0.494944 0.96206 0.5 
n 600 0 0.511063 0.853409 0.5 
n 601 0 0.531871 0.713152 0.5 
n 602 0 0.505717 0.889443 0.5 
n 603 0 0.507033 0.880571 0.5 
n 604 0 0.507606 0.876711 0.5 
n 605 0 1.07637 0.122124 0.5 
n 606 0 1.00774 0.0341033 0.5 
n 607 0 0.99215 0.0141035 0.5 
n 608 0 1.02056 0.0505469 0.5 
n 609 0 1.13869 0.20206 0.5 
n 610 0 1.12798 0.188318 0.5 
n 611 0 1.13643 0.199156 0.5 
n 612 0 0.363671 0.667581 0.5 
n 613 0 0.435183 0.716886 0.5 
n 614 0 0.448841 0.726302 0.5 
n 615 0 0.424213 0.709322 0.5 
n 616 0 0.697595 0.897808 0.5 
n 617 0 0.372157 0.673432 0.5 
n 618 0 0.547808 0.794535 0.5 
n 619 0 0.365728 0.669 0.5 
n 620 0 1.03824 0.168987 0.5 
n 621 0 1.03418 0.173983 0.5 
n 622 0 0.997519 0.219046 0.5 
n 623 0 0.995407 0.221642 0.5 
n 624 0 -0.0222135 0.0340915 0.5 
n 625 0 0.341831 0.0342354 0.5 
n 626 0 0.10167 0.0341405 0.5 
n 627 0 0.13994 0.0341556 0.5 
n 628 0 0.942188 0.0139988 0.5 
n 629 0 0.796752 0.00823002 0.5 
n 630 0 0.848583 0.0102859 0.5 
n 631 0 0.246296 0.846192 0.5 
n 632 0 0.272395 0.821183 0.5 
n 633 0 0.238694 0.853476 0.5 
n 634 0 0.260474 0.832606 0.5 
n 635 0 0.685973 0.357851 0.5 
n 636 0 0.686372 0.530483 0.5 
n 637 0 0.685559 0.178524 0.5 
n 638 0 0.686538 0.602397 0.5 
n 639 0 0.685635 0.211325 0.5 
n 640 0 0.203501 0.786085 0.5 
n 641 0 0.350009 0.991861 0.5 
n 642 0 0.342113 0.980772 0.5 
n 643 0 0.335692 0.971753 0.5 
n 644 0 0.26033 0.865903 0.5 
n 645 0 0.909618 0.128952 0.5 
n 646 0 0.875983 0.175756 0.5 
n 647 0 0.956674 0.0634707 0.5 
n 648 0 0.892787 0.152373 0.5 
n 649 0 0.798501 0.283576 0.5 
n 650 0 0.823286 0.249087 0.5 
n 651 0 0.399871 0.640799 0.5 
n 652 0 0.522869 0.549798 0.5 
n 653 0 0.411812 0.631964 0.5 
n 654 0 0.274667 0.733432 0.5 
n 655 0 0.340561 0.68468 0.5 
n 656 0 0.511432 0.55826 0.5 
n 657 0 0.244796 0.755532 0.5 
n 658 0 0.387568 0.649902 0.5 
n 659 0 0.3975 0.642553 0.5 
n 660 0 0.374122 0.659849 0.5 
n 661 0 0.563017 0.520094 0.5 
n 662 0 0.235337 0.762531 0.5 
n 663 0 0.896776 0.124955 0.5 
n 664 0 0.800643 0.0950331 0.5 
n 665 0 0.772066 0.0861385 0.5 
n 666 0 0.747717 0.0785597 0.5 
n 667 0 1.0737 0.180022 0.5 
n 668 0 0.33642 0.994347 0.5 
n 669 0 0.75425 0.917885 0.5 
n 670 0 0.502948 0.963873 0.5 
n 671 0 0.769909 0.91502 0.5 
n 672 0 0.344564 0.992857 0.5 
n 673 0 0.657197 0.935646 0.5 
n 674 0 0.464193 0.970965 0.5 
n 675 0 0.699456 0.927912 0.5 
n 676 0 0.19632 0.659905 0.5 
n 677 0 0.2134 0.602483 0.5 
n 678 0 0.201165 0.643617 0.5 
n 679 0 0.19975 0.648376 0.5 
n 680 0 0.257955 0.452688 0.5 
n 681 0 0.227974 0.553485 0.5 
n 682 0 0.255203 0.461939 0.5 
n 683 0 0.196999 0.657622 0.5 
n 684 0 0.327519 0.218814 0.5 
n 685 0 0.269064 0.41534 0.5 
n 686 0 0.197318 0.656549 0.5 
n 687 0 0.2489 0.48313 0.5 
n 688 0 0.444432 0.736814 0.5 
n 689 0 0.390103 0.619752 0.5 
n 690 0 0.432855 0.711868 0.5 
n 691 0 0.49699 0.85006 0.5 
n 692 0 0.397241 0.635132 0.5 
n 693 0 0.401713 0.644767 0.5 
n 694 0 0.516843 0.892836 0.5 
n 695 0 0.509113 0.876182 0.5 
n 696 0 0.397092 0.63481 0.5 
n 697 0 0.509607 0.877245 0.5 
n 698 0 0.60563 0.740991 0.5 
n 699 0 0.586214 0.757044 0.5 
n 700 0 0.80363 0.577285 0.5 
n 701 0 0.597559 0.747664 0.5 
n 702 0 0.837413 0.549353 0.5 
n 703 0 0.552278 0.785102 0.5 
n 704 0 0.734563 0.634389 0.5 
n 705 0 0.918805 0.071131 0.5 
n 706 0 0.885979 0.151333 0.5 
n 707 0 0.847554 0.245217 0.5 
n 708 0 0.473786 0.666826 0.5 
n 709 0 0.452471 0.717647 0.5 
n 710 0 0.510112 0.580214 0.5 
n 711 0 0.406017 0.828406 0.5 
n 712 0 0.3408 0.983903 0.5 
n 713 0 0.468353 0.679779 0.5 
n 714 0 0.398023 0.847466 0.5 
n 715 0 0.40268 0.626827 0.5 
n 716 0 0.580013 0.726581 0.5 
n 717 0 0.403825 0.627471 0.5 
n 718 0 0.121833 0.59 0.5 
n 719 0 0.0535532 0.52592 0.5 
n 720 0 0.209988 0.672732 0.5 
n 721 0 0.310708 0.767255 0.5 
n 722 0 0.0683922 0.539846 0.5 
n 723 0 0.192418 0.656242 0.5 
n 724 0 0.291839 0.749547 0.5 
n 725 0 0.19964 0.66302 0.5 
n 726 0 0.0528816 0.52529 0.5 
n 727 0 0.110255 0.579134 0.5 
n 728 0 0.176099 0.597398 0.5 
n 729 0 0.0652476 0.582286 0.5 
n 730 0 0.0990496 0.586894 0.5 
n 731 0 0.354333 0.377377 0.5 
n 732 0 0.355884 0.419951 0.5 
n 733 0 0.348674 0.222047 0.5 
n 734 0 0.35806 0.479673 0.5 
n 735 0 0.353152 0.344978 0.5 
n 736 0 0.757402 0.912043 0.5 
n 737 0 0.732304 0.958554 0.5 
n 738 0 0.810311 0.813992 0.5 
n 739 0 0.742622 0.939433 0.5 
n 740 0 0.793164 0.845769 0.5 
n 741 0 0.360871 0.690663 0.5 
n 742 0 0.568104 0.75171 0.5 
n 743 0 0.34905 0.687181 0.5 
n 744 0 0.767098 0.101819 0.5 
n 745 0 0.68101 0.119233 0.5 
n 746 0 0.690449 0.117323 0.5 
n 747 0 0.141752 0.190423 0.5 
n 748 0 0.112396 0.302088 0.5 
n 749 0 0.0945359 0.370027 0.5 
n 750 0 0.0532602 0.527035 0.5 
n 751 0 0.139589 0.198652 0.5 
n 752 0 0.167634 0.091972 0.5 
n 753 0 0.517884 0.450927 0.5 
n 754 0 0.531469 0.224933 0.5 
n 755 0 0.514525 0.506795 0.5 
n 756 0 0.515624 0.488518 0.5 
n 757 0 0.52849 0.274497 0.5 
n 758 0 0.747348 0.164149 0.5 
n 759 0 0.781771 0.0555092 0.5 
n 760 0 0.729766 0.219641 0.5 
n 761 0 0.739225 0.189787 0.5 
n 762 0 0.470985 0.956634 0.5 
n 763 0 0.786345 0.918932 0.5 
n 764 0 0.519009 0.855301 0.5 
n 765 0 0.684319 0.121473 0.5 
n 766 0 0.301019 0.889273 0.5 
n 767 0 0.204598 0.65991 0.5 
n 768 0 0.257854 0.786594 0.5 
n 769 0 0.168769 0.522379 0.5 
n 770 0 0.235716 0.470066 0.5 
n 771 0 0.288121 0.429116 0.5 
n 772 0 0.153476 0.53433 0.5 
n 773 0 0.44097 0.309678 0.5 
n 774 0 -0.074048 0.673853 0.5 
n 775 0 0.107771 0.778281 0.5 
n 776 0 -0.0480749 0.68877 0.5 
n 777 0 0.912074 0.698215 0.5 
n 778 0 0.915892 0.713722 0.5 
n 779 0 0.393691 0.640552 0.5 
n 780 0 0.39835 0.633438 0.5 
n 781 0 0.500057 0.478146 0.5 
n 782 0 0.948113 0.634949 0.5 
n 783 0 0.999838 0.655593 0.5 
n 784 0 0.575511 0.73608 0.5 
n 785 0 0.392431 0.63989 0.5 
n 786 0 0.182102 0.529384 0.5 
n 787 0 0.304872 0.441225 0.5 
n 788 0 0.144125 0.508263 0.5 
n 789 0 0.0570647 0.54457 0.5 
n 790 0 0.649538 0.145015 0.5 
n 791 0 0.759116 0.966732 0.5 
n 792 0 0.503193 0.888673 0.5 
n 793 0 0.830544 0.84134 0.5 
n 794 0 0.770438 0.946856 0.5 
n 795 0 0.816442 0.866096 0.5 
n 796 0 0.895 0.728188 0.5 
n 797 0 1.19779 0.657859 0.5 
n 798 0 1.07353 0.620445 0.5 
n 799 0 1.05755 0.615633 0.5 
n 800 0 0.908026 0.946069 0.5 
n 801 0 0.508721 0.877009 0.5 
n 802 0 0.525348 0.494997 0.5 
n 803 0 0.247872 0.797475 0.5 
n 804 0 0.166997 0.194281 0.5 
n 805 0 0.22056 0.202467 0.5 
n 806 0 0.71021 0.20145 0.5 
n 807 0 7.88569e-05 0.220897 0.5 
n 808 0 0.15775 0.546247 0.5 
n 809 0 0.0705318 0.606641 0.5 
n 810 0 0.213117 0.186927 0.5 
