b 856 100 1.000000 1.000000 0.000000 1 0 0
f 0 0.010000 0 211 200 208 213 201 212 214 209 206 204 203 205 210 202 207 1 
f 1 0.010000 2 227 215 225 226 223 217 222 220 216 228 219 218 221 224 3 
f 2 0.010000 4 230 232 231 234 233 229 235 5 
f 3 0.010000 6 240 239 246 244 242 238 237 247 241 236 243 245 7 
f 4 0.010000 8 255 229 251 248 249 250 254 252 215 253 9 
f 5 0.010000 10 269 265 267 263 271 257 264 260 262 256 270 259 261 258 266 268 272 11 
f 6 0.010000 12 216 276 283 279 278 280 200 273 277 282 275 274 256 281 13 
f 7 0.010000 14 273 288 285 299 257 289 291 286 290 287 300 293 297 284 298 295 292 294 296 15 
f 8 0.010000 16 248 302 303 304 301 230 17 
f 9 0.010000 18 311 317 309 312 306 305 319 318 320 307 308 310 315 316 284 313 314 321 19 
f 10 0.010000 20 327 324 323 258 326 328 329 322 231 325 21 
f 11 0.010000 22 259 338 274 330 333 339 285 332 336 337 334 331 335 23 
f 12 0.010000 24 286 342 346 347 348 349 322 232 301 345 343 341 344 340 25 
f 13 0.010000 26 351 354 350 353 355 352 356 27 
f 14 0.010000 28 367 363 358 366 360 362 359 365 364 323 357 361 368 275 330 260 29 
f 15 0.010000 30 236 372 217 373 374 376 369 370 378 371 375 305 377 31 
f 16 0.010000 32 383 218 379 237 387 381 386 340 384 380 382 302 385 33 
f 17 0.010000 34 392 233 391 303 389 388 341 390 35 
f 18 0.010000 36 398 395 393 394 396 397 37 
f 19 0.010000 38 412 402 405 410 408 403 414 415 404 399 400 411 409 407 406 413 416 401 39 
f 20 0.010000 40 421 369 418 331 419 422 417 276 420 219 379 238 41 
f 21 0.010000 42 430 261 357 324 432 423 399 429 425 424 431 426 428 427 43 
f 22 0.010000 44 436 437 440 442 434 444 445 433 441 443 438 306 439 435 446 370 45 
f 23 0.010000 46 350 453 457 455 448 451 458 454 460 433 461 459 447 450 449 462 456 452 47 
f 24 0.010000 48 467 468 470 201 466 472 471 239 469 464 463 465 49 
f 25 0.010000 50 477 463 473 481 240 484 483 479 475 476 474 482 480 202 478 51 
f 26 0.010000 52 262 487 342 486 287 485 497 494 307 492 490 447 496 495 434 491 493 488 489 53 
f 27 0.010000 54 464 473 501 506 503 499 504 500 393 498 505 502 55 
f 28 0.010000 56 513 520 519 511 514 474 515 508 203 507 510 509 517 512 516 400 423 518 57 
f 29 0.010000 58 524 529 528 401 277 288 332 263 523 530 521 522 485 531 527 308 525 526 59 
f 30 0.010000 60 542 537 538 541 539 402 536 534 535 533 540 532 61 
f 31 0.010000 62 549 545 475 546 204 507 543 544 548 424 547 63 
f 32 0.010000 64 551 532 550 557 558 553 555 554 560 552 498 394 556 559 65 
f 33 0.010000 66 564 448 566 563 309 435 371 569 567 565 561 568 521 562 289 264 333 67 
f 34 0.010000 68 572 571 249 570 380 388 343 69 
f 35 0.010000 70 578 574 220 241 381 573 577 579 576 575 71 
f 36 0.010000 72 389 382 570 250 582 580 581 351 583 73 
f 37 0.010000 74 595 590 589 584 596 592 593 358 586 587 594 403 591 588 585 75 
f 38 0.010000 76 205 508 601 476 597 603 599 499 602 598 600 77 
f 39 0.010000 78 610 609 605 486 290 522 608 561 265 606 607 604 79 
f 40 0.010000 80 509 619 612 425 616 404 359 613 611 620 622 584 621 614 617 615 618 81 
f 41 0.010000 82 628 626 585 627 630 631 426 624 543 510 206 629 625 632 623 83 
f 42 0.010000 84 639 266 633 638 642 611 360 643 586 644 637 405 636 634 635 533 641 550 640 85 
f 43 0.010000 86 646 645 207 647 511 597 87 
f 44 0.010000 88 465 477 242 221 383 652 648 651 278 650 334 649 604 89 
f 45 0.010000 90 573 390 344 384 653 91 
f 46 0.010000 92 243 372 222 574 417 658 279 656 648 654 657 466 623 659 655 93 
f 47 0.010000 94 661 487 291 562 664 523 267 662 663 649 418 660 373 223 95 
f 48 0.010000 96 244 224 670 654 208 666 669 524 406 668 665 667 361 97 
f 49 0.010000 98 251 385 391 671 325 304 345 99 
f 50 0.010000 100 673 580 252 225 672 374 660 335 419 650 101 
f 51 0.010000 102 681 676 678 488 674 436 680 675 292 677 679 682 234 671 103 
f 52 0.010000 104 692 293 687 310 525 685 449 691 683 689 686 684 437 674 489 688 690 105 
f 53 0.010000 106 665 697 407 694 467 699 512 612 696 544 624 695 478 645 693 698 107 
f 54 0.010000 108 706 703 294 675 701 705 683 711 450 490 708 710 702 709 438 700 563 707 311 352 704 109 
f 55 0.010000 110 551 712 718 713 714 715 408 721 587 720 362 613 719 716 633 268 575 717 722 111 
f 56 0.010000 112 725 728 552 395 723 598 727 726 729 724 113 
f 57 0.010000 114 534 634 730 734 712 731 733 646 693 735 732 115 
f 58 0.010000 116 740 737 738 736 451 739 700 312 439 375 741 117 
f 59 0.010000 118 409 694 468 747 209 744 625 655 479 545 746 599 745 743 742 119 
f 60 0.010000 120 748 751 723 500 750 749 742 513 752 121 
f 61 0.010000 122 756 758 676 491 754 440 684 757 701 452 295 755 313 753 759 123 
f 62 0.010000 124 761 553 764 535 635 730 713 765 760 626 763 766 427 695 210 480 762 514 125 
f 63 0.010000 126 554 768 770 536 636 714 767 771 588 627 769 772 428 127 
f 64 0.010000 128 453 353 773 253 672 226 245 386 129 
f 65 0.010000 130 731 628 760 776 767 715 410 637 778 363 780 614 777 774 775 779 131 
f 66 0.010000 132 376 783 782 773 227 581 673 781 571 133 
f 67 0.010000 134 761 555 768 748 786 600 785 784 787 724 501 481 469 246 135 
f 68 0.010000 136 354 789 788 736 790 454 792 441 702 793 791 492 685 137 
f 69 0.010000 138 725 502 795 396 556 794 749 743 796 139 
f 70 0.010000 140 296 703 677 797 314 753 798 605 346 661 141 
f 71 0.010000 142 503 726 784 803 804 537 800 615 799 802 774 589 805 638 716 364 801 143 
f 72 0.010000 144 211 280 651 656 806 420 228 247 387 145 
f 73 0.010000 146 732 809 647 762 482 515 601 546 629 744 810 212 470 808 666 807 147 
f 74 0.010000 148 653 254 582 781 572 149 
f 75 0.010000 150 812 737 811 788 564 455 355 704 782 151 
f 76 0.010000 152 667 814 411 816 516 429 616 547 813 815 630 769 763 733 153 
f 77 0.010000 154 297 817 315 526 821 456 705 819 686 442 754 493 678 820 818 155 
f 78 0.010000 156 706 679 797 755 298 316 817 687 527 494 823 822 565 269 606 662 336 157 
f 79 0.010000 158 430 326 639 717 576 826 590 775 825 799 617 824 538 159 
f 80 0.010000 160 688 828 818 756 827 829 738 811 789 457 161 
f 81 0.010000 162 783 356 317 707 566 739 458 790 830 827 163 
f 82 0.010000 164 680 757 819 689 495 833 459 708 791 832 318 831 834 567 607 663 337 165 
f 83 0.010000 166 838 836 618 800 824 837 539 412 770 764 835 557 640 167 
f 84 0.010000 168 517 619 696 548 431 813 839 591 771 776 765 718 734 540 641 835 558 169 
f 85 0.010000 170 690 828 820 758 681 840 460 792 443 709 377 319 831 841 171 
f 86 0.010000 172 807 528 843 413 668 697 814 327 432 518 801 365 719 642 620 592 842 173 
f 87 0.010000 174 766 772 631 815 839 414 844 720 643 366 593 842 846 621 777 802 825 836 845 175 
f 88 0.010000 176 803 785 727 602 504 750 794 559 397 177 
f 89 0.010000 178 415 844 594 721 644 778 367 837 541 786 751 398 560 728 505 795 179 
f 90 0.010000 180 471 848 657 213 808 669 529 843 416 847 368 338 270 281 181 
f 91 0.010000 182 847 282 339 299 271 664 530 568 608 822 850 320 832 793 710 461 849 444 183 
f 92 0.010000 184 583 740 812 829 830 840 445 849 833 496 711 691 462 821 185 
f 93 0.010000 186 698 735 809 519 851 796 745 187 
f 94 0.010000 188 347 609 852 853 321 682 392 255 235 189 
f 95 0.010000 190 804 542 845 838 779 595 577 854 328 348 610 852 191 
f 96 0.010000 192 421 446 378 569 741 834 841 850 823 497 531 300 692 798 759 853 193 
f 97 0.010000 194 752 520 851 603 746 549 483 855 472 848 670 652 806 283 658 422 578 195 
f 98 0.010000 196 349 329 854 722 579 826 272 805 622 596 846 780 197 
f 99 0.010000 198 816 699 747 214 810 632 659 855 484 506 729 787 199 
n 0 1 0.839841 0.509670 0.000000
n 1 1 0.988631 0.033501 0.000000
n 2 1 0.734151 0.839460 0.000000
n 3 1 0.693293 0.338686 0.000000
n 4 1 0.404258 0.549856 0.000000
n 5 2 0.398234 1.000000 0.000000
n 6 1 0.685945 0.254060 0.000000
n 7 1 0.700821 0.757299 0.000000
n 8 1 0.330413 0.952617 0.000000
n 9 1 0.779265 0.731178 0.000000
n 10 1 -0.046943 0.614896 0.000000
n 11 1 0.344343 0.311029 0.000000
n 12 1 0.701416 0.465040 0.000000
n 13 1 1.200127 0.442947 0.000000
n 14 1 0.971107 0.417248 0.000000
n 15 1 0.251284 0.835202 0.000000
n 16 2 0.557556 1.000000 0.000000
n 17 1 0.394892 0.551687 0.000000
n 18 1 -0.166673 0.784141 0.000000
n 19 1 0.329102 0.732003 0.000000
n 20 1 0.094704 0.272798 0.000000
n 21 1 0.426560 0.662012 0.000000
n 22 1 0.198494 0.421885 0.000000
n 23 1 0.742885 0.612695 0.000000
n 24 1 0.071391 0.571339 0.000000
n 25 1 0.570201 0.617343 0.000000
n 26 2 0.700685 1.000000 0.000000
n 27 1 0.868092 0.703477 0.000000
n 28 1 0.336431 0.085608 0.000000
n 29 1 0.101817 0.515765 0.000000
n 30 1 0.616658 0.562612 0.000000
n 31 1 1.075985 0.772351 0.000000
n 32 1 0.711586 0.380128 0.000000
n 33 1 0.421296 0.780496 0.000000
n 34 1 0.316037 0.974312 0.000000
n 35 1 0.567876 0.545500 0.000000
n 36 1 0.469003 0.030003 0.000000
n 37 2 0.741064 0.000000 0.000000
n 38 1 0.316799 0.047613 0.000000
n 39 1 -0.038995 0.392551 0.000000
n 40 1 0.924494 0.726831 0.000000
n 41 1 0.633862 0.315358 0.000000
n 42 1 0.232978 0.499329 0.000000
n 43 1 0.030954 0.040112 0.000000
n 44 1 0.292311 0.983528 0.000000
n 45 1 0.896500 0.674784 0.000000
n 46 1 0.686409 0.889984 0.000000
n 47 1 1.175445 0.796201 0.000000
n 48 1 1.044212 0.264306 0.000000
n 49 1 0.552357 0.332655 0.000000
n 50 1 0.617593 0.319276 0.000000
n 51 1 1.034187 0.052178 0.000000
n 52 1 0.137060 0.462367 0.000000
n 53 1 0.114643 0.961198 0.000000
n 54 1 0.636704 0.318377 0.000000
n 55 2 0.543281 0.000000 0.000000
n 56 1 0.755085 0.043733 0.000000
n 57 1 1.192837 0.294761 0.000000
n 58 1 -0.064380 0.327523 0.000000
n 59 1 0.169043 0.772299 0.000000
n 60 1 0.595239 0.363868 0.000000
n 61 2 0.260650 0.000000 0.000000
n 62 1 0.623312 0.191206 0.000000
n 63 1 1.120873 0.142950 0.000000
n 64 2 0.171376 0.000000 0.000000
n 65 1 0.614691 0.024854 0.000000
n 66 1 0.867814 0.876553 0.000000
n 67 1 1.112417 0.447926 0.000000
n 68 2 0.639765 1.000000 0.000000
n 69 1 0.438648 0.593005 0.000000
n 70 1 0.778551 0.536433 0.000000
n 71 1 0.309818 0.354542 0.000000
n 72 1 0.452547 0.688802 0.000000
n 73 2 0.734523 1.000000 0.000000
n 74 1 0.549160 0.376206 0.000000
n 75 1 0.167756 0.051572 0.000000
n 76 1 0.954410 0.150555 0.000000
n 77 1 0.455405 0.110479 0.000000
n 78 1 0.390476 0.648938 0.000000
n 79 1 -0.107643 0.592565 0.000000
n 80 1 0.956105 0.176513 0.000000
n 81 1 0.456683 0.227777 0.000000
n 82 1 1.204092 0.037507 0.000000
n 83 1 0.770436 0.276309 0.000000
n 84 1 0.298182 0.416758 0.000000
n 85 2 0.276356 0.000000 0.000000
n 86 2 0.105403 0.000000 0.000000
n 87 1 0.790629 0.146755 0.000000
n 88 1 0.563035 0.268657 0.000000
n 89 1 -0.063823 0.615753 0.000000
n 90 1 0.456214 0.333269 0.000000
n 91 1 0.607615 0.810480 0.000000
n 92 1 0.690017 0.656424 0.000000
n 93 1 0.844539 0.186511 0.000000
n 94 1 1.201658 0.518494 0.000000
n 95 1 0.714407 0.622166 0.000000
n 96 1 0.681068 0.340536 0.000000
n 97 1 0.180837 0.382646 0.000000
n 98 2 0.491804 1.000000 0.000000
n 99 1 0.402654 0.540624 0.000000
n 100 1 0.653961 0.926315 0.000000
n 101 1 0.825754 0.463277 0.000000
n 102 1 0.020325 0.951783 0.000000
n 103 1 0.433152 0.680990 0.000000
n 104 1 0.192146 0.638046 0.000000
n 105 2 0.088513 1.000000 0.000000
n 106 1 1.036530 0.378973 0.000000
n 107 2 0.986049 0.000000 0.000000
n 108 1 0.309327 0.821458 0.000000
n 109 1 -0.186268 0.773993 0.000000
n 110 2 0.239810 0.000000 0.000000
n 111 1 0.330766 0.478650 0.000000
n 112 2 0.540105 0.000000 0.000000
n 113 1 0.614584 0.277377 0.000000
n 114 1 0.289023 0.022507 0.000000
n 115 1 -0.211068 0.024153 0.000000
n 116 2 0.841438 1.000000 0.000000
n 117 1 0.965466 0.715033 0.000000
n 118 1 0.042882 0.325532 0.000000
n 119 1 0.626507 0.038271 0.000000
n 120 1 0.390197 0.060650 0.000000
n 121 1 0.889601 0.044176 0.000000
n 122 2 0.012453 1.000000 0.000000
n 123 1 0.259480 0.689323 0.000000
n 124 1 0.349630 0.003418 0.000000
n 125 1 0.868975 0.129251 0.000000
n 126 1 0.517669 0.004448 0.000000
n 127 1 0.028401 0.097842 0.000000
n 128 1 0.835505 0.893298 0.000000
n 129 1 0.551782 0.480155 0.000000
n 130 2 0.151977 0.000000 0.000000
n 131 1 0.473212 0.276599 0.000000
n 132 1 0.847320 0.644719 0.000000
n 133 2 0.598723 1.000000 0.000000
n 134 2 0.334614 0.000000 0.000000
n 135 1 0.698515 0.313509 0.000000
n 136 1 0.698502 0.949256 0.000000
n 137 1 0.162188 0.770299 0.000000
n 138 2 0.537365 0.000000 0.000000
n 139 1 0.771702 0.117611 0.000000
n 140 1 0.280299 0.969860 0.000000
n 141 1 1.156604 0.485815 0.000000
n 142 1 0.716420 0.231917 0.000000
n 143 1 0.218091 0.241321 0.000000
n 144 1 0.974602 0.502439 0.000000
n 145 1 0.488167 0.385907 0.000000
n 146 2 0.906060 0.000000 0.000000
n 147 1 0.920128 0.428179 0.000000
n 148 1 0.588968 0.742991 0.000000
n 149 2 0.629620 1.000000 0.000000
n 150 2 0.940212 1.000000 0.000000
n 151 1 0.764646 0.649337 0.000000
n 152 1 1.072034 0.395196 0.000000
n 153 2 0.137351 0.000000 0.000000
n 154 1 0.189338 0.716268 0.000000
n 155 2 0.059561 1.000000 0.000000
n 156 1 0.305551 0.822950 0.000000
n 157 1 0.882062 0.550620 0.000000
n 158 1 0.175134 0.546983 0.000000
n 159 1 0.487622 0.160132 0.000000
n 160 2 1.126930 1.000000 0.000000
n 161 1 0.816541 0.859698 0.000000
n 162 1 0.836048 0.668280 0.000000
n 163 2 0.965585 1.000000 0.000000
n 164 1 0.190836 0.893018 0.000000
n 165 1 0.849868 0.522778 0.000000
n 166 1 0.562778 0.385175 0.000000
n 167 2 0.272548 0.000000 0.000000
n 168 1 0.968489 0.204953 0.000000
n 169 2 0.292287 0.000000 0.000000
n 170 2 0.088570 1.000000 0.000000
n 171 1 0.033959 0.646724 0.000000
n 172 1 0.895951 0.411625 0.000000
n 173 1 0.339374 0.184923 0.000000
n 174 1 0.072726 0.060855 0.000000
n 175 1 0.523651 0.279948 0.000000
n 176 1 0.540778 0.244825 0.000000
n 177 2 0.610485 0.000000 0.000000
n 178 1 0.145748 0.176676 0.000000
n 179 2 0.568655 0.000000 0.000000
n 180 1 0.725896 0.285990 0.000000
n 181 1 1.204740 0.452173 0.000000
n 182 1 1.024253 0.385576 0.000000
n 183 1 0.105619 0.878273 0.000000
n 184 1 0.717062 0.988345 0.000000
n 185 1 0.170295 0.790963 0.000000
n 186 2 1.052700 0.000000 0.000000
n 187 1 0.644754 0.128182 0.000000
n 188 1 0.220378 0.579023 0.000000
n 189 2 0.408673 1.000000 0.000000
n 190 1 0.490440 0.217861 0.000000
n 191 1 0.247214 0.652611 0.000000
n 192 1 0.898026 0.717165 0.000000
n 193 1 0.397565 0.711734 0.000000
n 194 1 0.799805 0.044729 0.000000
n 195 1 0.741707 0.539154 0.000000
n 196 1 0.320806 0.628745 0.000000
n 197 1 0.345367 0.127027 0.000000
n 198 1 0.099276 0.253229 0.000000
n 199 1 0.600561 0.231683 0.000000
n 200 0 0.855880 0.464450 0.000000
n 201 0 0.909418 0.278221 0.000000
n 202 0 0.970278 0.091281 0.000000
n 203 0 0.948616 0.156746 0.000000
n 204 0 0.948179 0.158084 0.000000
n 205 0 0.950723 0.150280 0.000000
n 206 0 0.939641 0.184027 0.000000
n 207 0 0.981233 0.056793 0.000000
n 208 0 0.884432 0.361743 0.000000
n 209 0 0.920437 0.241570 0.000000
n 210 0 0.966435 0.102787 0.000000
n 211 0 0.853257 0.471846 0.000000
n 212 0 0.915456 0.257837 0.000000
n 213 0 0.889256 0.345834 0.000000
n 214 0 0.919196 0.245549 0.000000
n 215 0 0.727978 0.758170 0.000000
n 216 0 0.703479 0.465008 0.000000
n 217 0 0.714028 0.607608 0.000000
n 218 0 0.701496 0.395974 0.000000
n 219 0 0.702639 0.416244 0.000000
n 220 0 0.704698 0.507950 0.000000
n 221 0 0.700123 0.382194 0.000000
n 222 0 0.712171 0.587743 0.000000
n 223 0 0.715096 0.622004 0.000000
n 224 0 0.693846 0.342208 0.000000
n 225 0 0.726681 0.739784 0.000000
n 226 0 0.725840 0.728588 0.000000
n 227 0 0.732683 0.820127 0.000000
n 228 0 0.703085 0.435875 0.000000
n 229 0 0.393207 0.916001 0.000000
n 230 0 0.401819 0.576522 0.000000
n 231 0 0.398355 0.626945 0.000000
n 232 0 0.399712 0.599564 0.000000
n 233 0 0.386205 0.830438 0.000000
n 234 0 0.402298 0.702070 0.000000
n 235 0 0.397524 0.976944 0.000000
n 236 0 0.693902 0.598422 0.000000
n 237 0 0.694433 0.406739 0.000000
n 238 0 0.694447 0.404148 0.000000
n 239 0 0.686993 0.299574 0.000000
n 240 0 0.686275 0.268359 0.000000
n 241 0 0.690741 0.502695 0.000000
n 242 0 0.693335 0.375989 0.000000
n 243 0 0.694178 0.643796 0.000000
n 244 0 0.689928 0.341695 0.000000
n 245 0 0.696891 0.690153 0.000000
n 246 0 0.687108 0.304241 0.000000
n 247 0 0.693511 0.433751 0.000000
n 248 0 0.504377 0.864139 0.000000
n 249 0 0.560305 0.838848 0.000000
n 250 0 0.579950 0.828907 0.000000
n 251 0 0.464597 0.882187 0.000000
n 252 0 0.718117 0.763119 0.000000
n 253 0 0.742071 0.750753 0.000000
n 254 0 0.601623 0.817604 0.000000
n 255 0 0.371099 0.928893 0.000000
n 256 0 0.160168 0.446154 0.000000
n 257 0 0.054005 0.534009 0.000000
n 258 0 0.217880 0.405688 0.000000
n 259 0 0.185960 0.426931 0.000000
n 260 0 0.118399 0.482492 0.000000
n 261 0 0.201018 0.417070 0.000000
n 262 0 0.137040 0.465664 0.000000
n 263 0 0.048830 0.538365 0.000000
n 264 0 0.076907 0.514573 0.000000
n 265 0 -0.032247 0.603570 0.000000
n 266 0 0.297397 0.347043 0.000000
n 267 0 0.029368 0.554755 0.000000
n 268 0 0.309993 0.337065 0.000000
n 269 0 -0.034373 0.605208 0.000000
n 270 0 0.166870 0.440770 0.000000
n 271 0 0.052745 0.535070 0.000000
n 272 0 0.342687 0.312285 0.000000
n 273 0 1.000134 0.457493 0.000000
n 274 0 1.136132 0.448439 0.000000
n 275 0 1.135349 0.448498 0.000000
n 276 0 0.733904 0.464544 0.000000
n 277 0 1.004316 0.457135 0.000000
n 278 0 0.778596 0.464001 0.000000
n 279 0 0.753567 0.464339 0.000000
n 280 0 0.822975 0.464212 0.000000
n 281 0 1.179576 0.444596 0.000000
n 282 0 1.037814 0.454325 0.000000
n 283 0 0.753128 0.464343 0.000000
n 284 0 0.191177 0.739362 0.000000
n 285 0 0.028333 0.496806 0.000000
n 286 0 0.080690 0.571836 0.000000
n 287 0 0.131921 0.649065 0.000000
n 288 0 0.020218 0.485338 0.000000
n 289 0 0.061149 0.544101 0.000000
n 290 0 0.107953 0.613741 0.000000
n 291 0 0.062556 0.546088 0.000000
n 292 0 0.231963 0.805396 0.000000
n 293 0 0.171172 0.707680 0.000000
n 294 0 0.238170 0.814970 0.000000
n 295 0 0.202078 0.757191 0.000000
n 296 0 0.242879 0.822235 0.000000
n 297 0 0.183859 0.727590 0.000000
n 298 0 0.199266 0.752598 0.000000
n 299 0 0.052029 0.531193 0.000000
n 300 0 0.166210 0.699958 0.000000
n 301 0 0.408667 0.601072 0.000000
n 302 0 0.455422 0.742753 0.000000
n 303 0 0.452051 0.732592 0.000000
n 304 0 0.413864 0.617792 0.000000
n 305 0 0.045405 0.758194 0.000000
n 306 0 0.007698 0.762892 0.000000
n 307 0 0.127152 0.747649 0.000000
n 308 0 0.155206 0.743846 0.000000
n 309 0 -0.071434 0.773293 0.000000
n 310 0 0.160518 0.743139 0.000000
n 311 0 -0.128817 0.779653 0.000000
n 312 0 -0.058737 0.771716 0.000000
n 313 0 0.219470 0.736560 0.000000
n 314 0 0.222707 0.736274 0.000000
n 315 0 0.177387 0.740975 0.000000
n 316 0 0.181445 0.740486 0.000000
n 317 0 -0.122255 0.778875 0.000000
n 318 0 0.067357 0.755427 0.000000
n 319 0 0.050484 0.757562 0.000000
n 320 0 0.087698 0.752898 0.000000
n 321 0 0.291948 0.733494 0.000000
n 322 0 0.375222 0.596100 0.000000
n 323 0 0.182627 0.366891 0.000000
n 324 0 0.170669 0.353042 0.000000
n 325 0 0.420819 0.654873 0.000000
n 326 0 0.259500 0.458034 0.000000
n 327 0 0.121615 0.301224 0.000000
n 328 0 0.317623 0.528473 0.000000
n 329 0 0.324778 0.536590 0.000000
n 330 0 1.135149 0.448878 0.000000
n 331 0 0.818874 0.581461 0.000000
n 332 0 1.026919 0.497459 0.000000
n 333 0 1.106029 0.459916 0.000000
n 334 0 0.877542 0.559742 0.000000
n 335 0 0.771662 0.600867 0.000000
n 336 0 0.890623 0.556144 0.000000
n 337 0 0.883167 0.558183 0.000000
n 338 0 1.158128 0.438134 0.000000
n 339 0 1.044545 0.489265 0.000000
n 340 0 0.549446 0.615340 0.000000
n 341 0 0.525446 0.613102 0.000000
n 342 0 0.135115 0.574747 0.000000
n 343 0 0.447126 0.609936 0.000000
n 344 0 0.547471 0.615149 0.000000
n 345 0 0.411511 0.601595 0.000000
n 346 0 0.180916 0.579325 0.000000
n 347 0 0.224123 0.587661 0.000000
n 348 0 0.283575 0.591296 0.000000
n 349 0 0.322375 0.592339 0.000000
n 350 0 0.767288 0.878152 0.000000
n 351 0 0.713596 0.976872 0.000000
n 352 0 0.828250 0.775276 0.000000
n 353 0 0.797316 0.831725 0.000000
n 354 0 0.732553 0.937015 0.000000
n 355 0 0.826389 0.778686 0.000000
n 356 0 0.857019 0.723432 0.000000
n 357 0 0.178947 0.371971 0.000000
n 358 0 0.295179 0.159962 0.000000
n 359 0 0.266852 0.212317 0.000000
n 360 0 0.282749 0.183212 0.000000
n 361 0 0.171195 0.382321 0.000000
n 362 0 0.275764 0.196173 0.000000
n 363 0 0.308012 0.136625 0.000000
n 364 0 0.252083 0.239119 0.000000
n 365 0 0.257340 0.229544 0.000000
n 366 0 0.290882 0.167924 0.000000
n 367 0 0.331606 0.094270 0.000000
n 368 0 0.142909 0.433696 0.000000
n 369 0 0.899253 0.686003 0.000000
n 370 0 0.935389 0.706703 0.000000
n 371 0 0.959736 0.718892 0.000000
n 372 0 0.707112 0.604546 0.000000
n 373 0 0.735760 0.617127 0.000000
n 374 0 0.763800 0.628298 0.000000
n 375 0 0.962998 0.720465 0.000000
n 376 0 0.840264 0.660113 0.000000
n 377 0 1.050961 0.760766 0.000000
n 378 0 0.957282 0.717700 0.000000
n 379 0 0.695318 0.405425 0.000000
n 380 0 0.491476 0.700259 0.000000
n 381 0 0.639057 0.481682 0.000000
n 382 0 0.477501 0.718834 0.000000
n 383 0 0.706528 0.388071 0.000000
n 384 0 0.548013 0.617247 0.000000
n 385 0 0.435707 0.764558 0.000000
n 386 0 0.601172 0.551631 0.000000
n 387 0 0.677425 0.430003 0.000000
n 388 0 0.485214 0.685998 0.000000
n 389 0 0.470186 0.710031 0.000000
n 390 0 0.540836 0.588581 0.000000
n 391 0 0.434604 0.755944 0.000000
n 392 0 0.352951 0.898623 0.000000
n 393 0 0.549645 0.021523 0.000000
n 394 0 0.551997 0.021267 0.000000
n 395 0 0.546109 0.021907 0.000000
n 396 0 0.575250 0.018693 0.000000
n 397 0 0.606134 0.015223 0.000000
n 398 0 0.505020 0.026221 0.000000
n 399 0 0.115403 0.240584 0.000000
n 400 0 0.105470 0.250019 0.000000
n 401 0 -0.035714 0.389559 0.000000
n 402 0 0.311055 0.053055 0.000000
n 403 0 0.243638 0.117555 0.000000
n 404 0 0.157355 0.202092 0.000000
n 405 0 0.278602 0.083950 0.000000
n 406 0 -0.017860 0.373019 0.000000
n 407 0 0.025502 0.325236 0.000000
n 408 0 0.257706 0.103811 0.000000
n 409 0 0.031941 0.318485 0.000000
n 410 0 0.263111 0.098593 0.000000
n 411 0 0.090864 0.264086 0.000000
n 412 0 0.312466 0.051719 0.000000
n 413 0 -0.019603 0.374694 0.000000
n 414 0 0.224292 0.136581 0.000000
n 415 0 0.213432 0.147100 0.000000
n 416 0 -0.025663 0.380389 0.000000
n 417 0 0.746322 0.483253 0.000000
n 418 0 0.828785 0.594731 0.000000
n 419 0 0.793362 0.544159 0.000000
n 420 0 0.717470 0.439123 0.000000
n 421 0 0.918749 0.717538 0.000000
n 422 0 0.749614 0.488060 0.000000
n 423 0 0.124116 0.260666 0.000000
n 424 0 0.076458 0.147471 0.000000
n 425 0 0.096189 0.194302 0.000000
n 426 0 0.063792 0.117259 0.000000
n 427 0 0.049156 0.083449 0.000000
n 428 0 0.053141 0.092939 0.000000
n 429 0 0.101295 0.206618 0.000000
n 430 0 0.229304 0.489871 0.000000
n 431 0 0.073309 0.139941 0.000000
n 432 0 0.138868 0.290392 0.000000
n 433 0 0.077765 0.816574 0.000000
n 434 0 0.120912 0.850073 0.000000
n 435 0 -0.043383 0.724046 0.000000
n 436 0 0.141322 0.865982 0.000000
n 437 0 0.127316 0.855078 0.000000
n 438 0 0.052568 0.797492 0.000000
n 439 0 -0.039881 0.726843 0.000000
n 440 0 0.125291 0.853498 0.000000
n 441 0 0.067213 0.808599 0.000000
n 442 0 0.124620 0.852973 0.000000
n 443 0 0.057160 0.800989 0.000000
n 444 0 0.099257 0.832973 0.000000
n 445 0 0.090505 0.826249 0.000000
n 446 0 -0.050742 0.718087 0.000000
n 447 0 1.123737 0.806726 0.000000
n 448 0 0.878118 0.858660 0.000000
n 449 0 1.143040 0.802684 0.000000
n 450 0 1.133579 0.804660 0.000000
n 451 0 0.905480 0.852699 0.000000
n 452 0 1.170613 0.797160 0.000000
n 453 0 0.821218 0.870263 0.000000
n 454 0 1.013443 0.830515 0.000000
n 455 0 0.866991 0.861081 0.000000
n 456 0 1.149073 0.801437 0.000000
n 457 0 0.835630 0.867957 0.000000
n 458 0 0.906120 0.852562 0.000000
n 459 0 1.115774 0.808396 0.000000
n 460 0 1.060236 0.820583 0.000000
n 461 0 1.096361 0.812515 0.000000
n 462 0 1.144092 0.802467 0.000000
n 463 0 0.628379 0.308850 0.000000
n 464 0 0.632852 0.307526 0.000000
n 465 0 0.619253 0.311707 0.000000
n 466 0 0.809458 0.287650 0.000000
n 467 0 1.019207 0.266420 0.000000
n 468 0 0.965198 0.270985 0.000000
n 469 0 0.682114 0.300184 0.000000
n 470 0 0.916708 0.277380 0.000000
n 471 0 0.753403 0.295127 0.000000
n 472 0 0.768755 0.292970 0.000000
n 473 0 0.632120 0.305466 0.000000
n 474 0 0.906072 0.131735 0.000000
n 475 0 0.849174 0.167026 0.000000
n 476 0 0.884373 0.145197 0.000000
n 477 0 0.622695 0.314344 0.000000
n 478 0 0.995918 0.075593 0.000000
n 479 0 0.830247 0.179072 0.000000
n 480 0 0.941386 0.109281 0.000000
n 481 0 0.662394 0.284429 0.000000
n 482 0 0.910742 0.128767 0.000000
n 483 0 0.777832 0.212999 0.000000
n 484 0 0.736762 0.238374 0.000000
n 485 0 0.130178 0.693713 0.000000
n 486 0 0.132996 0.615619 0.000000
n 487 0 0.136649 0.528618 0.000000
n 488 0 0.119105 0.881188 0.000000
n 489 0 0.118944 0.884073 0.000000
n 490 0 0.123927 0.803761 0.000000
n 491 0 0.120319 0.859838 0.000000
n 492 0 0.125108 0.785180 0.000000
n 493 0 0.120155 0.862609 0.000000
n 494 0 0.129510 0.706895 0.000000
n 495 0 0.123097 0.816596 0.000000
n 496 0 0.123425 0.811584 0.000000
n 497 0 0.129697 0.703356 0.000000
n 498 0 0.549526 0.021121 0.000000
n 499 0 0.578528 0.120773 0.000000
n 500 0 0.559499 0.055004 0.000000
n 501 0 0.613891 0.242073 0.000000
n 502 0 0.544294 0.003409 0.000000
n 503 0 0.611122 0.231004 0.000000
n 504 0 0.576968 0.115379 0.000000
n 505 0 0.546078 0.009428 0.000000
n 506 0 0.611529 0.232616 0.000000
n 507 0 0.950515 0.157868 0.000000
n 508 0 0.935740 0.149161 0.000000
n 509 0 0.988343 0.180632 0.000000
n 510 0 0.968066 0.168302 0.000000
n 511 0 0.868287 0.110419 0.000000
n 512 0 1.009676 0.193345 0.000000
n 513 0 0.765027 0.049611 0.000000
n 514 0 0.890815 0.123119 0.000000
n 515 0 0.910969 0.134572 0.000000
n 516 0 1.094332 0.243569 0.000000
n 517 0 0.997934 0.186423 0.000000
n 518 0 1.159039 0.277993 0.000000
n 519 0 0.808414 0.075481 0.000000
n 520 0 0.796235 0.068063 0.000000
n 521 0 0.056571 0.552441 0.000000
n 522 0 0.087507 0.612205 0.000000
n 523 0 0.054252 0.548202 0.000000
n 524 0 -0.044660 0.370401 0.000000
n 525 0 0.158390 0.750331 0.000000
n 526 0 0.165728 0.765463 0.000000
n 527 0 0.140339 0.713789 0.000000
n 528 0 -0.038422 0.383895 0.000000
n 529 0 -0.043177 0.373627 0.000000
n 530 0 0.055679 0.550806 0.000000
n 531 0 0.134856 0.702875 0.000000
n 532 0 0.265422 0.005110 0.000000
n 533 0 0.276845 0.017293 0.000000
n 534 0 0.281887 0.022617 0.000000
n 535 0 0.280210 0.020849 0.000000
n 536 0 0.302676 0.044272 0.000000
n 537 0 0.476995 0.223722 0.000000
n 538 0 0.455358 0.199022 0.000000
n 539 0 0.323464 0.066256 0.000000
n 540 0 0.272195 0.012350 0.000000
n 541 0 0.344914 0.089511 0.000000
n 542 0 0.482471 0.230212 0.000000
n 543 0 0.994253 0.154041 0.000000
n 544 0 1.005121 0.153148 0.000000
n 545 0 0.816987 0.170459 0.000000
n 546 0 0.911890 0.161505 0.000000
n 547 0 1.112832 0.143768 0.000000
n 548 0 1.058623 0.149049 0.000000
n 549 0 0.782161 0.174190 0.000000
n 550 0 0.276511 0.005694 0.000000
n 551 0 0.240482 0.003790 0.000000
n 552 0 0.545835 0.020902 0.000000
n 553 0 0.329272 0.008558 0.000000
n 554 0 0.466688 0.014494 0.000000
n 555 0 0.346090 0.009472 0.000000
n 556 0 0.584218 0.023119 0.000000
n 557 0 0.276885 0.005714 0.000000
n 558 0 0.282477 0.006007 0.000000
n 559 0 0.603568 0.024221 0.000000
n 560 0 0.521782 0.019418 0.000000
n 561 0 1.024962 0.606706 0.000000
n 562 0 1.059666 0.546822 0.000000
n 563 0 0.921491 0.785304 0.000000
n 564 0 0.871627 0.869932 0.000000
n 565 0 1.010983 0.631804 0.000000
n 566 0 0.895989 0.827569 0.000000
n 567 0 0.988229 0.669884 0.000000
n 568 0 1.056119 0.553250 0.000000
n 569 0 0.960575 0.717501 0.000000
n 570 0 0.525942 0.772431 0.000000
n 571 0 0.623283 0.965988 0.000000
n 572 0 0.625043 0.969611 0.000000
n 573 0 0.488803 0.431594 0.000000
n 574 0 0.732985 0.518216 0.000000
n 575 0 0.313489 0.355964 0.000000
n 576 0 0.335891 0.364642 0.000000
n 577 0 0.400817 0.388651 0.000000
n 578 0 0.744250 0.522720 0.000000
n 579 0 0.338079 0.365473 0.000000
n 580 0 0.658239 0.915014 0.000000
n 581 0 0.659281 0.916171 0.000000
n 582 0 0.608662 0.859138 0.000000
n 583 0 0.721731 0.986381 0.000000
n 584 0 0.371058 0.220144 0.000000
n 585 0 0.172623 0.055825 0.000000
n 586 0 0.280741 0.148340 0.000000
n 587 0 0.263205 0.133922 0.000000
n 588 0 0.185374 0.066970 0.000000
n 589 0 0.382393 0.229038 0.000000
n 590 0 0.412338 0.253085 0.000000
n 591 0 0.185732 0.067282 0.000000
n 592 0 0.331761 0.189168 0.000000
n 593 0 0.323930 0.182883 0.000000
n 594 0 0.256243 0.128134 0.000000
n 595 0 0.449297 0.286343 0.000000
n 596 0 0.341323 0.196888 0.000000
n 597 0 0.804248 0.140383 0.000000
n 598 0 0.572635 0.120266 0.000000
n 599 0 0.767334 0.136955 0.000000
n 600 0 0.463831 0.111183 0.000000
n 601 0 0.911392 0.147329 0.000000
n 602 0 0.575473 0.120509 0.000000
n 603 0 0.786506 0.138613 0.000000
n 604 0 -0.084313 0.596386 0.000000
n 605 0 0.191960 0.622687 0.000000
n 606 0 -0.037685 0.603072 0.000000
n 607 0 -0.080089 0.597078 0.000000
n 608 0 0.065256 0.610361 0.000000
n 609 0 0.243981 0.633459 0.000000
n 610 0 0.257813 0.634920 0.000000
n 611 0 0.284472 0.214119 0.000000
n 612 0 0.008500 0.183194 0.000000
n 613 0 0.279254 0.213614 0.000000
n 614 0 0.414381 0.223010 0.000000
n 615 0 0.434824 0.225072 0.000000
n 616 0 0.103487 0.195186 0.000000
n 617 0 0.433804 0.224957 0.000000
n 618 0 0.451001 0.227074 0.000000
n 619 0 0.003965 0.182627 0.000000
n 620 0 0.286589 0.214318 0.000000
n 621 0 0.414087 0.222983 0.000000
n 622 0 0.340340 0.218492 0.000000
n 623 0 0.821933 0.248189 0.000000
n 624 0 1.004569 0.148468 0.000000
n 625 0 0.882787 0.215224 0.000000
n 626 0 1.194388 0.043064 0.000000
n 627 0 1.135623 0.076560 0.000000
n 628 0 1.198424 0.040753 0.000000
n 629 0 0.913293 0.198650 0.000000
n 630 0 1.123327 0.083556 0.000000
n 631 0 1.121460 0.084620 0.000000
n 632 0 0.834472 0.241341 0.000000
n 633 0 0.286753 0.249036 0.000000
n 634 0 0.277016 0.022693 0.000000
n 635 0 0.276985 0.021710 0.000000
n 636 0 0.277904 0.049355 0.000000
n 637 0 0.279272 0.112538 0.000000
n 638 0 0.285879 0.237602 0.000000
n 639 0 0.298112 0.410572 0.000000
n 640 0 0.276498 0.005204 0.000000
n 641 0 0.276620 0.009610 0.000000
n 642 0 0.284547 0.215411 0.000000
n 643 0 0.281558 0.163667 0.000000
n 644 0 0.279456 0.117797 0.000000
n 645 0 -0.007517 0.052018 0.000000
n 646 0 0.054097 0.023693 0.000000
n 647 0 -0.091056 0.090570 0.000000
n 648 0 0.760495 0.445433 0.000000
n 649 0 0.900371 0.581910 0.000000
n 650 0 0.813923 0.492819 0.000000
n 651 0 0.765270 0.450405 0.000000
n 652 0 0.756286 0.441037 0.000000
n 653 0 0.591618 0.758617 0.000000
n 654 0 0.789312 0.351622 0.000000
n 655 0 0.844050 0.187844 0.000000
n 656 0 0.759231 0.448989 0.000000
n 657 0 0.802154 0.311808 0.000000
n 658 0 0.752857 0.466226 0.000000
n 659 0 0.824607 0.240906 0.000000
n 660 0 0.769674 0.607709 0.000000
n 661 0 1.166523 0.523966 0.000000
n 662 0 0.924827 0.578219 0.000000
n 663 0 0.904851 0.581240 0.000000
n 664 0 1.055158 0.547970 0.000000
n 665 0 1.035476 0.373858 0.000000
n 666 0 0.921898 0.364980 0.000000
n 667 0 1.074449 0.379055 0.000000
n 668 0 0.983457 0.373108 0.000000
n 669 0 0.946141 0.369022 0.000000
n 670 0 0.763672 0.349809 0.000000
n 671 0 0.430978 0.682475 0.000000
n 672 0 0.729101 0.733020 0.000000
n 673 0 0.656151 0.920529 0.000000
n 674 0 0.119931 0.880615 0.000000
n 675 0 0.220236 0.813358 0.000000
n 676 0 0.086263 0.904416 0.000000
n 677 0 0.237625 0.801631 0.000000
n 678 0 0.108251 0.888764 0.000000
n 679 0 0.254870 0.790518 0.000000
n 680 0 0.157246 0.855152 0.000000
n 681 0 0.074079 0.913168 0.000000
n 682 0 0.305693 0.764079 0.000000
n 683 0 0.142195 0.805483 0.000000
n 684 0 0.129259 0.848462 0.000000
n 685 0 0.151507 0.774585 0.000000
n 686 0 0.133622 0.833770 0.000000
n 687 0 0.164630 0.729422 0.000000
n 688 0 0.093121 0.984045 0.000000
n 689 0 0.134802 0.829834 0.000000
n 690 0 0.088551 0.999869 0.000000
n 691 0 0.142958 0.802965 0.000000
n 692 0 0.173678 0.699360 0.000000
n 693 0 0.988888 0.023743 0.000000
n 694 0 1.023600 0.313114 0.000000
n 695 0 0.998024 0.094822 0.000000
n 696 0 1.008134 0.180011 0.000000
n 697 0 1.029617 0.345426 0.000000
n 698 0 0.988352 0.019357 0.000000
n 699 0 1.016749 0.249459 0.000000
n 700 0 -0.065234 0.786593 0.000000
n 701 0 0.162102 0.807482 0.000000
n 702 0 0.087100 0.800443 0.000000
n 703 0 0.241105 0.815237 0.000000
n 704 0 -0.175524 0.774942 0.000000
n 705 0 0.146911 0.805944 0.000000
n 706 0 0.302205 0.820808 0.000000
n 707 0 -0.121681 0.780404 0.000000
n 708 0 0.110463 0.802511 0.000000
n 709 0 0.056672 0.797854 0.000000
n 710 0 0.094728 0.801107 0.000000
n 711 0 0.138127 0.805091 0.000000
n 712 0 0.243908 0.022975 0.000000
n 713 0 0.245181 0.030064 0.000000
n 714 0 0.249539 0.054710 0.000000
n 715 0 0.255652 0.092118 0.000000
n 716 0 0.284219 0.237697 0.000000
n 717 0 0.317847 0.386305 0.000000
n 718 0 0.245061 0.029397 0.000000
n 719 0 0.280102 0.217778 0.000000
n 720 0 0.267727 0.157242 0.000000
n 721 0 0.261673 0.125711 0.000000
n 722 0 0.327986 0.458780 0.000000
n 723 0 0.555179 0.055150 0.000000
n 724 0 0.603322 0.232069 0.000000
n 725 0 0.540534 0.001559 0.000000
n 726 0 0.603041 0.230934 0.000000
n 727 0 0.574033 0.125464 0.000000
n 728 0 0.543045 0.010685 0.000000
n 729 0 0.603283 0.231912 0.000000
n 730 0 0.273088 0.022745 0.000000
n 731 0 0.178182 0.023017 0.000000
n 732 0 -0.093211 0.023917 0.000000
n 733 0 0.133292 0.023654 0.000000
n 734 0 0.255382 0.022906 0.000000
n 735 0 -0.026309 0.023783 0.000000
n 736 0 0.894920 0.877660 0.000000
n 737 0 0.886687 0.897380 0.000000
n 738 0 0.889326 0.891095 0.000000
n 739 0 0.905836 0.851867 0.000000
n 740 0 0.876381 0.921330 0.000000
n 741 0 0.964462 0.717242 0.000000
n 742 0 0.646580 0.052736 0.000000
n 743 0 0.656344 0.059773 0.000000
n 744 0 0.914371 0.237469 0.000000
n 745 0 0.716692 0.102916 0.000000
n 746 0 0.785106 0.149318 0.000000
n 747 0 0.926657 0.245741 0.000000
n 748 0 0.404971 0.060254 0.000000
n 749 0 0.642818 0.052774 0.000000
n 750 0 0.594989 0.053820 0.000000
n 751 0 0.425266 0.059709 0.000000
n 752 0 0.799287 0.048116 0.000000
n 753 0 0.222075 0.733507 0.000000
n 754 0 0.123052 0.856347 0.000000
n 755 0 0.203483 0.755487 0.000000
n 756 0 0.043425 0.961307 0.000000
n 757 0 0.139664 0.835333 0.000000
n 758 0 0.075267 0.919355 0.000000
n 759 0 0.254709 0.694959 0.000000
n 760 0 0.199433 0.041665 0.000000
n 761 0 0.341339 0.005511 0.000000
n 762 0 -0.089758 0.117665 0.000000
n 763 0 0.127026 0.061701 0.000000
n 764 0 0.287078 0.019025 0.000000
n 765 0 0.243168 0.030585 0.000000
n 766 0 0.093973 0.071198 0.000000
n 767 0 0.219847 0.060003 0.000000
n 768 0 0.373524 0.032853 0.000000
n 769 0 0.124135 0.078828 0.000000
n 770 0 0.306169 0.043596 0.000000
n 771 0 0.186572 0.066731 0.000000
n 772 0 0.113904 0.080900 0.000000
n 773 0 0.761402 0.777546 0.000000
n 774 0 0.417853 0.225983 0.000000
n 775 0 0.426810 0.233731 0.000000
n 776 0 0.209963 0.051266 0.000000
n 777 0 0.414678 0.223264 0.000000
n 778 0 0.283394 0.116039 0.000000
n 779 0 0.461029 0.265343 0.000000
n 780 0 0.343149 0.165064 0.000000
n 781 0 0.624284 0.964597 0.000000
n 782 0 0.799839 0.723219 0.000000
n 783 0 0.836262 0.668843 0.000000
n 784 0 0.602087 0.230930 0.000000
n 785 0 0.555289 0.190780 0.000000
n 786 0 0.410992 0.065465 0.000000
n 787 0 0.603139 0.231900 0.000000
n 788 0 0.879371 0.884066 0.000000
n 789 0 0.876026 0.885436 0.000000
n 790 0 0.913399 0.870235 0.000000
n 791 0 1.102808 0.794085 0.000000
n 792 0 1.058896 0.812080 0.000000
n 793 0 1.094215 0.797559 0.000000
n 794 0 0.601458 0.031646 0.000000
n 795 0 0.551733 0.007075 0.000000
n 796 0 0.731805 0.097607 0.000000
n 797 0 0.231166 0.774505 0.000000
n 798 0 0.213524 0.697194 0.000000
n 799 0 0.433669 0.225123 0.000000
n 800 0 0.449223 0.224580 0.000000
n 801 0 0.237371 0.240072 0.000000
n 802 0 0.420080 0.225842 0.000000
n 803 0 0.543890 0.233234 0.000000
n 804 0 0.486672 0.223701 0.000000
n 805 0 0.339840 0.233472 0.000000
n 806 0 0.755406 0.448087 0.000000
n 807 0 0.920887 0.401089 0.000000
n 808 0 0.921835 0.357894 0.000000
n 809 0 0.907372 0.043793 0.000000
n 810 0 0.914746 0.245427 0.000000
n 811 0 0.881376 0.887710 0.000000
n 812 0 0.895171 0.913194 0.000000
n 813 0 0.118535 0.110738 0.000000
n 814 0 0.083273 0.320086 0.000000
n 815 0 0.123008 0.085389 0.000000
n 816 0 0.092723 0.252929 0.000000
n 817 0 0.178552 0.738556 0.000000
n 818 0 0.071609 0.974075 0.000000
n 819 0 0.135246 0.830337 0.000000
n 820 0 0.081296 0.952552 0.000000
n 821 0 0.149772 0.799973 0.000000
n 822 0 0.075621 0.672916 0.000000
n 823 0 0.124677 0.703820 0.000000
n 824 0 0.442252 0.214820 0.000000
n 825 0 0.429433 0.230391 0.000000
n 826 0 0.338425 0.361499 0.000000
n 827 0 0.929393 0.908807 0.000000
n 828 0 1.085725 0.980604 0.000000
n 829 0 0.917321 0.903428 0.000000
n 830 0 0.925666 0.899744 0.000000
n 831 0 1.046779 0.732871 0.000000
n 832 0 1.091976 0.782300 0.000000
n 833 0 1.119993 0.813103 0.000000
n 834 0 1.027771 0.711944 0.000000
n 835 0 0.278818 0.008253 0.000000
n 836 0 0.467322 0.250240 0.000000
n 837 0 0.341701 0.090658 0.000000
n 838 0 0.468804 0.252334 0.000000
n 839 0 0.142534 0.095216 0.000000
n 840 0 0.063219 0.839089 0.000000
n 841 0 0.043485 0.710739 0.000000
n 842 0 0.334458 0.187664 0.000000
n 843 0 -0.028736 0.379276 0.000000
n 844 0 0.230543 0.139623 0.000000
n 845 0 0.469408 0.251339 0.000000
n 846 0 0.341640 0.190939 0.000000
n 847 0 1.026069 0.394782 0.000000
n 848 0 0.768180 0.300036 0.000000
n 849 0 0.097847 0.822935 0.000000
n 850 0 0.081198 0.707848 0.000000
n 851 0 0.794402 0.079505 0.000000
n 852 0 0.250097 0.647800 0.000000
n 853 0 0.276695 0.697541 0.000000
n 854 0 0.325714 0.513873 0.000000
n 855 0 0.774053 0.240095 0.000000
