b 898 100 1 1 1.0 1 0 0 
f 0 0.01 0 209 206 207 211 203 215 201 205 200 210 214 213 212 208 204 202 1 
f 1 0.01 2 220 223 232 217 227 233 218 225 230 216 222 226 229 221 224 231 228 219 3 
f 2 0.01 4 240 237 234 245 241 246 244 235 236 248 243 242 238 239 247 5 
f 3 0.01 6 249 266 258 251 252 259 260 265 267 261 256 254 255 253 234 263 257 262 264 250 7 
f 4 0.01 8 277 286 274 272 281 278 276 285 216 283 279 284 273 268 270 271 275 269 280 287 282 9 
f 5 0.01 10 300 292 296 299 298 297 288 289 293 291 295 294 301 290 11 
f 6 0.01 12 311 312 304 309 310 306 200 308 307 302 305 303 13 
f 7 0.01 14 235 317 319 318 320 321 314 316 323 313 288 322 217 315 325 324 15 
f 8 0.01 16 340 337 334 329 336 330 328 302 327 326 332 339 338 335 333 331 17 
f 9 0.01 18 201 343 346 350 353 344 351 345 342 352 348 349 347 341 19 
f 10 0.01 20 357 364 356 365 355 366 362 363 359 360 354 361 358 21 
f 11 0.01 22 368 374 303 370 326 375 373 369 372 371 202 367 23 
f 12 0.01 24 388 385 380 383 381 390 386 377 376 379 389 378 387 384 382 25 
f 13 0.01 26 394 393 391 392 27 
f 14 0.01 28 396 397 395 29 
f 15 0.01 30 401 402 409 398 407 404 406 408 405 313 289 399 403 400 410 31 
f 16 0.01 32 411 414 419 376 422 249 427 413 412 426 418 417 421 415 268 416 424 423 425 218 420 33 
f 17 0.01 34 428 437 430 429 203 433 438 304 435 432 434 436 250 431 236 35 
f 18 0.01 36 395 451 391 445 439 341 442 447 354 444 443 448 453 452 411 440 449 377 455 450 446 251 441 454 37 
f 19 0.01 38 459 460 461 463 456 342 428 355 462 457 458 39 
f 20 0.01 40 470 464 467 468 367 204 472 466 469 473 474 327 305 465 471 41 
f 21 0.01 42 483 480 475 343 205 306 481 476 478 482 477 464 479 43 
f 22 0.01 44 290 487 484 485 486 45 
f 23 0.01 46 490 456 492 489 488 439 491 47 
f 24 0.01 48 504 494 505 500 493 502 378 508 412 507 499 501 495 269 509 497 496 506 498 503 49 
f 25 0.01 50 514 516 519 344 429 511 515 356 457 510 517 512 493 379 513 518 413 51 
f 26 0.01 52 206 458 522 510 526 525 494 524 523 414 440 520 527 521 380 53 
f 27 0.01 54 540 529 270 528 531 495 536 541 441 252 535 532 538 381 542 520 539 530 533 537 534 55 
f 28 0.01 56 291 544 543 554 314 549 547 548 545 553 551 546 253 237 550 552 57 
f 29 0.01 58 345 561 430 511 357 558 207 560 555 557 559 556 562 59 
f 30 0.01 60 475 346 566 565 563 328 465 368 564 61 
f 31 0.01 62 568 572 577 219 579 571 573 570 575 415 528 271 580 569 567 496 578 574 292 398 576 63 
f 32 0.01 64 589 585 592 581 588 591 582 587 590 583 238 586 584 65 
f 33 0.01 66 595 596 382 594 598 602 597 599 603 555 593 604 601 600 431 67 
f 34 0.01 68 607 614 608 581 615 605 609 272 612 610 606 616 611 613 315 69 
f 35 0.01 70 329 618 617 71 
f 36 0.01 72 543 630 316 626 624 627 629 620 631 621 619 254 622 623 476 208 628 466 625 369 73 
f 37 0.01 74 642 632 637 641 633 239 643 636 639 634 640 635 638 544 293 399 75 
f 38 0.01 76 646 644 647 645 632 582 77 
f 39 0.01 78 556 651 648 583 633 644 649 650 79 
f 40 0.01 80 459 654 617 653 655 330 563 652 81 
f 41 0.01 82 661 317 660 663 657 656 658 662 634 659 484 83 
f 42 0.01 84 670 667 664 656 666 669 668 635 294 400 671 220 665 85 
f 43 0.01 86 680 221 678 675 679 676 273 416 529 681 674 567 497 677 673 401 672 619 255 240 87 
f 44 0.01 88 256 672 682 690 620 688 686 687 545 685 318 684 683 691 657 664 584 689 636 89 
f 45 0.01 90 396 392 694 488 347 442 358 693 695 696 697 692 91 
f 46 0.01 92 673 402 682 621 546 701 241 257 699 700 432 702 703 705 593 557 698 704 93 
f 47 0.01 94 708 706 359 443 707 710 692 530 712 521 383 709 467 477 711 622 95 
f 48 0.01 96 717 594 718 713 715 568 719 720 585 605 714 274 721 716 97 
f 49 0.01 98 726 724 706 360 444 722 693 725 727 331 723 99 
f 50 0.01 100 731 460 729 728 694 445 730 101 
f 51 0.01 102 738 498 739 674 569 741 275 531 736 417 732 734 740 735 595 733 384 737 522 103 
f 52 0.01 104 743 606 276 749 222 748 675 747 745 744 570 732 418 499 750 258 446 742 532 746 105 
f 53 0.01 106 348 752 447 361 722 695 751 754 533 756 385 753 468 755 478 623 107 
f 54 0.01 108 586 242 648 762 759 763 761 757 758 713 760 596 733 109 
f 55 0.01 110 209 765 597 757 767 769 768 607 587 637 645 766 649 764 111 
f 56 0.01 112 370 332 776 773 771 775 534 772 751 696 707 448 770 362 774 113 
f 57 0.01 114 665 223 777 403 295 638 115 
f 58 0.01 116 780 781 588 608 778 779 117 
f 59 0.01 118 564 783 782 784 723 333 119 
f 60 0.01 120 277 790 714 609 589 785 789 788 224 787 571 786 734 121 
f 61 0.01 122 793 728 489 349 752 708 724 363 770 795 794 523 419 449 386 797 792 742 535 259 796 791 123 
f 62 0.01 124 804 743 610 278 798 785 802 801 803 572 715 758 800 598 799 125 
f 63 0.01 126 485 805 639 808 658 666 809 683 806 319 807 127 
f 64 0.01 128 611 817 420 225 815 813 279 814 676 810 744 573 786 816 735 387 811 512 500 812 524 129 
f 65 0.01 130 818 659 805 486 646 764 650 819 820 131 
f 66 0.01 132 280 827 823 677 825 574 296 404 824 624 821 822 547 320 684 806 660 826 667 243 133 
f 67 0.01 134 260 831 791 536 501 736 421 575 810 745 828 678 829 226 830 798 281 612 832 716 135 
f 68 0.01 136 833 835 565 652 307 839 837 469 625 836 371 834 388 838 537 137 
f 69 0.01 138 843 844 613 227 841 297 405 842 626 821 840 548 685 807 139 
f 70 0.01 140 698 845 599 765 799 717 737 811 502 389 513 422 846 450 792 538 746 141 
f 71 0.01 142 848 686 847 840 822 549 321 849 668 640 818 487 143 
f 72 0.01 144 793 729 461 853 490 854 851 852 334 514 833 850 566 308 210 145 
f 73 0.01 146 856 858 335 771 855 834 753 709 479 470 857 261 282 823 147 
f 74 0.01 148 471 653 859 336 835 850 149 
f 75 0.01 150 661 244 862 262 699 860 861 309 864 433 211 558 364 515 863 151 
f 76 0.01 152 550 865 860 700 434 866 600 559 868 759 867 590 641 647 766 153 
f 77 0.01 154 397 451 393 730 491 155 
f 78 0.01 156 310 869 865 263 245 701 551 870 687 847 627 824 406 871 298 738 503 157 
f 79 0.01 158 654 851 872 337 516 350 480 159 
f 80 0.01 160 601 873 702 435 861 869 552 481 874 212 628 472 836 372 855 161 
f 81 0.01 162 517 875 525 504 794 452 876 710 697 754 772 725 163 
f 82 0.01 164 407 576 629 688 848 870 553 246 862 264 436 866 873 703 877 311 560 165 
f 83 0.01 166 655 859 618 852 872 878 351 561 437 863 365 462 526 875 505 812 167 
f 84 0.01 168 602 800 718 760 577 228 881 787 828 747 679 879 283 813 423 880 882 841 322 169 
f 85 0.01 170 603 845 704 761 767 884 883 614 591 642 819 885 171 
f 86 0.01 172 886 782 856 887 338 773 373 473 837 213 874 173 
f 87 0.01 174 888 539 876 453 795 366 774 726 352 492 463 853 731 889 175 
f 88 0.01 176 247 643 689 808 662 669 849 554 630 323 842 408 871 299 890 177 
f 89 0.01 178 891 801 788 680 229 829 748 879 814 284 424 540 892 739 506 890 578 825 300 409 690 631 179 
f 90 0.01 180 394 893 886 783 374 181 
f 91 0.01 182 762 867 768 883 778 719 894 891 802 789 830 749 285 230 815 425 880 183 
f 92 0.01 184 809 691 663 826 670 248 562 651 868 763 769 884 779 185 
f 93 0.01 186 755 482 711 857 895 265 831 796 454 541 750 507 426 740 816 187 
f 94 0.01 188 727 775 838 756 712 888 527 542 390 797 455 846 266 427 518 508 189 
f 95 0.01 190 579 881 231 803 894 720 592 615 896 780 820 885 191 
f 96 0.01 192 301 410 671 777 232 897 324 843 804 832 721 286 790 896 781 193 
f 97 0.01 194 214 839 474 375 776 339 887 858 784 893 195 
f 98 0.01 196 895 267 287 827 509 741 580 681 892 882 233 817 616 844 325 897 197 
f 99 0.01 198 889 854 878 340 519 353 483 215 864 438 312 877 705 604 199 
n 0 1 0.683913 0.536382 0.5 
n 1 1 1.15846 0.693877 0.5 
n 2 2 0.219919 0 0.5 
n 3 1 0.565725 0.352752 0.5 
n 4 1 1.11418 0.541694 0.5 
n 5 1 0.856912 0.112961 0.5 
n 6 1 0.454288 0.545649 0.5 
n 7 1 -0.0277185 0.412723 0.5 
n 8 1 0.633785 0.0665797 0.5 
n 9 1 0.303269 0.441759 0.5 
n 10 1 0.235029 0.373024 0.5 
n 11 2 0.184815 0 0.5 
n 12 1 0.852356 0.432379 0.5 
n 13 1 1.12281 0.85292 0.5 
n 14 1 0.0202221 0.385416 0.5 
n 15 1 0.423822 0.0902779 0.5 
n 16 1 -0.200077 0.679888 0.5 
n 17 1 0.278623 0.824271 0.5 
n 18 1 0.952127 0.592502 0.5 
n 19 1 0.514166 0.833727 0.5 
n 20 1 0.768344 0.618882 0.5 
n 21 1 0.315359 0.830553 0.5 
n 22 2 -0.030598 1 0.5 
n 23 1 0.154934 0.673271 0.5 
n 24 1 0.192441 0.747898 0.5 
n 25 1 0.601228 0.459985 0.5 
n 26 2 0.323105 1 0.5 
n 27 1 0.6101 0.884944 0.5 
n 28 1 0.690467 0.870516 0.5 
n 29 2 0.413852 1 0.5 
n 30 1 0.207895 0.432895 0.5 
n 31 2 0.219481 0 0.5 
n 32 1 0.445804 0.659189 0.5 
n 33 1 0.414854 0.160147 0.5 
n 34 1 0.69109 0.725232 0.5 
n 35 1 1.02715 0.355008 0.5 
n 36 1 0.58727 0.938769 0.5 
n 37 1 0.373336 0.486849 0.5 
n 38 1 0.786975 0.989274 0.5 
n 39 1 0.652056 0.507821 0.5 
n 40 1 0.243324 0.589861 0.5 
n 41 1 -0.111909 0.941727 0.5 
n 42 1 -0.205936 0.615613 0.5 
n 43 1 0.294048 0.61165 0.5 
n 44 2 0.214447 0 0.5 
n 45 1 -0.0938154 0.111383 0.5 
n 46 1 0.76141 0.767391 0.5 
n 47 1 0.285464 0.920607 0.5 
n 48 1 0.59583 0.635039 0.5 
n 49 1 0.250949 0.273021 0.5 
n 50 1 0.897648 0.701184 0.5 
n 51 1 0.433239 0.515915 0.5 
n 52 1 0.783933 0.532718 0.5 
n 53 1 0.303039 0.669615 0.5 
n 54 1 0.393648 0.244189 0.5 
n 55 1 0.388416 0.744162 0.5 
n 56 1 0.210423 0.147062 0.5 
n 57 1 0.00856493 0.604504 0.5 
n 58 1 0.724383 0.72165 0.5 
n 59 1 0.916208 0.25991 0.5 
n 60 1 -0.112002 0.60499 0.5 
n 61 2 0.149824 1 0.5 
n 62 1 0.700108 0.329195 0.5 
n 63 1 0.201027 0.359508 0.5 
n 64 1 0.54566 0.196768 0.5 
n 65 1 1.0445 0.230876 0.5 
n 66 1 0.521892 0.475145 0.5 
n 67 1 1.01644 0.401523 0.5 
n 68 1 0.841405 0.265561 0.5 
n 69 1 0.35891 0.134415 0.5 
n 70 1 0.884262 0.699526 0.5 
n 71 2 0.802951 1 0.5 
n 72 1 0.155868 0.238716 0.5 
n 73 1 0.121172 0.73751 0.5 
n 74 1 0.716195 0.183823 0.5 
n 75 1 1.21619 0.182608 0.5 
n 76 2 0.952485 0 0.5 
n 77 1 0.743658 0.216648 0.5 
n 78 1 0.934725 0.32413 0.5 
n 79 2 0.744127 0 0.5 
n 80 2 0.715782 1 0.5 
n 81 1 0.972658 0.680969 0.5 
n 82 1 0.0679116 0.377856 0.5 
n 83 2 0.0705095 0 0.5 
n 84 1 0.0103718 0.31818 0.5 
n 85 2 0.307234 0 0.5 
n 86 1 0.521457 0.253381 0.5 
n 87 1 0.0792502 0.486733 0.5 
n 88 1 0.242927 0.5178 0.5 
n 89 1 -0.0485118 0.11152 0.5 
n 90 2 0.700793 1 0.5 
n 91 1 0.430022 0.71528 0.5 
n 92 1 0.250916 0.41699 0.5 
n 93 1 -0.248952 0.428481 0.5 
n 94 1 0.554887 0.769501 0.5 
n 95 1 0.0958423 0.571314 0.5 
n 96 1 0.68052 0.469237 0.5 
n 97 2 0.531704 0 0.5 
n 98 1 0.651531 0.704931 0.5 
n 99 1 0.167875 0.831727 0.5 
n 100 1 0.748625 0.789607 0.5 
n 101 1 0.274013 0.946908 0.5 
n 102 1 0.250988 0.287341 0.5 
n 103 1 0.662208 0.571768 0.5 
n 104 1 0.526603 0.115874 0.5 
n 105 1 0.376521 0.592818 0.5 
n 106 1 0.584616 0.797562 0.5 
n 107 1 0.128719 0.592237 0.5 
n 108 1 0.945861 0.212086 0.5 
n 109 1 0.536659 0.499407 0.5 
n 110 1 0.70838 0.546508 0.5 
n 111 1 0.805875 0.0561051 0.5 
n 112 1 0.0837949 0.772512 0.5 
n 113 1 0.581066 0.720343 0.5 
n 114 2 0.290731 0 0.5 
n 115 1 0.162175 0.231398 0.5 
n 116 2 0.663619 0 0.5 
n 117 1 0.649854 0.272006 0.5 
n 118 2 -0.00559973 1 0.5 
n 119 1 0.242892 0.792378 0.5 
n 120 2 0.650194 0 0.5 
n 121 1 0.446873 0.431054 0.5 
n 122 1 0.623495 0.892331 0.5 
n 123 1 0.343864 0.477835 0.5 
n 124 1 0.441976 0.0592537 0.5 
n 125 1 0.71231 0.479871 0.5 
n 126 2 0.00867501 0 0.5 
n 127 1 0.0990464 0.363717 0.5 
n 128 1 0.397677 0.13489 0.5 
n 129 1 0.542116 0.613573 0.5 
n 130 1 1.16478 0.144015 0.5 
n 131 1 0.675629 0.040405 0.5 
n 132 1 0.386926 0.415772 0.5 
n 133 1 -0.0791498 0.234737 0.5 
n 134 1 0.340555 0.544724 0.5 
n 135 1 0.573879 0.102503 0.5 
n 136 1 -0.103119 0.688549 0.5 
n 137 1 0.394462 0.737672 0.5 
n 138 1 0.448556 0.071168 0.5 
n 139 1 0.060165 0.386053 0.5 
n 140 1 0.792701 0.42392 0.5 
n 141 1 0.323766 0.597414 0.5 
n 142 1 0.142563 0.399032 0.5 
n 143 2 0.107527 0 0.5 
n 144 1 0.596807 0.857337 0.5 
n 145 1 1.03476 0.616101 0.5 
n 146 1 0.114361 0.827803 0.5 
n 147 1 0.339892 0.381557 0.5 
n 148 2 0.907477 1 0.5 
n 149 1 0.903305 0.65863 0.5 
n 150 1 1.09188 0.343987 0.5 
n 151 1 0.709931 0.66666 0.5 
n 152 1 1.05502 0.532066 0.5 
n 153 1 0.757589 0.130156 0.5 
n 154 2 0.65296 1 0.5 
n 155 1 0.455029 0.77216 0.5 
n 156 1 -0.132508 0.537885 0.5 
n 157 1 0.293408 0.275977 0.5 
n 158 2 0.797868 1 0.5 
n 159 1 0.872757 0.600603 0.5 
n 160 1 -0.109344 0.340106 0.5 
n 161 1 0.160246 0.761202 0.5 
n 162 1 0.617829 0.547164 0.5 
n 163 1 0.251998 0.887997 0.5 
n 164 1 1.21036 0.357936 0.5 
n 165 1 0.724568 0.476293 0.5 
n 166 1 0.974374 0.758926 0.5 
n 167 1 0.511059 0.570938 0.5 
n 168 1 0.703961 0.449209 0.5 
n 169 1 0.301873 0.152013 0.5 
n 170 1 0.771216 0.446043 0.5 
n 171 2 0.696674 0 0.5 
n 172 2 0.162762 1 0.5 
n 173 1 0.104438 0.67166 0.5 
n 174 1 0.353254 0.65829 0.5 
n 175 1 0.827734 0.815991 0.5 
n 176 1 -0.157639 0.126318 0.5 
n 177 1 0.288701 0.351665 0.5 
n 178 1 0.564656 0.241843 0.5 
n 179 1 0.0965417 0.417539 0.5 
n 180 2 0.344482 1 0.5 
n 181 1 0.0263883 0.811037 0.5 
n 182 1 0.896592 0.272461 0.5 
n 183 1 0.398689 0.226715 0.5 
n 184 1 1.12092 0.295342 0.5 
n 185 1 0.622916 0.250664 0.5 
n 186 1 0.130283 0.646727 0.5 
n 187 1 0.558517 0.388626 0.5 
n 188 1 0.240628 0.906534 0.5 
n 189 1 0.466408 0.460414 0.5 
n 190 1 0.49022 0.385963 0.5 
n 191 2 0.714532 0 0.5 
n 192 1 0.176561 0.0354933 0.5 
n 193 1 0.664196 0.146 0.5 
n 194 1 0.0843652 0.668661 0.5 
n 195 2 0.199093 1 0.5 
n 196 1 0.294785 0.54771 0.5 
n 197 1 0.428519 0.0659269 0.5 
n 198 1 0.769897 0.896065 0.5 
n 199 1 0.892371 0.411297 0.5 
n 200 0 0.9831 0.635678 0.5 
n 201 0 0.914858 0.613029 0.5 
n 202 0 1.14565 0.689625 0.5 
n 203 0 0.821164 0.581933 0.5 
n 204 0 1.14337 0.688869 0.5 
n 205 0 0.919645 0.614618 0.5 
n 206 0 0.724151 0.549736 0.5 
n 207 0 0.787121 0.570635 0.5 
n 208 0 1.12498 0.682766 0.5 
n 209 0 0.708755 0.544626 0.5 
n 210 0 0.99316 0.639016 0.5 
n 211 0 0.813308 0.579326 0.5 
n 212 0 1.106 0.676465 0.5 
n 213 0 1.10525 0.676217 0.5 
n 214 0 1.08461 0.669367 0.5 
n 215 0 0.847087 0.590537 0.5 
n 216 0 0.46879 0.25387 0.5 
n 217 0 0.356605 0.139432 0.5 
n 218 0 0.417416 0.201464 0.5 
n 219 0 0.551482 0.338223 0.5 
n 220 0 0.264656 0.0456356 0.5 
n 221 0 0.48643 0.271865 0.5 
n 222 0 0.479683 0.264981 0.5 
n 223 0 0.265117 0.0461053 0.5 
n 224 0 0.510418 0.296334 0.5 
n 225 0 0.41792 0.201978 0.5 
n 226 0 0.485189 0.270598 0.5 
n 227 0 0.360038 0.142933 0.5 
n 228 0 0.545375 0.331993 0.5 
n 229 0 0.485956 0.271381 0.5 
n 230 0 0.446474 0.231105 0.5 
n 231 0 0.53044 0.316758 0.5 
n 232 0 0.277034 0.0582623 0.5 
n 233 0 0.396749 0.180381 0.5 
n 234 0 1.04958 0.434041 0.5 
n 235 0 1.02035 0.385324 0.5 
n 236 0 1.0121 0.371582 0.5 
n 237 0 1.06929 0.466886 0.5 
n 238 0 0.922671 0.222547 0.5 
n 239 0 0.899167 0.183379 0.5 
n 240 0 1.08073 0.485951 0.5 
n 241 0 1.04223 0.421787 0.5 
n 242 0 0.925129 0.226643 0.5 
n 243 0 0.932763 0.239365 0.5 
n 244 0 1.02795 0.397992 0.5 
n 245 0 1.04602 0.428103 0.5 
n 246 0 1.03025 0.401818 0.5 
n 247 0 0.874735 0.142663 0.5 
n 248 0 0.957559 0.280686 0.5 
n 249 0 0.438492 0.541293 0.5 
n 250 0 -0.0257373 0.41327 0.5 
n 251 0 0.393196 0.528801 0.5 
n 252 0 0.390677 0.528107 0.5 
n 253 0 0.0800752 0.44245 0.5 
n 254 0 0.140536 0.459124 0.5 
n 255 0 0.134647 0.4575 0.5 
n 256 0 0.215708 0.479855 0.5 
n 257 0 0.00800161 0.422574 0.5 
n 258 0 0.396388 0.529682 0.5 
n 259 0 0.37483 0.523737 0.5 
n 260 0 0.354576 0.518151 0.5 
n 261 0 0.281098 0.497888 0.5 
n 262 0 0.00110408 0.420672 0.5 
n 263 0 0.0404562 0.431524 0.5 
n 264 0 -0.0215246 0.414432 0.5 
n 265 0 0.347054 0.516077 0.5 
n 266 0 0.42707 0.538143 0.5 
n 267 0 0.306658 0.504936 0.5 
n 268 0 0.423832 0.304904 0.5 
n 269 0 0.355364 0.382624 0.5 
n 270 0 0.392642 0.340308 0.5 
n 271 0 0.385604 0.348297 0.5 
n 272 0 0.532467 0.181589 0.5 
n 273 0 0.423842 0.304893 0.5 
n 274 0 0.574251 0.134158 0.5 
n 275 0 0.368003 0.368277 0.5 
n 276 0 0.491175 0.22846 0.5 
n 277 0 0.601508 0.103219 0.5 
n 278 0 0.525607 0.189376 0.5 
n 279 0 0.442562 0.283643 0.5 
n 280 0 0.341653 0.398187 0.5 
n 281 0 0.531681 0.182481 0.5 
n 282 0 0.317805 0.425258 0.5 
n 283 0 0.45731 0.266902 0.5 
n 284 0 0.437264 0.289657 0.5 
n 285 0 0.485672 0.234707 0.5 
n 286 0 0.580523 0.127038 0.5 
n 287 0 0.333822 0.407076 0.5 
n 288 0 0.217297 0.241302 0.5 
n 289 0 0.213732 0.214816 0.5 
n 290 0 0.18619 0.01021 0.5 
n 291 0 0.20597 0.157153 0.5 
n 292 0 0.232948 0.357569 0.5 
n 293 0 0.209399 0.182625 0.5 
n 294 0 0.200251 0.114666 0.5 
n 295 0 0.205473 0.153463 0.5 
n 296 0 0.23272 0.355875 0.5 
n 297 0 0.219404 0.256951 0.5 
n 298 0 0.227427 0.316551 0.5 
n 299 0 0.22803 0.321034 0.5 
n 300 0 0.234072 0.36592 0.5 
n 301 0 0.190003 0.0385395 0.5 
n 302 0 1.06246 0.759072 0.5 
n 303 0 1.08569 0.795206 0.5 
n 304 0 0.895716 0.499802 0.5 
n 305 0 1.06636 0.765146 0.5 
n 306 0 0.969303 0.614224 0.5 
n 307 0 1.02525 0.701222 0.5 
n 308 0 0.987317 0.642235 0.5 
n 309 0 0.899843 0.506219 0.5 
n 310 0 0.905269 0.514655 0.5 
n 311 0 0.859462 0.443428 0.5 
n 312 0 0.877261 0.471104 0.5 
n 313 0 0.212938 0.24449 0.5 
n 314 0 0.145749 0.293623 0.5 
n 315 0 0.362231 0.135317 0.5 
n 316 0 0.152386 0.28877 0.5 
n 317 0 0.0681003 0.350405 0.5 
n 318 0 0.104011 0.324144 0.5 
n 319 0 0.0914891 0.333301 0.5 
n 320 0 0.120322 0.312217 0.5 
n 321 0 0.134059 0.302172 0.5 
n 322 0 0.320536 0.165808 0.5 
n 323 0 0.157181 0.285264 0.5 
n 324 0 0.422518 0.0912315 0.5 
n 325 0 0.421234 0.0921705 0.5 
n 326 0 0.099814 0.770339 0.5 
n 327 0 0.0701512 0.761393 0.5 
n 328 0 -0.0279444 0.731806 0.5 
n 329 0 -0.117189 0.704888 0.5 
n 330 0 -0.060394 0.722018 0.5 
n 331 0 0.24035 0.812727 0.5 
n 332 0 0.101023 0.770704 0.5 
n 333 0 0.224323 0.807893 0.5 
n 334 0 -0.123159 0.703087 0.5 
n 335 0 0.137637 0.781747 0.5 
n 336 0 -0.0960522 0.711263 0.5 
n 337 0 -0.145212 0.696436 0.5 
n 338 0 0.123221 0.777399 0.5 
n 339 0 0.121876 0.776994 0.5 
n 340 0 -0.177228 0.686779 0.5 
n 341 0 0.532709 0.823513 0.5 
n 342 0 0.712737 0.724356 0.5 
n 343 0 0.911862 0.61468 0.5 
n 344 0 0.814807 0.668136 0.5 
n 345 0 0.726381 0.716841 0.5 
n 346 0 0.899085 0.621717 0.5 
n 347 0 0.532869 0.823425 0.5 
n 348 0 0.581981 0.796375 0.5 
n 349 0 0.565051 0.8057 0.5 
n 350 0 0.865309 0.64032 0.5 
n 351 0 0.787577 0.683134 0.5 
n 352 0 0.652256 0.757668 0.5 
n 353 0 0.82953 0.660027 0.5 
n 354 0 0.496068 0.746112 0.5 
n 355 0 0.69304 0.65407 0.5 
n 356 0 0.732882 0.635453 0.5 
n 357 0 0.766771 0.619617 0.5 
n 358 0 0.470642 0.757993 0.5 
n 359 0 0.498298 0.74507 0.5 
n 360 0 0.498137 0.745145 0.5 
n 361 0 0.483459 0.752003 0.5 
n 362 0 0.542571 0.724382 0.5 
n 363 0 0.517952 0.735886 0.5 
n 364 0 0.764184 0.620826 0.5 
n 365 0 0.703686 0.649096 0.5 
n 366 0 0.546534 0.72253 0.5 
n 367 0 0.149558 0.682739 0.5 
n 368 0 0.0526503 0.853397 0.5 
n 369 0 0.121551 0.73206 0.5 
n 370 0 0.0995172 0.770862 0.5 
n 371 0 0.133021 0.711862 0.5 
n 372 0 0.13097 0.715473 0.5 
n 373 0 0.116688 0.740624 0.5 
n 374 0 0.0640123 0.833388 0.5 
n 375 0 0.112088 0.748725 0.5 
n 376 0 0.440472 0.573208 0.5 
n 377 0 0.420782 0.587075 0.5 
n 378 0 0.498195 0.532552 0.5 
n 379 0 0.489787 0.538474 0.5 
n 380 0 0.303965 0.669351 0.5 
n 381 0 0.389832 0.608874 0.5 
n 382 0 0.595198 0.464232 0.5 
n 383 0 0.311168 0.664278 0.5 
n 384 0 0.551367 0.495103 0.5 
n 385 0 0.302395 0.670457 0.5 
n 386 0 0.418598 0.588614 0.5 
n 387 0 0.514256 0.521241 0.5 
n 388 0 0.230012 0.721437 0.5 
n 389 0 0.497215 0.533243 0.5 
n 390 0 0.392072 0.607296 0.5 
n 391 0 0.569496 0.901222 0.5 
n 392 0 0.596543 0.890379 0.5 
n 393 0 0.567755 0.90192 0.5 
n 394 0 0.335868 0.994883 0.5 
n 395 0 0.579541 0.922441 0.5 
n 396 0 0.612404 0.907057 0.5 
n 397 0 0.583835 0.92043 0.5 
n 398 0 0.209874 0.358971 0.5 
n 399 0 0.214594 0.182612 0.5 
n 400 0 0.21689 0.0968318 0.5 
n 401 0 0.208277 0.418646 0.5 
n 402 0 0.208295 0.41797 0.5 
n 403 0 0.215875 0.134739 0.5 
n 404 0 0.210191 0.347124 0.5 
n 405 0 0.212454 0.262586 0.5 
n 406 0 0.210735 0.326816 0.5 
n 407 0 0.209899 0.358048 0.5 
n 408 0 0.211118 0.312495 0.5 
n 409 0 0.20944 0.375165 0.5 
n 410 0 0.218278 0.0449472 0.5 
n 411 0 0.44443 0.637029 0.5 
n 412 0 0.433755 0.46491 0.5 
n 413 0 0.437012 0.517421 0.5 
n 414 0 0.443963 0.629498 0.5 
n 415 0 0.426369 0.345822 0.5 
n 416 0 0.423831 0.304898 0.5 
n 417 0 0.43044 0.411463 0.5 
n 418 0 0.430959 0.419821 0.5 
n 419 0 0.443738 0.625879 0.5 
n 420 0 0.417326 0.200009 0.5 
n 421 0 0.428381 0.378266 0.5 
n 422 0 0.439321 0.554662 0.5 
n 423 0 0.419753 0.239142 0.5 
n 424 0 0.423213 0.29493 0.5 
n 425 0 0.419099 0.22859 0.5 
n 426 0 0.43369 0.46386 0.5 
n 427 0 0.437071 0.518381 0.5 
n 428 0 0.707818 0.706804 0.5 
n 429 0 0.762029 0.647081 0.5 
n 430 0 0.749735 0.660624 0.5 
n 431 0 0.980002 0.406947 0.5 
n 432 0 0.964918 0.423565 0.5 
n 433 0 0.857158 0.54228 0.5 
n 434 0 0.970322 0.417611 0.5 
n 435 0 0.952703 0.437022 0.5 
n 436 0 0.971713 0.416079 0.5 
n 437 0 0.744988 0.665854 0.5 
n 438 0 0.860096 0.539043 0.5 
n 439 0 0.539899 0.8387 0.5 
n 440 0 0.441232 0.630275 0.5 
n 441 0 0.390724 0.52358 0.5 
n 442 0 0.532468 0.823003 0.5 
n 443 0 0.494875 0.743592 0.5 
n 444 0 0.495889 0.745734 0.5 
n 445 0 0.548117 0.856061 0.5 
n 446 0 0.39528 0.533204 0.5 
n 447 0 0.50303 0.760818 0.5 
n 448 0 0.488468 0.730058 0.5 
n 449 0 0.428361 0.603085 0.5 
n 450 0 0.410488 0.565329 0.5 
n 451 0 0.572307 0.90716 0.5 
n 452 0 0.467979 0.686775 0.5 
n 453 0 0.473398 0.698222 0.5 
n 454 0 0.378267 0.497264 0.5 
n 455 0 0.411852 0.568212 0.5 
n 456 0 0.727826 0.778203 0.5 
n 457 0 0.682152 0.615215 0.5 
n 458 0 0.668261 0.565647 0.5 
n 459 0 0.770824 0.931639 0.5 
n 460 0 0.732518 0.794945 0.5 
n 461 0 0.729517 0.784237 0.5 
n 462 0 0.690102 0.643584 0.5 
n 463 0 0.729242 0.783256 0.5 
n 464 0 0.22074 0.612231 0.5 
n 465 0 0.0227731 0.808322 0.5 
n 466 0 0.123163 0.708883 0.5 
n 467 0 0.211596 0.621289 0.5 
n 468 0 0.205854 0.626976 0.5 
n 469 0 0.121322 0.710707 0.5 
n 470 0 0.225886 0.607134 0.5 
n 471 0 -0.0934585 0.923452 0.5 
n 472 0 0.125359 0.706708 0.5 
n 473 0 0.112862 0.719086 0.5 
n 474 0 0.104644 0.727227 0.5 
n 475 0 -0.105488 0.614817 0.5 
n 476 0 0.129836 0.612952 0.5 
n 477 0 0.191159 0.612466 0.5 
n 478 0 0.173938 0.612602 0.5 
n 479 0 0.22332 0.612211 0.5 
n 480 0 -0.129945 0.615011 0.5 
n 481 0 0.0656606 0.613461 0.5 
n 482 0 0.187074 0.612498 0.5 
n 483 0 -0.159155 0.615243 0.5 
n 484 0 0.070151 0.0521378 0.5 
n 485 0 0.0256268 0.0682256 0.5 
n 486 0 -0.0551818 0.0974239 0.5 
n 487 0 0.110815 0.0374448 0.5 
n 488 0 0.545638 0.836852 0.5 
n 489 0 0.578854 0.82616 0.5 
n 490 0 0.758256 0.768407 0.5 
n 491 0 0.518749 0.845509 0.5 
n 492 0 0.720822 0.780457 0.5 
n 493 0 0.51245 0.547515 0.5 
n 494 0 0.559278 0.596671 0.5 
n 495 0 0.391799 0.420869 0.5 
n 496 0 0.326105 0.351911 0.5 
n 497 0 0.328994 0.354944 0.5 
n 498 0 0.290873 0.314929 0.5 
n 499 0 0.420988 0.451509 0.5 
n 500 0 0.526696 0.56247 0.5 
n 501 0 0.400876 0.430398 0.5 
n 502 0 0.498426 0.532795 0.5 
n 503 0 0.26841 0.291349 0.5 
n 504 0 0.561824 0.599343 0.5 
n 505 0 0.5497 0.586616 0.5 
n 506 0 0.311696 0.336786 0.5 
n 507 0 0.433096 0.464218 0.5 
n 508 0 0.453594 0.485735 0.5 
n 509 0 0.343939 0.370631 0.5 
n 510 0 0.603857 0.583981 0.5 
n 511 0 0.75631 0.6448 0.5 
n 512 0 0.523516 0.55193 0.5 
n 513 0 0.486557 0.537186 0.5 
n 514 0 0.887585 0.69717 0.5 
n 515 0 0.742384 0.639244 0.5 
n 516 0 0.856942 0.684945 0.5 
n 517 0 0.585971 0.576846 0.5 
n 518 0 0.437466 0.517602 0.5 
n 519 0 0.826321 0.672729 0.5 
n 520 0 0.389453 0.645015 0.5 
n 521 0 0.315387 0.6661 0.5 
n 522 0 0.657703 0.568652 0.5 
n 523 0 0.445823 0.628968 0.5 
n 524 0 0.538777 0.602507 0.5 
n 525 0 0.567073 0.594452 0.5 
n 526 0 0.568212 0.594128 0.5 
n 527 0 0.37021 0.650493 0.5 
n 528 0 0.392563 0.347876 0.5 
n 529 0 0.392841 0.321252 0.5 
n 530 0 0.388901 0.697839 0.5 
n 531 0 0.392174 0.384997 0.5 
n 532 0 0.390463 0.548512 0.5 
n 533 0 0.38878 0.709363 0.5 
n 534 0 0.388454 0.740549 0.5 
n 535 0 0.39048 0.546934 0.5 
n 536 0 0.391513 0.448142 0.5 
n 537 0 0.38849 0.737082 0.5 
n 538 0 0.390209 0.572831 0.5 
n 539 0 0.389189 0.670234 0.5 
n 540 0 0.392998 0.30627 0.5 
n 541 0 0.39108 0.489543 0.5 
n 542 0 0.389801 0.611784 0.5 
n 543 0 0.153227 0.276676 0.5 
n 544 0 0.194714 0.182661 0.5 
n 545 0 0.121514 0.348544 0.5 
n 546 0 0.0896745 0.420697 0.5 
n 547 0 0.135024 0.317928 0.5 
n 548 0 0.129916 0.329503 0.5 
n 549 0 0.135373 0.317138 0.5 
n 550 0 0.0459444 0.519796 0.5 
n 551 0 0.101446 0.39402 0.5 
n 552 0 0.0295218 0.557012 0.5 
n 553 0 0.106167 0.383321 0.5 
n 554 0 0.150848 0.282067 0.5 
n 555 0 0.846891 0.426763 0.5 
n 556 0 0.90824 0.27909 0.5 
n 557 0 0.847094 0.426273 0.5 
n 558 0 0.767397 0.618113 0.5 
n 559 0 0.893703 0.314081 0.5 
n 560 0 0.837772 0.448712 0.5 
n 561 0 0.747191 0.666748 0.5 
n 562 0 0.909373 0.276363 0.5 
n 563 0 -0.0461542 0.704333 0.5 
n 564 0 0.0944274 0.916425 0.5 
n 565 0 -0.0533601 0.693462 0.5 
n 566 0 -0.0673543 0.672349 0.5 
n 567 0 0.335863 0.351319 0.5 
n 568 0 0.637316 0.333009 0.5 
n 569 0 0.34287 0.350893 0.5 
n 570 0 0.454788 0.344095 0.5 
n 571 0 0.488866 0.342026 0.5 
n 572 0 0.61865 0.334143 0.5 
n 573 0 0.460695 0.343737 0.5 
n 574 0 0.236523 0.357352 0.5 
n 575 0 0.446133 0.344621 0.5 
n 576 0 0.204863 0.359275 0.5 
n 577 0 0.553627 0.338092 0.5 
n 578 0 0.260834 0.355876 0.5 
n 579 0 0.516739 0.340333 0.5 
n 580 0 0.34953 0.350488 0.5 
n 581 0 0.602648 0.200665 0.5 
n 582 0 0.749392 0.210699 0.5 
n 583 0 0.872993 0.21915 0.5 
n 584 0 1.03673 0.230345 0.5 
n 585 0 0.595182 0.200154 0.5 
n 586 0 0.930228 0.223063 0.5 
n 587 0 0.774795 0.212436 0.5 
n 588 0 0.653289 0.204128 0.5 
n 589 0 0.557015 0.197545 0.5 
n 590 0 0.820808 0.215582 0.5 
n 591 0 0.731683 0.209488 0.5 
n 592 0 0.598091 0.200353 0.5 
n 593 0 0.850748 0.426189 0.5 
n 594 0 0.675158 0.452329 0.5 
n 595 0 0.522402 0.475069 0.5 
n 596 0 0.584483 0.465828 0.5 
n 597 0 0.728688 0.44436 0.5 
n 598 0 0.69291 0.449686 0.5 
n 599 0 0.743358 0.442176 0.5 
n 600 0 0.964174 0.409304 0.5 
n 601 0 0.937499 0.413275 0.5 
n 602 0 0.702646 0.448237 0.5 
n 603 0 0.769909 0.438223 0.5 
n 604 0 0.890088 0.420333 0.5 
n 605 0 0.594655 0.198492 0.5 
n 606 0 0.508016 0.174943 0.5 
n 607 0 0.76819 0.245661 0.5 
n 608 0 0.652775 0.21429 0.5 
n 609 0 0.560896 0.189316 0.5 
n 610 0 0.51809 0.177681 0.5 
n 611 0 0.400984 0.145851 0.5 
n 612 0 0.532191 0.181514 0.5 
n 613 0 0.367624 0.136783 0.5 
n 614 0 0.736279 0.236987 0.5 
n 615 0 0.598557 0.199553 0.5 
n 616 0 0.405958 0.147203 0.5 
n 617 0 0.847078 0.836935 0.5 
n 618 0 0.878694 0.720105 0.5 
n 619 0 0.140878 0.454212 0.5 
n 620 0 0.145867 0.382493 0.5 
n 621 0 0.143295 0.419464 0.5 
n 622 0 0.131657 0.586776 0.5 
n 623 0 0.131199 0.593354 0.5 
n 624 0 0.149954 0.323727 0.5 
n 625 0 0.123025 0.710875 0.5 
n 626 0 0.150726 0.312631 0.5 
n 627 0 0.147014 0.365999 0.5 
n 628 0 0.123515 0.703828 0.5 
n 629 0 0.146492 0.373496 0.5 
n 630 0 0.152784 0.283044 0.5 
n 631 0 0.144686 0.399469 0.5 
n 632 0 0.775436 0.183679 0.5 
n 633 0 0.852026 0.183493 0.5 
n 634 0 1.06925 0.182965 0.5 
n 635 0 1.13668 0.182802 0.5 
n 636 0 1.00285 0.183127 0.5 
n 637 0 0.780515 0.183667 0.5 
n 638 0 1.18924 0.182674 0.5 
n 639 0 1.05414 0.183002 0.5 
n 640 0 1.12358 0.182833 0.5 
n 641 0 0.79716 0.183627 0.5 
n 642 0 0.727389 0.183796 0.5 
n 643 0 0.95511 0.183243 0.5 
n 644 0 0.823074 0.134257 0.5 
n 645 0 0.781831 0.177044 0.5 
n 646 0 0.8732 0.082254 0.5 
n 647 0 0.787747 0.170907 0.5 
n 648 0 0.891347 0.250363 0.5 
n 649 0 0.798609 0.0926517 0.5 
n 650 0 0.781013 0.0627271 0.5 
n 651 0 0.906484 0.276104 0.5 
n 652 0 0.961424 0.694921 0.5 
n 653 0 0.904611 0.765481 0.5 
n 654 0 0.822787 0.867104 0.5 
n 655 0 0.925768 0.739205 0.5 
n 656 0 0.0687521 0.255608 0.5 
n 657 0 0.0686201 0.274807 0.5 
n 658 0 0.0688445 0.242164 0.5 
n 659 0 0.0696579 0.123866 0.5 
n 660 0 0.0685013 0.292087 0.5 
n 661 0 0.0680058 0.364152 0.5 
n 662 0 0.0688548 0.24067 0.5 
n 663 0 0.0685112 0.290641 0.5 
n 664 0 0.0608912 0.264033 0.5 
n 665 0 0.266439 0.0437243 0.5 
n 666 0 0.0714629 0.252702 0.5 
n 667 0 0.0437024 0.282456 0.5 
n 668 0 0.124705 0.195637 0.5 
n 669 0 0.0782592 0.245418 0.5 
n 670 0 0.0385723 0.287955 0.5 
n 671 0 0.257092 0.053743 0.5 
n 672 0 0.181817 0.432609 0.5 
n 673 0 0.209615 0.41794 0.5 
n 674 0 0.340187 0.349037 0.5 
n 675 0 0.475742 0.277505 0.5 
n 676 0 0.445522 0.293452 0.5 
n 677 0 0.287158 0.37702 0.5 
n 678 0 0.483784 0.273261 0.5 
n 679 0 0.473358 0.278763 0.5 
n 680 0 0.490773 0.269573 0.5 
n 681 0 0.351606 0.343011 0.5 
n 682 0 0.171916 0.418806 0.5 
n 683 0 0.0813724 0.292585 0.5 
n 684 0 0.0858505 0.298827 0.5 
n 685 0 0.115967 0.340812 0.5 
n 686 0 0.140447 0.374938 0.5 
n 687 0 0.138008 0.371537 0.5 
n 688 0 0.140466 0.374965 0.5 
n 689 0 0.0300943 0.221101 0.5 
n 690 0 0.155211 0.395519 0.5 
n 691 0 0.0807665 0.29174 0.5 
n 692 0 0.430526 0.71581 0.5 
n 693 0 0.466349 0.753478 0.5 
n 694 0 0.560122 0.852082 0.5 
n 695 0 0.451077 0.737419 0.5 
n 696 0 0.448103 0.734292 0.5 
n 697 0 0.43348 0.718916 0.5 
n 698 0 -0.217683 0.427762 0.5 
n 699 0 -0.00140342 0.42279 0.5 
n 700 0 -0.0254364 0.423343 0.5 
n 701 0 0.0568367 0.421452 0.5 
n 702 0 -0.0556107 0.424037 0.5 
n 703 0 -0.0615037 0.424172 0.5 
n 704 0 -0.231785 0.428086 0.5 
n 705 0 -0.111171 0.425314 0.5 
n 706 0 0.498346 0.74509 0.5 
n 707 0 0.468403 0.732163 0.5 
n 708 0 0.534772 0.760817 0.5 
n 709 0 0.217454 0.623818 0.5 
n 710 0 0.434823 0.717665 0.5 
n 711 0 0.18881 0.611452 0.5 
n 712 0 0.353897 0.682726 0.5 
n 713 0 0.662145 0.411297 0.5 
n 714 0 0.579342 0.15021 0.5 
n 715 0 0.65621 0.392584 0.5 
n 716 0 0.567841 0.113946 0.5 
n 717 0 0.679438 0.465825 0.5 
n 718 0 0.665047 0.420446 0.5 
n 719 0 0.609756 0.246107 0.5 
n 720 0 0.59625 0.203522 0.5 
n 721 0 0.571333 0.124955 0.5 
n 722 0 0.479234 0.7501 0.5 
n 723 0 0.208565 0.82106 0.5 
n 724 0 0.520282 0.739339 0.5 
n 725 0 0.368986 0.779004 0.5 
n 726 0 0.563231 0.728079 0.5 
n 727 0 0.295409 0.798293 0.5 
n 728 0 0.589724 0.842271 0.5 
n 729 0 0.676175 0.813619 0.5 
n 730 0 0.532432 0.86126 0.5 
n 731 0 0.748487 0.789652 0.5 
n 732 0 0.433026 0.413251 0.5 
n 733 0 0.547045 0.492114 0.5 
n 734 0 0.449798 0.424852 0.5 
n 735 0 0.4945 0.45577 0.5 
n 736 0 0.4161 0.401544 0.5 
n 737 0 0.56842 0.506898 0.5 
n 738 0 0.262255 0.295134 0.5 
n 739 0 0.318683 0.334163 0.5 
n 740 0 0.472435 0.440508 0.5 
n 741 0 0.348363 0.354692 0.5 
n 742 0 0.390807 0.547419 0.5 
n 743 0 0.510748 0.166258 0.5 
n 744 0 0.457858 0.334337 0.5 
n 745 0 0.467167 0.304755 0.5 
n 746 0 0.381835 0.57593 0.5 
n 747 0 0.474971 0.279955 0.5 
n 748 0 0.476559 0.274908 0.5 
n 749 0 0.48911 0.235023 0.5 
n 750 0 0.413218 0.476199 0.5 
n 751 0 0.444884 0.73463 0.5 
n 752 0 0.548626 0.781353 0.5 
n 753 0 0.214003 0.630647 0.5 
n 754 0 0.425826 0.726047 0.5 
n 755 0 0.181357 0.615944 0.5 
n 756 0 0.349394 0.691624 0.5 
n 757 0 0.747123 0.35163 0.5 
n 758 0 0.666343 0.408349 0.5 
n 759 0 0.861867 0.271062 0.5 
n 760 0 0.657285 0.414709 0.5 
n 761 0 0.754565 0.346405 0.5 
n 762 0 0.864124 0.269478 0.5 
n 763 0 0.860555 0.271984 0.5 
n 764 0 0.803607 0.0675129 0.5 
n 765 0 0.727992 0.447861 0.5 
n 766 0 0.784046 0.165906 0.5 
n 767 0 0.75164 0.328907 0.5 
n 768 0 0.765261 0.260395 0.5 
n 769 0 0.764667 0.263381 0.5 
n 770 0 0.512332 0.727554 0.5 
n 771 0 0.145581 0.76603 0.5 
n 772 0 0.413027 0.737972 0.5 
n 773 0 0.121647 0.768541 0.5 
n 774 0 0.549819 0.723621 0.5 
n 775 0 0.321054 0.747621 0.5 
n 776 0 0.119043 0.768814 0.5 
n 777 0 0.260451 0.0545042 0.5 
n 778 0 0.650973 0.249894 0.5 
n 779 0 0.650808 0.253166 0.5 
n 780 0 0.658763 0.0959583 0.5 
n 781 0 0.656321 0.144215 0.5 
n 782 0 0.141004 0.877509 0.5 
n 783 0 0.139874 0.878453 0.5 
n 784 0 0.153162 0.86735 0.5 
n 785 0 0.545943 0.221018 0.5 
n 786 0 0.471371 0.379117 0.5 
n 787 0 0.506983 0.303616 0.5 
n 788 0 0.529982 0.254857 0.5 
n 789 0 0.537251 0.239446 0.5 
n 790 0 0.589331 0.129034 0.5 
n 791 0 0.361811 0.504438 0.5 
n 792 0 0.404407 0.567579 0.5 
n 793 0 0.599053 0.8561 0.5 
n 794 0 0.478321 0.67714 0.5 
n 795 0 0.498077 0.706424 0.5 
n 796 0 0.363127 0.506389 0.5 
n 797 0 0.408844 0.574155 0.5 
n 798 0 0.526945 0.191458 0.5 
n 799 0 0.698702 0.458698 0.5 
n 800 0 0.682326 0.433218 0.5 
n 801 0 0.560363 0.243454 0.5 
n 802 0 0.559075 0.241451 0.5 
n 803 0 0.567021 0.253814 0.5 
n 804 0 0.469349 0.101844 0.5 
n 805 0 0.0377737 0.117113 0.5 
n 806 0 0.0826108 0.297569 0.5 
n 807 0 0.0971465 0.356071 0.5 
n 808 0 0.0684186 0.24045 0.5 
n 809 0 0.0811715 0.291776 0.5 
n 810 0 0.455567 0.326742 0.5 
n 811 0 0.515802 0.526366 0.5 
n 812 0 0.531789 0.579349 0.5 
n 813 0 0.431827 0.248066 0.5 
n 814 0 0.443653 0.287259 0.5 
n 815 0 0.426145 0.229238 0.5 
n 816 0 0.487208 0.431604 0.5 
n 817 0 0.40377 0.155085 0.5 
n 818 0 1.11933 0.134388 0.5 
n 819 0 0.704446 0.046509 0.5 
n 820 0 0.689359 0.0433133 0.5 
n 821 0 0.141223 0.320336 0.5 
n 822 0 0.135457 0.318096 0.5 
n 823 0 0.333155 0.394886 0.5 
n 824 0 0.190283 0.339392 0.5 
n 825 0 0.246537 0.361242 0.5 
n 826 0 0.0636508 0.290205 0.5 
n 827 0 0.336812 0.396307 0.5 
n 828 0 0.47877 0.282764 0.5 
n 829 0 0.484484 0.271933 0.5 
n 830 0 0.503273 0.236324 0.5 
n 831 0 0.359688 0.508462 0.5 
n 832 0 0.563026 0.123073 0.5 
n 833 0 -0.0977309 0.689081 0.5 
n 834 0 0.171059 0.715617 0.5 
n 835 0 -0.0963216 0.68922 0.5 
n 836 0 0.128364 0.711402 0.5 
n 837 0 0.111196 0.709707 0.5 
n 838 0 0.329343 0.731243 0.5 
n 839 0 0.0981309 0.708417 0.5 
n 840 0 0.136023 0.324551 0.5 
n 841 0 0.326441 0.170172 0.5 
n 842 0 0.174005 0.293758 0.5 
n 843 0 0.423527 0.09146 0.5 
n 844 0 0.420823 0.0936519 0.5 
n 845 0 0.768985 0.432695 0.5 
n 846 0 0.413961 0.564044 0.5 
n 847 0 0.140039 0.370288 0.5 
n 848 0 0.14045 0.374968 0.5 
n 849 0 0.131433 0.272264 0.5 
n 850 0 0.903667 0.688311 0.5 
n 851 0 0.850857 0.7174 0.5 
n 852 0 0.859837 0.712454 0.5 
n 853 0 0.730524 0.783682 0.5 
n 854 0 0.809245 0.740321 0.5 
n 855 0 0.153414 0.75053 0.5 
n 856 0 0.127541 0.801723 0.5 
n 857 0 0.238988 0.581209 0.5 
n 858 0 0.129261 0.798321 0.5 
n 859 0 0.904182 0.730446 0.5 
n 860 0 0.983557 0.435496 0.5 
n 861 0 0.962899 0.452948 0.5 
n 862 0 1.02065 0.404155 0.5 
n 863 0 0.72195 0.656506 0.5 
n 864 0 0.859854 0.540003 0.5 
n 865 0 0.999333 0.456812 0.5 
n 866 0 0.969574 0.4166 0.5 
n 867 0 0.860445 0.26914 0.5 
n 868 0 0.862691 0.272175 0.5 
n 869 0 -0.0250344 0.471796 0.5 
n 870 0 0.127164 0.378205 0.5 
n 871 0 0.223696 0.318845 0.5 
n 872 0 0.852353 0.709417 0.5 
n 873 0 -0.0563308 0.422912 0.5 
n 874 0 0.105021 0.67494 0.5 
n 875 0 0.567661 0.593904 0.5 
n 876 0 0.460348 0.693884 0.5 
n 877 0 0.885879 0.436992 0.5 
n 878 0 0.820335 0.696426 0.5 
n 879 0 0.470977 0.277003 0.5 
n 880 0 0.403543 0.227161 0.5 
n 881 0 0.528734 0.319693 0.5 
n 882 0 0.387131 0.21503 0.5 
n 883 0 0.7398 0.258055 0.5 
n 884 0 0.740325 0.261197 0.5 
n 885 0 0.700662 0.023865 0.5 
n 886 0 0.141324 0.879315 0.5 
n 887 0 0.12449 0.784542 0.5 
n 888 0 0.364391 0.661991 0.5 
n 889 0 0.79304 0.80446 0.5 
n 890 0 0.281602 0.348081 0.5 
n 891 0 0.564397 0.24194 0.5 
n 892 0 0.358176 0.31934 0.5 
n 893 0 0.161443 0.891266 0.5 
n 894 0 0.57344 0.242771 0.5 
n 895 0 0.294829 0.547553 0.5 
n 896 0 0.633697 0.139088 0.5 
n 897 0 0.421556 0.0910133 0.5 
