b 872 100 1 1 1.0 1 0 0 
f 0 0.01 0 202 200 201 1 
f 1 0.01 2 205 214 208 204 209 215 211 212 210 203 213 207 206 3 
f 2 0.01 4 230 224 223 216 226 217 219 229 227 225 221 222 228 220 218 5 
f 3 0.01 6 236 234 232 237 231 233 235 238 7 
f 4 0.01 8 239 242 249 244 241 245 246 250 243 248 247 251 240 216 9 
f 5 0.01 10 256 263 255 262 260 252 253 257 254 259 261 258 11 
f 6 0.01 12 268 267 265 264 266 13 
f 7 0.01 14 272 273 279 278 277 275 203 271 269 274 280 270 276 15 
f 8 0.01 16 285 283 281 286 291 292 284 269 287 288 290 294 289 282 293 17 
f 9 0.01 18 297 296 301 302 299 304 252 306 309 312 305 298 281 303 310 295 307 313 308 300 311 19 
f 10 0.01 20 323 316 321 320 314 315 322 318 317 324 326 319 325 21 
f 11 0.01 22 327 330 328 335 332 295 337 331 336 329 270 333 334 23 
f 12 0.01 24 231 352 340 351 345 354 355 344 353 349 339 342 338 350 348 341 347 343 346 25 
f 13 0.01 26 271 360 362 361 364 359 204 357 363 356 358 27 
f 14 0.01 28 365 314 368 370 366 371 239 372 373 369 367 29 
f 15 0.01 30 374 377 381 376 365 315 380 378 385 338 379 382 384 383 375 31 
f 16 0.01 32 390 387 386 392 393 391 389 388 374 33 
f 17 0.01 34 394 217 407 403 395 405 399 404 400 396 406 397 398 401 402 35 
f 18 0.01 36 232 410 409 415 414 408 413 411 412 37 
f 19 0.01 38 419 416 428 418 424 429 420 427 417 394 426 240 430 421 375 423 422 425 339 39 
f 20 0.01 40 437 439 264 431 436 433 435 432 438 434 41 
f 21 0.01 42 444 408 443 446 448 386 449 447 442 445 441 440 43 
f 22 0.01 44 459 455 453 452 457 218 451 416 458 454 450 327 456 45 
f 23 0.01 46 464 468 469 467 465 460 463 376 466 462 461 47 
f 24 0.01 48 470 471 356 205 472 282 49 
f 25 0.01 50 481 473 477 480 479 475 482 483 476 484 478 233 474 51 
f 26 0.01 52 492 488 491 440 296 487 486 490 485 494 493 489 241 53 
f 27 0.01 54 377 460 495 316 366 496 242 497 498 485 55 
f 28 0.01 56 506 441 297 500 486 502 505 503 507 501 504 499 508 57 
f 29 0.01 58 340 517 510 512 521 520 518 509 522 513 514 511 473 516 519 523 395 515 59 
f 30 0.01 60 528 530 533 527 298 283 526 328 525 531 450 524 529 417 219 532 61 
f 31 0.01 62 543 265 431 536 539 538 535 537 540 541 220 534 542 418 63 
f 32 0.01 64 549 551 461 317 547 378 546 341 545 544 550 243 548 499 65 
f 33 0.01 66 556 553 559 558 554 555 234 552 409 560 557 67 
f 34 0.01 68 552 410 565 474 564 387 567 566 442 367 500 487 561 562 299 563 253 69 
f 35 0.01 70 574 575 572 569 577 571 570 419 451 534 578 568 221 573 576 71 
f 36 0.01 72 579 432 582 581 588 535 580 585 586 587 222 568 583 589 584 420 524 73 
f 37 0.01 74 591 598 595 599 590 597 342 379 596 594 593 544 592 75 
f 38 0.01 76 579 602 433 604 536 601 600 606 396 605 603 77 
f 39 0.01 78 616 206 611 618 610 254 608 607 609 488 614 612 617 613 615 79 
f 40 0.01 80 625 452 622 537 580 621 600 397 624 626 619 620 623 272 81 
f 41 0.01 82 343 627 628 380 629 318 462 631 630 83 
f 42 0.01 84 319 644 553 590 636 344 642 633 640 639 509 645 475 634 632 643 635 637 641 638 85 
f 43 0.01 86 554 647 591 345 648 649 510 646 650 476 87 
f 44 0.01 88 658 653 659 654 632 651 477 511 655 223 656 660 421 652 657 89 
f 45 0.01 90 207 666 667 284 669 329 663 569 664 665 662 661 668 91 
f 46 0.01 92 244 489 675 678 670 501 679 255 671 674 673 330 525 676 680 672 300 677 570 93 
f 47 0.01 94 685 398 601 684 538 581 687 682 434 453 683 686 661 681 200 95 
f 48 0.01 96 695 696 619 688 694 692 693 690 691 607 301 561 502 689 97 
f 49 0.01 98 208 357 698 705 706 703 702 697 701 704 620 688 699 700 99 
f 50 0.01 100 707 245 712 713 670 711 503 710 708 562 302 608 709 101 
f 51 0.01 102 381 463 320 368 714 346 592 707 246 718 717 504 256 719 671 715 716 285 526 303 103 
f 52 0.01 104 257 563 304 708 505 689 490 369 723 725 464 722 724 721 720 388 105 
f 53 0.01 106 728 735 235 478 646 512 731 732 734 733 633 422 729 382 727 726 730 107 
f 54 0.01 108 740 738 697 741 273 258 737 690 736 609 491 506 739 109 
f 55 0.01 110 411 742 389 720 465 495 321 370 714 627 347 545 593 743 726 111 
f 56 0.01 112 305 527 286 747 751 331 749 744 571 748 745 746 662 681 750 113 
f 57 0.01 114 358 752 470 754 753 266 115 
f 58 0.01 116 274 287 755 757 759 756 359 209 698 758 471 752 117 
f 59 0.01 118 760 767 610 259 709 691 736 492 764 761 766 762 765 634 479 513 763 119 
f 60 0.01 120 769 770 768 275 772 611 760 773 771 528 306 260 710 121 
f 61 0.01 122 628 546 348 594 775 727 780 774 383 423 779 783 224 778 514 480 651 782 635 776 777 781 123 
f 62 0.01 124 784 785 572 276 663 744 787 788 307 332 786 125 
f 63 0.01 126 682 790 582 435 602 789 267 127 
f 64 0.01 128 692 793 699 796 792 603 794 399 795 515 791 573 225 583 424 454 672 308 129 
f 65 0.01 130 728 800 390 564 799 798 443 797 742 412 131 
f 66 0.01 132 693 737 261 803 802 277 768 210 360 755 288 804 333 801 574 784 133 
f 67 0.01 134 236 555 647 806 595 807 636 805 349 425 729 384 774 135 
f 68 0.01 136 810 455 683 808 809 745 664 785 575 801 334 289 756 811 361 211 769 137 
f 69 0.01 138 815 516 813 226 426 812 456 673 814 715 262 816 507 711 139 
f 70 0.01 140 466 322 629 547 385 350 596 775 743 730 817 652 247 818 812 529 427 584 141 
f 71 0.01 142 823 227 576 791 821 822 820 819 621 684 539 604 436 789 268 143 
f 72 0.01 144 622 540 585 819 826 400 605 792 828 700 825 637 776 824 653 761 612 827 145 
f 73 0.01 146 437 830 753 401 829 147 
f 74 0.01 148 613 762 833 654 834 824 777 832 638 793 694 623 835 701 831 402 149 
f 75 0.01 150 624 695 685 829 831 738 702 836 839 837 770 212 362 757 290 838 151 
f 76 0.01 152 403 846 842 813 481 655 778 763 845 639 841 843 844 731 840 648 351 153 
f 77 0.01 154 656 850 779 640 847 849 732 848 840 649 517 352 237 565 155 
f 78 0.01 156 771 530 309 851 716 814 674 852 248 657 817 780 157 
f 79 0.01 158 855 794 404 854 820 586 541 457 625 808 853 746 665 201 159 
f 80 0.01 160 444 413 797 391 721 467 323 371 496 249 493 675 712 856 717 548 508 161 
f 81 0.01 162 445 739 614 764 658 781 832 641 825 857 405 795 821 163 
f 82 0.01 164 630 549 858 324 556 597 805 353 642 733 847 859 841 518 482 615 765 833 165 
f 83 0.01 166 531 862 676 335 786 310 747 291 616 666 213 772 802 278 861 860 167 
f 84 0.01 168 577 748 809 853 686 863 169 
f 85 0.01 170 406 606 826 854 822 587 228 578 542 428 458 311 677 787 749 336 864 292 667 171 
f 86 0.01 172 414 557 798 446 865 392 722 468 372 497 173 
f 87 0.01 174 293 472 214 363 758 867 866 740 175 
f 88 0.01 176 202 750 668 863 459 810 438 790 687 588 177 
f 89 0.01 178 827 617 766 659 834 643 782 815 519 842 868 407 532 229 823 589 429 179 
f 90 0.01 180 866 703 836 860 869 279 803 618 767 773 533 312 851 181 
f 91 0.01 182 566 447 723 373 498 494 678 713 856 718 250 550 183 
f 92 0.01 184 848 354 598 806 558 325 185 
f 93 0.01 186 483 520 843 870 849 734 355 807 599 559 644 326 858 551 631 187 
f 94 0.01 188 415 560 799 448 865 393 724 469 189 
f 95 0.01 190 725 449 567 800 735 238 484 650 521 844 870 859 191 
f 96 0.01 192 645 522 845 230 783 850 660 430 251 818 852 719 263 679 816 193 
f 97 0.01 194 837 871 861 869 741 835 704 696 626 796 828 855 857 523 846 868 195 
f 98 0.01 196 705 215 364 811 759 294 838 804 280 669 864 751 337 788 313 680 862 197 
f 99 0.01 198 871 839 706 867 754 830 439 543 199 
n 0 2 -0.0486844 0 0.5 
n 1 1 0.214985 0.160077 0.5 
n 2 1 0.496868 0.00581917 0.5 
n 3 1 0.295791 0.463605 0.5 
n 4 1 0.808609 0.70282 0.5 
n 5 1 1.04764 0.263657 0.5 
n 6 2 0.650552 1 0.5 
n 7 1 0.649034 0.636295 0.5 
n 8 1 0.291459 0.812004 0.5 
n 9 1 -0.136058 0.552719 0.5 
n 10 1 0.157565 0.638386 0.5 
n 11 1 0.609211 0.423872 0.5 
n 12 2 0.824868 0 0.5 
n 13 1 0.749259 0.272676 0.5 
n 14 1 0.673931 0.421928 0.5 
n 15 1 0.207647 0.241431 0.5 
n 16 1 0.192865 0.492967 0.5 
n 17 1 0.458594 0.0694249 0.5 
n 18 1 0.501437 0.621567 0.5 
n 19 1 0.0829501 0.347946 0.5 
n 20 1 0.286587 0.811981 0.5 
n 21 1 -0.203396 0.911567 0.5 
n 22 1 0.0772933 0.579568 0.5 
n 23 1 0.339618 0.153909 0.5 
n 24 1 0.640891 0.809915 0.5 
n 25 1 1.13971 0.77563 0.5 
n 26 1 0.317863 0.316676 0.5 
n 27 2 0.528051 0 0.5 
n 28 1 0.0457503 0.874611 0.5 
n 29 1 0.492327 0.649734 0.5 
n 30 2 0.202998 1 0.5 
n 31 1 -0.0869638 0.683122 0.5 
n 32 1 0.571227 0.790071 0.5 
n 33 2 0.126774 1 0.5 
n 34 1 0.999519 0.528735 0.5 
n 35 1 0.639824 0.181431 0.5 
n 36 1 0.73686 0.824093 0.5 
n 37 2 0.364202 1 0.5 
n 38 1 1.04686 0.333953 0.5 
n 39 1 0.878544 0.804771 0.5 
n 40 2 0.657527 0 0.5 
n 41 1 0.991559 0.232516 0.5 
n 42 2 0.426048 1 0.5 
n 43 1 0.569603 0.536391 0.5 
n 44 1 -0.0237343 0.1193 0.5 
n 45 1 0.113037 0.60023 0.5 
n 46 1 0.382134 0.796814 0.5 
n 47 1 -0.103919 0.914082 0.5 
n 48 2 0.558148 1.86265e-09 0.5 
n 49 1 0.338419 0.182457 0.5 
n 50 1 0.858669 0.53885 0.5 
n 51 1 0.515561 0.90255 0.5 
n 52 1 0.601439 0.523209 0.5 
n 53 1 0.159873 0.757772 0.5 
n 54 2 0.0707317 1 0.5 
n 55 1 0.284971 0.661953 0.5 
n 56 1 0.588233 0.585007 0.5 
n 57 1 0.0969666 0.678053 0.5 
n 58 1 0.67699 0.83574 0.5 
n 59 1 0.9189 0.398156 0.5 
n 60 1 0.435194 0.488633 0.5 
n 61 1 -0.0628604 0.444572 0.5 
n 62 2 0.715231 0 0.5 
n 63 1 1.03844 0.364752 0.5 
n 64 2 0.883674 1 0.5 
n 65 1 1.15296 0.652261 0.5 
n 66 1 0.943316 0.840285 0.5 
n 67 1 0.454745 0.946578 0.5 
n 68 1 0.637562 0.944343 0.5 
n 69 1 0.386686 0.511838 0.5 
n 70 1 0.348846 0.140547 0.5 
n 71 1 -0.0672574 0.41778 0.5 
n 72 1 0.88358 0.0307042 0.5 
n 73 1 1.02652 0.509836 0.5 
n 74 1 0.661344 0.866653 0.5 
n 75 1 1.14735 0.749204 0.5 
n 76 2 0.926353 0 0.5 
n 77 1 0.839183 0.413555 0.5 
n 78 1 0.291435 0.381442 0.5 
n 79 1 0.73823 0.605884 0.5 
n 80 1 1.10398 0.211948 0.5 
n 81 1 0.652158 0.426086 0.5 
n 82 1 1.06788 0.777782 0.5 
n 83 2 0.931904 1 0.5 
n 84 1 0.887275 0.944046 0.5 
n 85 1 0.703606 0.479003 0.5 
n 86 2 0.783401 1 0.5 
n 87 1 0.699265 0.66453 0.5 
n 88 1 0.623015 0.511843 0.5 
n 89 1 1.08068 0.713187 0.5 
n 90 1 0.371907 0.417745 0.5 
n 91 1 0.0168254 0.0657265 0.5 
n 92 1 0.185389 0.753106 0.5 
n 93 1 0.107354 0.259233 0.5 
n 94 1 0.732032 0.339715 0.5 
n 95 1 1.16593 0.0912516 0.5 
n 96 1 0.796333 0.339575 0.5 
n 97 1 0.389533 0.630287 0.5 
n 98 1 0.450593 0.0964383 0.5 
n 99 1 0.7779 0.47442 0.5 
n 100 1 0.113039 0.754653 0.5 
n 101 1 0.541044 0.496174 0.5 
n 102 1 0.0869615 0.907848 0.5 
n 103 1 0.214821 0.424472 0.5 
n 104 1 0.435048 0.499013 0.5 
n 105 1 0.277004 0.973378 0.5 
n 106 1 0.520624 0.742539 0.5 
n 107 1 1.02062 0.743689 0.5 
n 108 1 0.663753 0.241059 0.5 
n 109 1 0.51652 0.71889 0.5 
n 110 1 0.423104 0.98978 0.5 
n 111 1 -0.00932129 0.738766 0.5 
n 112 1 0.289238 0.493932 0.5 
n 113 1 0.0440999 0.0581488 0.5 
n 114 2 0.525617 0 0.5 
n 115 1 0.769521 0.260174 0.5 
n 116 1 0.317903 0.28473 0.5 
n 117 2 0.549891 0 0.5 
n 118 1 0.372366 0.423599 0.5 
n 119 1 0.822286 0.641708 0.5 
n 120 1 0.472303 0.146207 0.5 
n 121 1 0.34369 0.629383 0.5 
n 122 1 1.06159 0.810718 0.5 
n 123 1 0.677989 0.490018 0.5 
n 124 2 0.263526 0 0.5 
n 125 1 0.162811 0.459791 0.5 
n 126 1 0.976993 0.251765 0.5 
n 127 2 0.780943 0 0.5 
n 128 1 0.675451 0.417812 0.5 
n 129 1 1.17404 0.380281 0.5 
n 130 1 0.620938 0.722612 0.5 
n 131 2 0.387342 1 0.5 
n 132 1 0.613878 0.476172 0.5 
n 133 1 0.227883 0.158355 0.5 
n 134 2 0.59702 1 0.5 
n 135 1 0.967154 0.687649 0.5 
n 136 1 -0.0288189 0.185593 0.5 
n 137 1 0.469548 0.225978 0.5 
n 138 1 -0.185764 0.501847 0.5 
n 139 1 0.290489 0.654106 0.5 
n 140 1 0.0168028 0.922339 0.5 
n 141 1 0.0056816 0.422463 0.5 
n 142 1 0.97949 0.435667 0.5 
n 143 2 0.818856 0 0.5 
n 144 1 0.994493 0.253871 0.5 
n 145 1 0.636235 0.602656 0.5 
n 146 2 0.698271 0 0.5 
n 147 1 0.716631 0.364926 0.5 
n 148 1 0.73458 0.641594 0.5 
n 149 1 0.656955 0.147656 0.5 
n 150 1 0.808785 0.355543 0.5 
n 151 1 0.325034 0.229112 0.5 
n 152 1 0.923933 0.408362 0.5 
n 153 1 0.680659 0.845189 0.5 
n 154 1 0.92701 0.63147 0.5 
n 155 1 0.50962 0.906762 0.5 
n 156 1 0.391469 0.472243 0.5 
n 157 1 -0.0336724 0.735405 0.5 
n 158 1 0.802001 0.451374 0.5 
n 159 1 1.18525 0.130251 0.5 
n 160 1 0.467692 0.997352 0.5 
n 161 1 0.0981898 0.660501 0.5 
n 162 1 0.532798 0.622706 0.5 
n 163 1 0.960914 0.364411 0.5 
n 164 2 0.937194 1 0.5 
n 165 1 0.725406 0.589376 0.5 
n 166 1 0.0847816 0.463388 0.5 
n 167 1 0.557027 0.299121 0.5 
n 168 1 0.172479 0.263945 0.5 
n 169 2 -0.0606413 0 0.5 
n 170 1 -0.182645 0.362882 0.5 
n 171 1 0.317316 0.356689 0.5 
n 172 2 0.564653 1 0.5 
n 173 1 0.218194 0.733289 0.5 
n 174 2 0.346653 0 0.5 
n 175 1 0.66716 0.285768 0.5 
n 176 2 0.164492 -3.72529e-09 0.5 
n 177 1 -0.0712073 0.234975 0.5 
n 178 1 0.577982 0.612842 0.5 
n 179 1 1.03307 0.405726 0.5 
n 180 1 0.650019 0.216226 0.5 
n 181 1 0.27606 0.548121 0.5 
n 182 1 0.575809 0.740079 0.5 
n 183 1 0.0766624 0.710879 0.5 
n 184 1 0.751749 0.746869 0.5 
n 185 2 0.837756 1 0.5 
n 186 1 0.657447 0.59428 0.5 
n 187 1 0.953698 0.997064 0.5 
n 188 2 0.596125 1 0.5 
n 189 1 0.27503 0.80026 0.5 
n 190 1 0.297669 0.785094 0.5 
n 191 1 0.793245 0.718727 0.5 
n 192 1 -0.235348 0.649656 0.5 
n 193 1 0.264378 0.633101 0.5 
n 194 1 0.445177 0.259663 0.5 
n 195 1 0.897425 0.472905 0.5 
n 196 1 0.479721 0.120108 0.5 
n 197 1 0.110915 0.457721 0.5 
n 198 1 0.441935 0.293443 0.5 
n 199 2 0.72957 0 0.5 
n 200 0 0.132835 0.110202 0.5 
n 201 0 0.177102 0.137077 0.5 
n 202 0 0.0838071 0.0804371 0.5 
n 203 0 0.366388 0.302879 0.5 
n 204 0 0.443415 0.127516 0.5 
n 205 0 0.465709 0.0767585 0.5 
n 206 0 0.32457 0.398086 0.5 
n 207 0 0.332914 0.379089 0.5 
n 208 0 0.454887 0.101397 0.5 
n 209 0 0.440395 0.13439 0.5 
n 210 0 0.376221 0.280493 0.5 
n 211 0 0.402551 0.220549 0.5 
n 212 0 0.391194 0.246404 0.5 
n 213 0 0.333957 0.376714 0.5 
n 214 0 0.456432 0.0978802 0.5 
n 215 0 0.424441 0.170712 0.5 
n 216 0 0.883763 0.564741 0.5 
n 217 0 0.936487 0.467874 0.5 
n 218 0 1.02772 0.300246 0.5 
n 219 0 0.948617 0.445588 0.5 
n 220 0 1.01005 0.332716 0.5 
n 221 0 0.981395 0.385365 0.5 
n 222 0 0.986558 0.37588 0.5 
n 223 0 0.856619 0.614613 0.5 
n 224 0 0.847363 0.631618 0.5 
n 225 0 0.976051 0.395185 0.5 
n 226 0 0.902617 0.530102 0.5 
n 227 0 0.969203 0.407766 0.5 
n 228 0 0.994829 0.360684 0.5 
n 229 0 0.949649 0.443691 0.5 
n 230 0 0.838883 0.647197 0.5 
n 231 0 0.649756 0.809306 0.5 
n 232 0 0.649989 0.865099 0.5 
n 233 0 0.649552 0.760518 0.5 
n 234 0 0.650152 0.904067 0.5 
n 235 0 0.649478 0.742835 0.5 
n 236 0 0.650364 0.954985 0.5 
n 237 0 0.649777 0.814322 0.5 
n 238 0 0.649458 0.737981 0.5 
n 239 0 0.236397 0.778609 0.5 
n 240 0 -0.0500062 0.604909 0.5 
n 241 0 0.182352 0.745831 0.5 
n 242 0 0.21808 0.7675 0.5 
n 243 0 0.11305 0.7038 0.5 
n 244 0 0.18444 0.747098 0.5 
n 245 0 0.155057 0.729278 0.5 
n 246 0 0.13708 0.718374 0.5 
n 247 0 0.0105578 0.64164 0.5 
n 248 0 0.0647295 0.674495 0.5 
n 249 0 0.210552 0.762935 0.5 
n 250 0 0.129852 0.713991 0.5 
n 251 0 0.0103544 0.641517 0.5 
n 252 0 0.371647 0.536705 0.5 
n 253 0 0.394746 0.525734 0.5 
n 254 0 0.489288 0.480831 0.5 
n 255 0 0.166586 0.634101 0.5 
n 256 0 0.158334 0.63802 0.5 
n 257 0 0.432048 0.508018 0.5 
n 258 0 0.607117 0.424867 0.5 
n 259 0 0.489862 0.480558 0.5 
n 260 0 0.367883 0.538493 0.5 
n 261 0 0.571889 0.441599 0.5 
n 262 0 0.191259 0.622382 0.5 
n 263 0 0.161516 0.636509 0.5 
n 264 0 0.797794 0.0976389 0.5 
n 265 0 0.798737 0.0942394 0.5 
n 266 0 0.756559 0.246349 0.5 
n 267 0 0.813334 0.0415966 0.5 
n 268 0 0.822287 0.00930754 0.5 
n 269 0 0.322729 0.285979 0.5 
n 270 0 0.27065 0.265819 0.5 
n 271 0 0.335068 0.290755 0.5 
n 272 0 0.666776 0.419158 0.5 
n 273 0 0.615046 0.399134 0.5 
n 274 0 0.318287 0.284259 0.5 
n 275 0 0.424601 0.325413 0.5 
n 276 0 0.210408 0.2425 0.5 
n 277 0 0.436259 0.329926 0.5 
n 278 0 0.451503 0.335827 0.5 
n 279 0 0.495897 0.353012 0.5 
n 280 0 0.305718 0.279394 0.5 
n 281 0 0.225411 0.441092 0.5 
n 282 0 0.441251 0.0970683 0.5 
n 283 0 0.208184 0.46855 0.5 
n 284 0 0.290619 0.337159 0.5 
n 285 0 0.199501 0.48239 0.5 
n 286 0 0.243392 0.412432 0.5 
n 287 0 0.342292 0.254797 0.5 
n 288 0 0.343219 0.25332 0.5 
n 289 0 0.365655 0.217559 0.5 
n 290 0 0.353705 0.236606 0.5 
n 291 0 0.246775 0.40704 0.5 
n 292 0 0.27806 0.357175 0.5 
n 293 0 0.44637 0.0889089 0.5 
n 294 0 0.355386 0.233926 0.5 
n 295 0 0.180664 0.411834 0.5 
n 296 0 0.463265 0.596608 0.5 
n 297 0 0.477576 0.605965 0.5 
n 298 0 0.276675 0.474609 0.5 
n 299 0 0.419112 0.567739 0.5 
n 300 0 0.125798 0.375961 0.5 
n 301 0 0.449372 0.587525 0.5 
n 302 0 0.420758 0.568816 0.5 
n 303 0 0.212634 0.432738 0.5 
n 304 0 0.413396 0.564002 0.5 
n 305 0 0.279354 0.476361 0.5 
n 306 0 0.368846 0.534874 0.5 
n 307 0 0.174236 0.407632 0.5 
n 308 0 0.136704 0.383092 0.5 
n 309 0 0.330642 0.509895 0.5 
n 310 0 0.198835 0.423715 0.5 
n 311 0 0.100431 0.359375 0.5 
n 312 0 0.324014 0.505561 0.5 
n 313 0 0.169217 0.40435 0.5 
n 314 0 0.0913065 0.851671 0.5 
n 315 0 0.0710377 0.85579 0.5 
n 316 0 0.175593 0.83454 0.5 
n 317 0 -0.0187886 0.874047 0.5 
n 318 0 0.0129187 0.867603 0.5 
n 319 0 -0.131337 0.896922 0.5 
n 320 0 0.102418 0.849412 0.5 
n 321 0 0.160837 0.837539 0.5 
n 322 0 0.015573 0.867063 0.5 
n 323 0 0.268406 0.815676 0.5 
n 324 0 -0.117429 0.894095 0.5 
n 325 0 -0.193008 0.909456 0.5 
n 326 0 -0.121437 0.89491 0.5 
n 327 0 0.09773 0.546407 0.5 
n 328 0 0.148941 0.463309 0.5 
n 329 0 0.250932 0.297814 0.5 
n 330 0 0.141506 0.475374 0.5 
n 331 0 0.213283 0.358906 0.5 
n 332 0 0.169263 0.430334 0.5 
n 333 0 0.300188 0.21789 0.5 
n 334 0 0.303496 0.212522 0.5 
n 335 0 0.166386 0.435003 0.5 
n 336 0 0.213859 0.35797 0.5 
n 337 0 0.206064 0.370619 0.5 
n 338 0 1.00609 0.784814 0.5 
n 339 0 0.882645 0.793299 0.5 
n 340 0 0.693257 0.806316 0.5 
n 341 0 1.0528 0.781604 0.5 
n 342 0 0.997574 0.785399 0.5 
n 343 0 1.0661 0.78069 0.5 
n 344 0 0.829188 0.796973 0.5 
n 345 0 0.734121 0.803507 0.5 
n 346 0 1.12161 0.776875 0.5 
n 347 0 1.06324 0.780886 0.5 
n 348 0 1.02874 0.783257 0.5 
n 349 0 0.838352 0.796343 0.5 
n 350 0 1.01373 0.784289 0.5 
n 351 0 0.702668 0.805669 0.5 
n 352 0 0.658268 0.808721 0.5 
n 353 0 0.832366 0.796755 0.5 
n 354 0 0.770152 0.801031 0.5 
n 355 0 0.80762 0.798455 0.5 
n 356 0 0.491095 0.0556789 0.5 
n 357 0 0.458206 0.10523 0.5 
n 358 0 0.527042 0.00151968 0.5 
n 359 0 0.43207 0.144608 0.5 
n 360 0 0.354015 0.262209 0.5 
n 361 0 0.382732 0.218943 0.5 
n 362 0 0.36845 0.240459 0.5 
n 363 0 0.460611 0.101607 0.5 
n 364 0 0.399729 0.193334 0.5 
n 365 0 0.0748507 0.859957 0.5 
n 366 0 0.199153 0.797364 0.5 
n 367 0 0.472472 0.659732 0.5 
n 368 0 0.103437 0.845563 0.5 
n 369 0 0.363162 0.714776 0.5 
n 370 0 0.141575 0.826358 0.5 
n 371 0 0.230825 0.781416 0.5 
n 372 0 0.260983 0.766229 0.5 
n 373 0 0.340276 0.726301 0.5 
n 374 0 0.179995 0.974862 0.5 
n 375 0 -0.0804947 0.690192 0.5 
n 376 0 0.0830913 0.868963 0.5 
n 377 0 0.124853 0.914602 0.5 
n 378 0 0.0300427 0.81099 0.5 
n 379 0 0.00498679 0.783608 0.5 
n 380 0 0.0405404 0.822462 0.5 
n 381 0 0.0940727 0.880964 0.5 
n 382 0 -0.031652 0.743568 0.5 
n 383 0 -0.073723 0.697592 0.5 
n 384 0 -0.0610456 0.711446 0.5 
n 385 0 0.0139339 0.793386 0.5 
n 386 0 0.477317 0.834428 0.5 
n 387 0 0.553055 0.798655 0.5 
n 388 0 0.294535 0.920762 0.5 
n 389 0 0.299867 0.918243 0.5 
n 390 0 0.55944 0.795639 0.5 
n 391 0 0.353254 0.893027 0.5 
n 392 0 0.398148 0.871822 0.5 
n 393 0 0.393556 0.873991 0.5 
n 394 0 0.982946 0.512733 0.5 
n 395 0 0.899892 0.43254 0.5 
n 396 0 0.846124 0.380624 0.5 
n 397 0 0.813844 0.349457 0.5 
n 398 0 0.777054 0.313934 0.5 
n 399 0 0.86951 0.403205 0.5 
n 400 0 0.855248 0.389434 0.5 
n 401 0 0.710849 0.25001 0.5 
n 402 0 0.666277 0.206973 0.5 
n 403 0 0.90677 0.439181 0.5 
n 404 0 0.864854 0.39871 0.5 
n 405 0 0.879933 0.413269 0.5 
n 406 0 0.827617 0.362755 0.5 
n 407 0 0.923681 0.45551 0.5 
n 408 0 0.436635 0.965809 0.5 
n 409 0 0.496723 0.937445 0.5 
n 410 0 0.604147 0.886737 0.5 
n 411 0 0.406398 0.980082 0.5 
n 412 0 0.402609 0.981871 0.5 
n 413 0 0.4343 0.966911 0.5 
n 414 0 0.488461 0.941346 0.5 
n 415 0 0.496064 0.937756 0.5 
n 416 0 1.04154 0.348829 0.5 
n 417 0 1.00516 0.45059 0.5 
n 418 0 1.03659 0.36267 0.5 
n 419 0 1.0432 0.344186 0.5 
n 420 0 1.00717 0.444971 0.5 
n 421 0 0.934306 0.648791 0.5 
n 422 0 0.900479 0.743412 0.5 
n 423 0 0.919027 0.691531 0.5 
n 424 0 1.02632 0.391401 0.5 
n 425 0 0.900222 0.744132 0.5 
n 426 0 0.969134 0.551368 0.5 
n 427 0 1.00624 0.447574 0.5 
n 428 0 1.03749 0.360155 0.5 
n 429 0 1.01889 0.412176 0.5 
n 430 0 0.936026 0.643979 0.5 
n 431 0 0.808115 0.104823 0.5 
n 432 0 0.931267 0.190548 0.5 
n 433 0 0.891956 0.163184 0.5 
n 434 0 0.958915 0.209794 0.5 
n 435 0 0.927021 0.187593 0.5 
n 436 0 0.874558 0.151073 0.5 
n 437 0 0.69975 0.0293908 0.5 
n 438 0 0.956051 0.2078 0.5 
n 439 0 0.700351 0.0298091 0.5 
n 440 0 0.568221 0.540855 0.5 
n 441 0 0.552451 0.591784 0.5 
n 442 0 0.510898 0.725977 0.5 
n 443 0 0.448556 0.92731 0.5 
n 444 0 0.435855 0.968328 0.5 
n 445 0 0.545191 0.615229 0.5 
n 446 0 0.452728 0.913838 0.5 
n 447 0 0.507764 0.736099 0.5 
n 448 0 0.453517 0.911289 0.5 
n 449 0 0.501025 0.757861 0.5 
n 450 0 0.0721665 0.456518 0.5 
n 451 0 0.0406955 0.345856 0.5 
n 452 0 0.0146537 0.254285 0.5 
n 453 0 -0.00403281 0.188577 0.5 
n 454 0 0.0530753 0.389387 0.5 
n 455 0 -0.00431669 0.187579 0.5 
n 456 0 0.112143 0.597089 0.5 
n 457 0 0.0189963 0.269554 0.5 
n 458 0 0.0447366 0.360065 0.5 
n 459 0 -0.00859042 0.172551 0.5 
n 460 0 0.166536 0.84883 0.5 
n 461 0 -0.0373549 0.898022 0.5 
n 462 0 -0.000211686 0.889061 0.5 
n 463 0 0.098212 0.865315 0.5 
n 464 0 0.331783 0.808962 0.5 
n 465 0 0.176251 0.846487 0.5 
n 466 0 0.0159755 0.885156 0.5 
n 467 0 0.275845 0.822458 0.5 
n 468 0 0.320142 0.811771 0.5 
n 469 0 0.30097 0.816396 0.5 
n 470 0 0.539856 0.0151887 0.5 
n 471 0 0.532621 0.0211969 0.5 
n 472 0 0.448639 0.0909327 0.5 
n 473 0 0.81628 0.583783 0.5 
n 474 0 0.576098 0.83838 0.5 
n 475 0 0.766027 0.637051 0.5 
n 476 0 0.707842 0.698729 0.5 
n 477 0 0.807557 0.593029 0.5 
n 478 0 0.666196 0.742874 0.5 
n 479 0 0.780668 0.621532 0.5 
n 480 0 0.804756 0.595998 0.5 
n 481 0 0.84059 0.558013 0.5 
n 482 0 0.755662 0.648039 0.5 
n 483 0 0.722692 0.682987 0.5 
n 484 0 0.673898 0.73471 0.5 
n 485 0 0.256914 0.706223 0.5 
n 486 0 0.427959 0.615363 0.5 
n 487 0 0.442313 0.607738 0.5 
n 488 0 0.587932 0.530384 0.5 
n 489 0 0.184094 0.744906 0.5 
n 490 0 0.389472 0.635807 0.5 
n 491 0 0.571996 0.53885 0.5 
n 492 0 0.590181 0.52919 0.5 
n 493 0 0.188316 0.742663 0.5 
n 494 0 0.231137 0.719916 0.5 
n 495 0 0.170235 0.842995 0.5 
n 496 0 0.217157 0.768956 0.5 
n 497 0 0.232689 0.744448 0.5 
n 498 0 0.247625 0.720881 0.5 
n 499 0 0.13918 0.670058 0.5 
n 500 0 0.444877 0.612159 0.5 
n 501 0 0.171306 0.663973 0.5 
n 502 0 0.404092 0.619883 0.5 
n 503 0 0.305177 0.638618 0.5 
n 504 0 0.150423 0.667928 0.5 
n 505 0 0.39415 0.621766 0.5 
n 506 0 0.555885 0.591133 0.5 
n 507 0 0.265531 0.646127 0.5 
n 508 0 0.113921 0.674842 0.5 
n 509 0 0.774697 0.659002 0.5 
n 510 0 0.721852 0.75459 0.5 
n 511 0 0.810462 0.594307 0.5 
n 512 0 0.728251 0.743016 0.5 
n 513 0 0.792295 0.627169 0.5 
n 514 0 0.808019 0.598726 0.5 
n 515 0 0.918133 0.399544 0.5 
n 516 0 0.854466 0.514709 0.5 
n 517 0 0.711243 0.77378 0.5 
n 518 0 0.767775 0.671523 0.5 
n 519 0 0.874927 0.477698 0.5 
n 520 0 0.744811 0.71306 0.5 
n 521 0 0.737556 0.726185 0.5 
n 522 0 0.780147 0.649143 0.5 
n 523 0 0.881681 0.465482 0.5 
n 524 0 0.00894691 0.450925 0.5 
n 525 0 0.139467 0.462471 0.5 
n 526 0 0.203276 0.468116 0.5 
n 527 0 0.278457 0.474767 0.5 
n 528 0 0.382398 0.483962 0.5 
n 529 0 0.00630962 0.450691 0.5 
n 530 0 0.373769 0.483199 0.5 
n 531 0 0.0979712 0.4588 0.5 
n 532 0 -0.0540078 0.445355 0.5 
n 533 0 0.351436 0.481223 0.5 
n 534 0 1.02875 0.353816 0.5 
n 535 0 0.95522 0.270837 0.5 
n 536 0 0.885783 0.192474 0.5 
n 537 0 0.962469 0.279017 0.5 
n 538 0 0.920581 0.231745 0.5 
n 539 0 0.892701 0.200282 0.5 
n 540 0 0.965338 0.282255 0.5 
n 541 0 0.981743 0.300769 0.5 
n 542 0 1.0344 0.360193 0.5 
n 543 0 0.722039 0.00768272 0.5 
n 544 0 1.0619 0.769855 0.5 
n 545 0 1.05642 0.776928 0.5 
n 546 0 1.04257 0.794814 0.5 
n 547 0 1.01476 0.830719 0.5 
n 548 0 1.12656 0.68636 0.5 
n 549 0 0.915798 0.958517 0.5 
n 550 0 1.10623 0.712609 0.5 
n 551 0 0.920695 0.952193 0.5 
n 552 0 0.618228 0.911011 0.5 
n 553 0 0.853972 0.859723 0.5 
n 554 0 0.753691 0.88154 0.5 
n 555 0 0.731734 0.886317 0.5 
n 556 0 0.863746 0.857597 0.5 
n 557 0 0.486331 0.939706 0.5 
n 558 0 0.794491 0.872664 0.5 
n 559 0 0.85286 0.859965 0.5 
n 560 0 0.495865 0.937632 0.5 
n 561 0 0.436093 0.597014 0.5 
n 562 0 0.420001 0.569273 0.5 
n 563 0 0.41469 0.560117 0.5 
n 564 0 0.554623 0.801359 0.5 
n 565 0 0.586392 0.856127 0.5 
n 566 0 0.517085 0.736644 0.5 
n 567 0 0.527347 0.754336 0.5 
n 568 0 -0.0119373 0.380923 0.5 
n 569 0 0.195413 0.242774 0.5 
n 570 0 0.113388 0.297423 0.5 
n 571 0 0.160893 0.265773 0.5 
n 572 0 0.2129 0.231123 0.5 
n 573 0 -0.0345399 0.395982 0.5 
n 574 0 0.270031 0.193059 0.5 
n 575 0 0.247615 0.207994 0.5 
n 576 0 -0.0350236 0.396304 0.5 
n 577 0 0.169203 0.260236 0.5 
n 578 0 0.0188875 0.360385 0.5 
n 579 0 0.904852 0.102006 0.5 
n 580 0 0.958256 0.281014 0.5 
n 581 0 0.940205 0.220508 0.5 
n 582 0 0.932475 0.194596 0.5 
n 583 0 0.99196 0.393987 0.5 
n 584 0 1.0061 0.441392 0.5 
n 585 0 0.960137 0.287318 0.5 
n 586 0 0.967668 0.312562 0.5 
n 587 0 0.982072 0.360841 0.5 
n 588 0 0.940916 0.222889 0.5 
n 589 0 0.999958 0.420795 0.5 
n 590 0 0.839687 0.823555 0.5 
n 591 0 0.744894 0.846462 0.5 
n 592 0 1.12767 0.753962 0.5 
n 593 0 1.04943 0.772869 0.5 
n 594 0 1.02374 0.779076 0.5 
n 595 0 0.792632 0.834926 0.5 
n 596 0 1.01367 0.78151 0.5 
n 597 0 0.845468 0.822158 0.5 
n 598 0 0.7825 0.837374 0.5 
n 599 0 0.828134 0.826346 0.5 
n 600 0 0.857005 0.329001 0.5 
n 601 0 0.871592 0.259798 0.5 
n 602 0 0.895377 0.146955 0.5 
n 603 0 0.840911 0.405357 0.5 
n 604 0 0.887252 0.185503 0.5 
n 605 0 0.841432 0.402884 0.5 
n 606 0 0.849949 0.362478 0.5 
n 607 0 0.55352 0.513097 0.5 
n 608 0 0.531411 0.501991 0.5 
n 609 0 0.576391 0.524586 0.5 
n 610 0 0.457908 0.465067 0.5 
n 611 0 0.39574 0.433838 0.5 
n 612 0 0.668763 0.570988 0.5 
n 613 0 0.728174 0.600833 0.5 
n 614 0 0.641346 0.557216 0.5 
n 615 0 0.732413 0.602962 0.5 
n 616 0 0.303272 0.387388 0.5 
n 617 0 0.669325 0.571271 0.5 
n 618 0 0.401543 0.436753 0.5 
n 619 0 0.720798 0.393555 0.5 
n 620 0 0.711636 0.397897 0.5 
n 621 0 0.927791 0.295452 0.5 
n 622 0 0.97454 0.273296 0.5 
n 623 0 0.697346 0.40467 0.5 
n 624 0 0.803768 0.354232 0.5 
n 625 0 1.06661 0.229662 0.5 
n 626 0 0.724957 0.391584 0.5 
n 627 0 1.06526 0.78206 0.5 
n 628 0 1.05242 0.803049 0.5 
n 629 0 1.01549 0.863398 0.5 
n 630 0 0.934774 0.995309 0.5 
n 631 0 0.942782 0.982223 0.5 
n 632 0 0.736251 0.561659 0.5 
n 633 0 0.807951 0.7432 0.5 
n 634 0 0.75498 0.60908 0.5 
n 635 0 0.72273 0.527423 0.5 
n 636 0 0.831293 0.802301 0.5 
n 637 0 0.72017 0.520941 0.5 
n 638 0 0.712611 0.501803 0.5 
n 639 0 0.778702 0.669142 0.5 
n 640 0 0.797547 0.716858 0.5 
n 641 0 0.716571 0.51183 0.5 
n 642 0 0.818434 0.769744 0.5 
n 643 0 0.729272 0.543988 0.5 
n 644 0 0.855466 0.863508 0.5 
n 645 0 0.770924 0.649449 0.5 
n 646 0 0.718944 0.742995 0.5 
n 647 0 0.750845 0.87019 0.5 
n 648 0 0.724728 0.766057 0.5 
n 649 0 0.724476 0.765052 0.5 
n 650 0 0.71547 0.729142 0.5 
n 651 0 0.794149 0.58713 0.5 
n 652 0 1.01147 0.682739 0.5 
n 653 0 0.696368 0.544113 0.5 
n 654 0 0.720961 0.554933 0.5 
n 655 0 0.818427 0.597811 0.5 
n 656 0 0.914176 0.639935 0.5 
n 657 0 1.03482 0.693009 0.5 
n 658 0 0.677108 0.53564 0.5 
n 659 0 0.712959 0.551412 0.5 
n 660 0 0.924256 0.644369 0.5 
n 661 0 0.0877369 0.136026 0.5 
n 662 0 0.0881234 0.13641 0.5 
n 663 0 0.207683 0.254938 0.5 
n 664 0 0.15256 0.200291 0.5 
n 665 0 0.129245 0.177177 0.5 
n 666 0 0.331412 0.3776 0.5 
n 667 0 0.310405 0.356774 0.5 
n 668 0 0.0578083 0.106356 0.5 
n 669 0 0.267573 0.314312 0.5 
n 670 0 0.17931 0.714631 0.5 
n 671 0 0.163888 0.617026 0.5 
n 672 0 0.127039 0.383819 0.5 
n 673 0 0.163323 0.613451 0.5 
n 674 0 0.163325 0.613464 0.5 
n 675 0 0.182969 0.737789 0.5 
n 676 0 0.136755 0.44531 0.5 
n 677 0 0.123133 0.359094 0.5 
n 678 0 0.179669 0.716905 0.5 
n 679 0 0.166938 0.636329 0.5 
n 680 0 0.135203 0.435487 0.5 
n 681 0 1.08787 0.135952 0.5 
n 682 0 0.948814 0.215578 0.5 
n 683 0 0.997459 0.187722 0.5 
n 684 0 0.90714 0.239442 0.5 
n 685 0 0.737106 0.336809 0.5 
n 686 0 1.06898 0.146765 0.5 
n 687 0 0.947487 0.216338 0.5 
n 688 0 0.712816 0.39926 0.5 
n 689 0 0.391867 0.628619 0.5 
n 690 0 0.587388 0.488894 0.5 
n 691 0 0.55492 0.512096 0.5 
n 692 0 0.688197 0.416853 0.5 
n 693 0 0.609841 0.472848 0.5 
n 694 0 0.698144 0.409745 0.5 
n 695 0 0.783307 0.348884 0.5 
n 696 0 0.724113 0.391186 0.5 
n 697 0 0.640677 0.315952 0.5 
n 698 0 0.46127 0.108769 0.5 
n 699 0 0.725611 0.414036 0.5 
n 700 0 0.77335 0.469166 0.5 
n 701 0 0.692877 0.376234 0.5 
n 702 0 0.635814 0.310336 0.5 
n 703 0 0.595908 0.264251 0.5 
n 704 0 0.693205 0.376612 0.5 
n 705 0 0.474906 0.124515 0.5 
n 706 0 0.537108 0.196348 0.5 
n 707 0 0.13023 0.744271 0.5 
n 708 0 0.409533 0.575595 0.5 
n 709 0 0.532597 0.501275 0.5 
n 710 0 0.348137 0.612673 0.5 
n 711 0 0.283324 0.651815 0.5 
n 712 0 0.166231 0.72253 0.5 
n 713 0 0.175908 0.716685 0.5 
n 714 0 0.112917 0.809723 0.5 
n 715 0 0.164716 0.613896 0.5 
n 716 0 0.165125 0.61235 0.5 
n 717 0 0.141858 0.70031 0.5 
n 718 0 0.138111 0.714474 0.5 
n 719 0 0.15871 0.636602 0.5 
n 720 0 0.296102 0.916058 0.5 
n 721 0 0.315302 0.858428 0.5 
n 722 0 0.328662 0.818329 0.5 
n 723 0 0.358959 0.727394 0.5 
n 724 0 0.324441 0.830997 0.5 
n 725 0 0.341699 0.779198 0.5 
n 726 0 0.999074 0.743639 0.5 
n 727 0 0.981307 0.743598 0.5 
n 728 0 0.603995 0.742731 0.5 
n 729 0 0.901073 0.743414 0.5 
n 730 0 1.01283 0.743671 0.5 
n 731 0 0.737548 0.743038 0.5 
n 732 0 0.757784 0.743084 0.5 
n 733 0 0.80474 0.743192 0.5 
n 734 0 0.766909 0.743105 0.5 
n 735 0 0.613833 0.742754 0.5 
n 736 0 0.576949 0.522775 0.5 
n 737 0 0.595876 0.461349 0.5 
n 738 0 0.641916 0.311931 0.5 
n 739 0 0.549208 0.612806 0.5 
n 740 0 0.65368 0.273749 0.5 
n 741 0 0.63102 0.347291 0.5 
n 742 0 0.404865 0.979192 0.5 
n 743 0 0.013007 0.751727 0.5 
n 744 0 0.192861 0.322603 0.5 
n 745 0 0.122697 0.197871 0.5 
n 746 0 0.116883 0.187535 0.5 
n 747 0 0.241409 0.408906 0.5 
n 748 0 0.137738 0.22461 0.5 
n 749 0 0.212764 0.357984 0.5 
n 750 0 0.0663996 0.0977911 0.5 
n 751 0 0.215178 0.362276 0.5 
n 752 0 0.538604 0.0138531 0.5 
n 753 0 0.708062 0.194616 0.5 
n 754 0 0.62532 0.106354 0.5 
n 755 0 0.343385 0.253456 0.5 
n 756 0 0.3722 0.218089 0.5 
n 757 0 0.356515 0.23734 0.5 
n 758 0 0.464373 0.104961 0.5 
n 759 0 0.370773 0.219841 0.5 
n 760 0 0.395483 0.434805 0.5 
n 761 0 0.671303 0.568515 0.5 
n 762 0 0.727367 0.595693 0.5 
n 763 0 0.799997 0.630903 0.5 
n 764 0 0.644308 0.555429 0.5 
n 765 0 0.729097 0.596532 0.5 
n 766 0 0.673276 0.569472 0.5 
n 767 0 0.400821 0.437393 0.5 
n 768 0 0.425712 0.321242 0.5 
n 769 0 0.451459 0.224512 0.5 
n 770 0 0.442091 0.259706 0.5 
n 771 0 0.384344 0.476653 0.5 
n 772 0 0.418802 0.347202 0.5 
n 773 0 0.39293 0.444397 0.5 
n 774 0 0.940892 0.709811 0.5 
n 775 0 1.01342 0.770448 0.5 
n 776 0 0.71777 0.523277 0.5 
n 777 0 0.715716 0.521559 0.5 
n 778 0 0.814773 0.604372 0.5 
n 779 0 0.882388 0.6609 0.5 
n 780 0 0.969304 0.733563 0.5 
n 781 0 0.709315 0.516208 0.5 
n 782 0 0.737866 0.540077 0.5 
n 783 0 0.864964 0.646333 0.5 
n 784 0 0.228693 0.159023 0.5 
n 785 0 0.218483 0.205633 0.5 
n 786 0 0.168394 0.434304 0.5 
n 787 0 0.185036 0.358327 0.5 
n 788 0 0.176394 0.39778 0.5 
n 789 0 0.852951 0.0924721 0.5 
n 790 0 0.948567 0.215262 0.5 
n 791 0 0.964874 0.396026 0.5 
n 792 0 0.838723 0.405522 0.5 
n 793 0 0.699131 0.41603 0.5 
n 794 0 0.858501 0.404033 0.5 
n 795 0 0.900479 0.400873 0.5 
n 796 0 0.766109 0.410988 0.5 
n 797 0 0.423499 0.957064 0.5 
n 798 0 0.45708 0.917188 0.5 
n 799 0 0.459115 0.914772 0.5 
n 800 0 0.602723 0.744241 0.5 
n 801 0 0.292596 0.211639 0.5 
n 802 0 0.445824 0.337802 0.5 
n 803 0 0.48069 0.366509 0.5 
n 804 0 0.338471 0.249411 0.5 
n 805 0 0.834033 0.799988 0.5 
n 806 0 0.784111 0.842116 0.5 
n 807 0 0.818431 0.813154 0.5 
n 808 0 0.106148 0.19653 0.5 
n 809 0 0.113461 0.197123 0.5 
n 810 0 -0.0222101 0.186129 0.5 
n 811 0 0.372647 0.218126 0.5 
n 812 0 0.00883183 0.56406 0.5 
n 813 0 -0.13684 0.517488 0.5 
n 814 0 0.163338 0.613456 0.5 
n 815 0 -0.181282 0.50328 0.5 
n 816 0 0.228505 0.63429 0.5 
n 817 0 0.0120147 0.707125 0.5 
n 818 0 0.010555 0.641511 0.5 
n 819 0 0.934128 0.312639 0.5 
n 820 0 0.942023 0.33405 0.5 
n 821 0 0.954618 0.36821 0.5 
n 822 0 0.952038 0.361214 0.5 
n 823 0 0.977735 0.430909 0.5 
n 824 0 0.716223 0.524783 0.5 
n 825 0 0.75064 0.491276 0.5 
n 826 0 0.883361 0.362064 0.5 
n 827 0 0.667725 0.571999 0.5 
n 828 0 0.811247 0.432271 0.5 
n 829 0 0.714925 0.331012 0.5 
n 830 0 0.699799 0.0303718 0.5 
n 831 0 0.684522 0.323066 0.5 
n 832 0 0.714393 0.513144 0.5 
n 833 0 0.726798 0.592075 0.5 
n 834 0 0.71991 0.548248 0.5 
n 835 0 0.692915 0.376476 0.5 
n 836 0 0.564872 0.291795 0.5 
n 837 0 0.449217 0.261568 0.5 
n 838 0 0.352736 0.236352 0.5 
n 839 0 0.468292 0.266554 0.5 
n 840 0 0.725759 0.764206 0.5 
n 841 0 0.772391 0.680473 0.5 
n 842 0 0.888847 0.471363 0.5 
n 843 0 0.750179 0.720358 0.5 
n 844 0 0.74769 0.724828 0.5 
n 845 0 0.790021 0.648816 0.5 
n 846 0 0.889951 0.469381 0.5 
n 847 0 0.792779 0.720003 0.5 
n 848 0 0.751803 0.747029 0.5 
n 849 0 0.763918 0.739038 0.5 
n 850 0 0.906564 0.644955 0.5 
n 851 0 0.292593 0.533447 0.5 
n 852 0 0.124093 0.637749 0.5 
n 853 0 1.11005 0.193261 0.5 
n 854 0 0.908968 0.361747 0.5 
n 855 0 0.81992 0.43636 0.5 
n 856 0 0.158717 0.71568 0.5 
n 857 0 0.832123 0.442114 0.5 
n 858 0 0.893386 0.915064 0.5 
n 859 0 0.792194 0.718868 0.5 
n 860 0 0.556355 0.299354 0.5 
n 861 0 0.540817 0.304759 0.5 
n 862 0 0.116946 0.4522 0.5 
n 863 0 0.0447723 0.119352 0.5 
n 864 0 0.219964 0.357895 0.5 
n 865 0 0.432158 0.898003 0.5 
n 866 0 0.619522 0.243293 0.5 
n 867 0 0.550988 0.182188 0.5 
n 868 0 0.891548 0.470134 0.5 
n 869 0 0.546987 0.307668 0.5 
n 870 0 0.752948 0.724123 0.5 
n 871 0 0.465605 0.269295 0.5 
